TITLE="2RS_E_WD070.dat"
VARIABLES= "Density" "Radius" "Height" "0.1053" "0.356" "0.6617" "0.7889" "1.1732" "1.3325" "1.408" "2" "3" 
ZONE T="3D Data" I=11 J=15 K=3 F=POINT
0.00000000e+000 3.50000000e+001 0.00000000e+000 2.40678059e-004 1.62897861e-004 1.03899586e-004 9.18888447e-005 7.05873963e-005 6.48775354e-005 6.25394025e-005 4.81250227e-005 3.41797403e-005 
0.00000000e+000 3.48214286e+001 0.00000000e+000 2.39533160e-004 1.62108826e-004 1.03407064e-004 9.14569341e-005 7.02628591e-005 6.45814674e-005 6.22549077e-005 4.79098972e-005 3.40284740e-005 
0.00000000e+000 3.42857143e+001 0.00000000e+000 2.35663892e-004 1.59586718e-004 1.01838711e-004 9.00815702e-005 6.92289881e-005 6.36381358e-005 6.13483875e-005 4.72241517e-005 3.35461508e-005 
0.00000000e+000 3.33928571e+001 0.00000000e+000 2.30084770e-004 1.55861035e-004 9.95136924e-005 8.80422498e-005 6.76977523e-005 6.22419151e-005 6.00070525e-005 4.62112997e-005 3.28346016e-005 
0.00000000e+000 3.21428571e+001 0.00000000e+000 2.22994581e-004 1.51171892e-004 9.66021878e-005 8.54944036e-005 6.57964183e-005 6.05117707e-005 5.83463518e-005 4.49632169e-005 3.19605562e-005 
0.00000000e+000 3.05357143e+001 0.00000000e+000 2.15248928e-004 1.46071883e-004 9.34552953e-005 8.27494084e-005 6.37676014e-005 5.86717378e-005 5.65826397e-005 4.36476783e-005 3.10432415e-005 
0.00000000e+000 2.85714286e+001 0.00000000e+000 2.07498115e-004 1.40910017e-004 9.03219219e-005 8.00384906e-005 6.18068569e-005 5.69056032e-005 5.48945504e-005 4.24072265e-005 3.01855437e-005 
0.00000000e+000 2.62500000e+001 0.00000000e+000 2.02226202e-004 1.37472049e-004 8.83635411e-005 7.83935954e-005 6.07036241e-005 5.59348771e-005 5.39756220e-005 4.17654564e-005 2.97552750e-005 
0.00000000e+000 2.35714286e+001 0.00000000e+000 2.01911153e-004 1.37299202e-004 8.85915113e-005 7.86941328e-005 6.10810600e-005 5.63145958e-005 5.43537101e-005 4.20994273e-005 3.00102127e-005 
0.00000000e+000 2.05357143e+001 0.00000000e+000 2.11424175e-004 1.43490832e-004 9.25557725e-005 8.21864357e-005 6.37173586e-005 5.87209080e-005 5.66663847e-005 4.38522717e-005 3.12585772e-005 
0.00000000e+000 1.71428571e+001 0.00000000e+000 2.26005255e-004 1.53439235e-004 9.87796724e-005 8.76323384e-005 6.77894936e-005 6.24325767e-005 6.02321210e-005 4.65522982e-005 3.31823227e-005 
0.00000000e+000 1.33928571e+001 0.00000000e+000 2.41936859e-004 1.64032644e-004 1.05502689e-004 9.35723556e-005 7.23402241e-005 6.66083776e-005 6.42541235e-005 4.96320695e-005 3.53789599e-005 
0.00000000e+000 9.28571429e+000 0.00000000e+000 2.58922229e-004 1.75203735e-004 1.12903217e-004 1.00185790e-004 7.74757877e-005 7.13255816e-005 6.87978432e-005 5.30994140e-005 3.78299550e-005 
0.00000000e+000 4.82142857e+000 0.00000000e+000 2.76563062e-004 1.86935912e-004 1.20304001e-004 1.06680235e-004 8.23383085e-005 7.57524180e-005 7.30477228e-005 5.62998679e-005 4.00962868e-005 
0.00000000e+000 0.00000000e+000 0.00000000e+000 2.78258637e-004 1.87863981e-004 1.21011288e-004 1.07336358e-004 8.28894978e-005 7.62708387e-005 7.35521032e-005 5.67087363e-005 4.04044242e-005 
2.50000000e-001 3.50000000e+001 0.00000000e+000 1.81502378e-004 1.31343878e-004 8.67791101e-005 7.74923174e-005 6.07840189e-005 5.62248845e-005 5.43457246e-005 4.25150864e-005 3.07214133e-005 
2.50000000e-001 3.48214286e+001 0.00000000e+000 1.76432945e-004 1.28982713e-004 8.55266360e-005 7.64400673e-005 6.00624947e-005 5.55847869e-005 5.37379348e-005 4.20883039e-005 3.04451861e-005 
2.50000000e-001 3.42857143e+001 0.00000000e+000 1.64898044e-004 1.23278804e-004 8.24025628e-005 7.37906123e-005 5.82071259e-005 5.39278851e-005 5.21601980e-005 4.09607427e-005 2.97010334e-005 
2.50000000e-001 3.33928571e+001 0.00000000e+000 1.50251928e-004 1.15696515e-004 7.81637994e-005 7.01773725e-005 5.56513594e-005 5.16391195e-005 4.99782644e-005 3.93907940e-005 2.86576907e-005 
2.50000000e-001 3.21428571e+001 0.00000000e+000 1.34201231e-004 1.07060214e-004 7.32620841e-005 6.59849041e-005 5.26675078e-005 4.89626405e-005 4.74250179e-005 3.75465023e-005 2.74267030e-005 
2.50000000e-001 3.05357143e+001 0.00000000e+000 1.17948055e-004 9.80285800e-005 6.80933333e-005 6.15588703e-005 4.95159946e-005 4.61367080e-005 4.47296974e-005 3.56022302e-005 2.61301522e-005 
2.50000000e-001 2.85714286e+001 0.00000000e+000 1.02627510e-004 8.92643072e-005 6.30590308e-005 5.72533953e-005 4.64682656e-005 4.34102792e-005 4.21319838e-005 3.37401720e-005 2.48948344e-005 
2.50000000e-001 2.62500000e+001 0.00000000e+000 8.94032318e-005 8.18537976e-005 5.89430885e-005 5.37827668e-005 4.40997811e-005 4.13174492e-005 4.01486087e-005 3.23659314e-005 2.40172199e-005 
2.50000000e-001 2.35714286e+001 0.00000000e+000 7.89273352e-005 7.65857238e-005 5.63637617e-005 5.17045708e-005 4.28351116e-005 4.02444020e-005 3.91500995e-005 3.17584336e-005 2.36982136e-005 
2.50000000e-001 2.05357143e+001 0.00000000e+000 7.22832869e-005 7.47607931e-005 5.60885356e-005 5.16601953e-005 4.31103732e-005 4.05806810e-005 3.95082028e-005 3.21963065e-005 2.41481151e-005 
2.50000000e-001 1.71428571e+001 0.00000000e+000 6.73362828e-005 7.46585593e-005 5.70415408e-005 5.27255038e-005 4.42790358e-005 4.17510213e-005 4.06758520e-005 3.32865791e-005 2.50923153e-005 
2.50000000e-001 1.33928571e+001 0.00000000e+000 6.36100203e-005 7.51351457e-005 5.84000460e-005 5.41823598e-005 4.58194786e-005 4.32829044e-005 4.21996702e-005 3.46795849e-005 2.62604027e-005 
2.50000000e-001 9.28571429e+000 0.00000000e+000 6.13436274e-005 7.63866076e-005 6.03817649e-005 5.62322296e-005 4.78620958e-005 4.52815536e-005 4.41745027e-005 3.64157005e-005 2.76601865e-005 
2.50000000e-001 4.82142857e+000 0.00000000e+000 6.10302489e-005 7.88459853e-005 6.28743973e-005 5.86422447e-005 5.00236857e-005 4.73490347e-005 4.62001198e-005 3.81313378e-005 2.90237113e-005 
2.50000000e-001 0.00000000e+000 0.00000000e+000 5.97950433e-005 7.82628993e-005 6.27015945e-005 5.85447720e-005 5.00449769e-005 4.73962253e-005 4.62569749e-005 3.82291722e-005 2.91367559e-005 
5.00000000e-001 3.50000000e+001 0.00000000e+000 1.70668927e-004 1.21177886e-004 7.97978190e-005 7.12621312e-005 5.59876890e-005 5.18357315e-005 5.01258127e-005 3.93528752e-005 2.85860255e-005 
5.00000000e-001 3.48214286e+001 0.00000000e+000 1.62341692e-004 1.17431083e-004 7.78584637e-005 6.96455112e-005 5.48999918e-005 5.08769971e-005 4.92180686e-005 3.87276507e-005 2.81913728e-005 
5.00000000e-001 3.42857143e+001 0.00000000e+000 1.44993705e-004 1.09083876e-004 7.33876695e-005 6.58815719e-005 5.23104378e-005 4.85783369e-005 4.70350687e-005 3.71954127e-005 2.72036264e-005 
5.00000000e-001 3.33928571e+001 0.00000000e+000 1.24372308e-004 9.85380425e-005 6.75852439e-005 6.09624987e-005 4.88777155e-005 4.55186421e-005 4.41243248e-005 3.51316249e-005 2.58596849e-005 
5.00000000e-001 3.21428571e+001 0.00000000e+000 1.03304771e-004 8.71142640e-005 6.11504359e-005 5.54760838e-005 4.50052808e-005 4.20558903e-005 4.08257514e-005 3.27746811e-005 2.43129655e-005 
5.00000000e-001 3.05357143e+001 0.00000000e+000 8.34117505e-005 7.56540611e-005 5.45626701e-005 4.98340489e-005 4.09918031e-005 3.84602139e-005 3.73980135e-005 3.03160157e-005 2.26941938e-005 
5.00000000e-001 2.85714286e+001 0.00000000e+000 6.58571825e-005 6.49175162e-005 4.82862893e-005 4.44442574e-005 3.71460620e-005 3.50137738e-005 3.41123589e-005 2.79602255e-005 2.11449132e-005 
5.00000000e-001 2.62500000e+001 0.00000000e+000 5.12899671e-005 5.56668802e-005 4.29024151e-005 3.98433176e-005 3.39135660e-005 3.21341076e-005 3.13744587e-005 2.60342440e-005 1.99109759e-005 
5.00000000e-001 2.35714286e+001 0.00000000e+000 3.96622605e-005 4.82418411e-005 3.87609632e-005 3.63629269e-005 3.15715041e-005 3.00800107e-005 2.94353221e-005 2.47392890e-005 1.91462889e-005 
5.00000000e-001 2.05357143e+001 0.00000000e+000 3.09842636e-005 4.31369789e-005 3.62224089e-005 3.43183132e-005 3.03567999e-005 2.90700480e-005 2.85064518e-005 2.42480892e-005 1.89933350e-005 
5.00000000e-001 1.71428571e+001 0.00000000e+000 2.42023319e-005 3.92651622e-005 3.45299922e-005 3.30420600e-005 2.97759068e-005 2.86577623e-005 2.81603201e-005 2.42407053e-005 1.92193055e-005 
5.00000000e-001 1.33928571e+001 0.00000000e+000 1.91248961e-005 3.62169972e-005 3.33157889e-005 3.21963329e-005 2.95566101e-005 2.85885260e-005 2.81492108e-005 2.45086101e-005 1.96464991e-005 
5.00000000e-001 9.28571429e+000 0.00000000e+000 1.56460908e-005 3.41788041e-005 3.27789019e-005 3.19672027e-005 2.98323139e-005 2.89763947e-005 2.85790048e-005 2.51113065e-005 2.03011148e-005 
5.00000000e-001 4.82142857e+000 0.00000000e+000 1.37604698e-005 3.34938199e-005 3.29932869e-005 3.23469649e-005 3.04641416e-005 2.96585898e-005 2.92791577e-005 2.58638538e-005 2.10300344e-005 
5.00000000e-001 0.00000000e+000 0.00000000e+000 1.28493959e-005 3.26038335e-005 3.24886354e-005 3.19322512e-005 3.02149295e-005 2.94529693e-005 2.90910535e-005 2.57715112e-005 2.10113286e-005 
7.50000000e-001 3.50000000e+001 0.00000000e+000 1.66654028e-004 1.16879779e-004 7.64850771e-005 6.81993766e-005 5.34314762e-005 4.94355159e-005 4.77924571e-005 3.74797030e-005 2.72234288e-005 
7.50000000e-001 3.48214286e+001 0.00000000e+000 1.55410480e-004 1.11870579e-004 7.39131665e-005 6.60612972e-005 5.20027986e-005 4.81793036e-005 4.66043633e-005 3.66676697e-005 2.67163731e-005 
7.50000000e-001 3.42857143e+001 0.00000000e+000 1.33263346e-004 1.01246914e-004 6.82562753e-005 6.13094465e-005 4.87529530e-005 4.53008299e-005 4.38734474e-005 3.47645928e-005 2.55024177e-005 
7.50000000e-001 3.33928571e+001 0.00000000e+000 1.08273372e-004 8.83364508e-005 6.11558129e-005 5.52945612e-005 4.45667816e-005 4.15739689e-005 4.03300422e-005 3.22639937e-005 2.38873008e-005 
7.50000000e-001 3.21428571e+001 0.00000000e+000 8.41764883e-005 7.48981693e-005 5.35355835e-005 4.87900573e-005 3.99691969e-005 3.74625423e-005 3.64137519e-005 2.94703927e-005 2.20640940e-005 
7.50000000e-001 3.05357143e+001 0.00000000e+000 6.28467124e-005 6.19454864e-005 4.59639501e-005 4.22803382e-005 3.53041435e-005 3.32752883e-005 3.24192319e-005 2.65973543e-005 2.01754058e-005 
7.50000000e-001 2.85714286e+001 0.00000000e+000 4.52904044e-005 5.02645391e-005 3.89342389e-005 3.61998263e-005 3.09011157e-005 2.93133529e-005 2.86360014e-005 2.38633469e-005 1.83724753e-005 
7.50000000e-001 2.62500000e+001 0.00000000e+000 3.17128719e-005 4.04125179e-005 3.29003166e-005 3.09724272e-005 2.71202731e-005 2.59167136e-005 2.53953940e-005 2.15405285e-005 1.68641862e-005 
7.50000000e-001 2.35714286e+001 0.00000000e+000 2.16204924e-005 3.24588762e-005 2.80354350e-005 2.67772347e-005 2.41334329e-005 2.32514725e-005 2.28607982e-005 1.97704667e-005 1.57665737e-005 
7.50000000e-001 2.05357143e+001 0.00000000e+000 1.45152870e-005 2.65037998e-005 2.44794804e-005 2.37476386e-005 2.20590348e-005 2.14322980e-005 2.11454306e-005 1.86569216e-005 1.51748157e-005 
7.50000000e-001 1.71428571e+001 0.00000000e+000 9.54150742e-006 2.18170177e-005 2.16947487e-005 2.13998425e-005 2.05222120e-005 2.01150225e-005 1.99176227e-005 1.79419297e-005 1.48935231e-005 
7.50000000e-001 1.33928571e+001 0.00000000e+000 6.25176164e-006 1.81885881e-005 1.95072114e-005 1.95712151e-005 1.93833241e-005 1.91655762e-005 1.90453650e-005 1.75045593e-005 1.48083780e-005 
7.50000000e-001 9.28571429e+000 0.00000000e+000 4.22726918e-006 1.56538906e-005 1.80439952e-005 1.83920051e-005 1.87529643e-005 1.86837897e-005 1.86236077e-005 1.74081022e-005 1.49550148e-005 
7.50000000e-001 4.82142857e+000 0.00000000e+000 3.16533556e-006 1.43271306e-005 1.73821049e-005 1.79030852e-005 1.85963780e-005 1.86167411e-005 1.85927260e-005 1.75685183e-005 1.52532414e-005 
7.50000000e-001 0.00000000e+000 0.00000000e+000 2.76122139e-006 1.35825629e-005 1.68338921e-005 1.74169101e-005 1.82424340e-005 1.83026725e-005 1.82953938e-005 1.73734049e-005 1.51518575e-005 
1.00000000e+000 3.50000000e+001 0.00000000e+000 1.64538366e-004 1.14587861e-004 7.46564352e-005 6.64829578e-005 5.19377166e-005 4.80112313e-005 4.63982930e-005 3.63074686e-005 2.63216240e-005 
1.00000000e+000 3.48214286e+001 0.00000000e+000 1.50605224e-004 1.08400533e-004 7.14910539e-005 6.38548606e-005 5.01873718e-005 4.64740108e-005 4.49452114e-005 3.53181371e-005 2.57073256e-005 
1.00000000e+000 3.42857143e+001 0.00000000e+000 1.24332019e-004 9.57535172e-005 6.47652891e-005 5.82092841e-005 4.63348768e-005 4.30648093e-005 4.17121329e-005 3.30724110e-005 2.42823472e-005 
1.00000000e+000 3.33928571e+001 0.00000000e+000 9.60004740e-005 8.08840411e-005 5.65582856e-005 5.12531916e-005 4.14908183e-005 3.87523891e-005 3.76122214e-005 3.01822165e-005 2.24216111e-005 
1.00000000e+000 3.21428571e+001 0.00000000e+000 7.00772977e-005 6.59423398e-005 4.80002692e-005 4.39317973e-005 3.62940380e-005 3.41002252e-005 3.31790810e-005 2.70149257e-005 2.03561002e-005 
1.00000000e+000 3.05357143e+001 0.00000000e+000 4.85063496e-005 5.20800257e-005 3.97418282e-005 3.67988709e-005 3.11345995e-005 2.94571363e-005 2.87450302e-005 2.38083497e-005 1.82420285e-005 
1.00000000e+000 2.85714286e+001 0.00000000e+000 3.19654398e-005 4.00633385e-005 3.22865795e-005 3.03008359e-005 2.63541602e-005 2.51359572e-005 2.46110327e-005 2.07903296e-005 1.62374772e-005 
1.00000000e+000 2.62500000e+001 0.00000000e+000 2.01549206e-005 3.02763147e-005 2.59938096e-005 2.47794676e-005 2.22517611e-005 2.14210796e-005 2.10550862e-005 1.81930908e-005 1.45235231e-005 
1.00000000e+000 2.35714286e+001 0.00000000e+000 1.21467485e-005 2.25954832e-005 2.09148568e-005 2.03077141e-005 1.89235345e-005 1.84111688e-005 1.81764635e-005 1.61128355e-005 1.31860615e-005 
1.00000000e+000 2.05357143e+001 0.00000000e+000 7.05146128e-006 1.68861074e-005 1.70579286e-005 1.69092345e-005 1.64138706e-005 1.61550484e-005 1.60256931e-005 1.46073243e-005 1.22868626e-005 
1.00000000e+000 1.71428571e+001 0.00000000e+000 3.93059569e-006 1.25712107e-005 1.40163505e-005 1.42167693e-005 1.44318866e-005 1.43831372e-005 1.43418747e-005 1.34677407e-005 1.16623112e-005 
1.00000000e+000 1.33928571e+001 0.00000000e+000 2.14487810e-006 9.42463996e-006 1.16724205e-005 1.21285827e-005 1.28981013e-005 1.30197741e-005 1.30505583e-005 1.26236040e-005 1.12397219e-005 
1.00000000e+000 9.28571429e+000 0.00000000e+000 1.19098533e-006 7.31633772e-006 1.00599934e-005 1.06993807e-005 1.18829282e-005 1.21340227e-005 1.22196288e-005 1.21294166e-005 1.10561815e-005 
1.00000000e+000 4.82142857e+000 0.00000000e+000 7.41451646e-007 6.16946273e-006 9.19309851e-006 9.94172702e-006 1.13782954e-005 1.17100022e-005 1.18299822e-005 1.19508999e-005 1.10742845e-005 
1.00000000e+000 0.00000000e+000 0.00000000e+000 5.93363379e-007 5.65841901e-006 8.72243591e-006 9.49976451e-006 1.10139752e-005 1.13736544e-005 1.15059946e-005 1.17119730e-005 1.09264300e-005 
1.25000000e+000 3.50000000e+001 0.00000000e+000 1.63222812e-004 1.13159165e-004 7.35118720e-005 6.54045140e-005 5.09845781e-005 4.70958843e-005 4.54992120e-005 3.55312548e-005 2.57012911e-005 
1.25000000e+000 3.48214286e+001 0.00000000e+000 1.46772125e-004 1.05857225e-004 6.97826492e-005 6.23103613e-005 4.89275687e-005 4.52905538e-005 4.37932189e-005 3.43723096e-005 2.49840723e-005 
1.25000000e+000 3.42857143e+001 0.00000000e+000 1.16878205e-004 9.13776085e-005 6.20773757e-005 5.58433499e-005 4.45176413e-005 4.13894698e-005 4.00943332e-005 3.18069858e-005 2.33609560e-005 
1.25000000e+000 3.33928571e+001 0.00000000e+000 8.59496234e-005 7.48488014e-005 5.29078241e-005 4.80632845e-005 3.90899983e-005 3.65555612e-005 3.54979707e-005 2.85655851e-005 2.12761856e-005 
1.25000000e+000 3.21428571e+001 0.00000000e+000 5.90198658e-005 5.87702836e-005 4.35947721e-005 4.00751614e-005 3.33909791e-005 3.14466957e-005 3.06269116e-005 2.50755927e-005 1.89972112e-005 
1.25000000e+000 3.05357143e+001 0.00000000e+000 3.79260078e-005 4.43919353e-005 3.48594903e-005 3.24945282e-005 2.78545320e-005 2.64505281e-005 2.58502401e-005 2.15994962e-005 1.66946311e-005 
1.25000000e+000 2.85714286e+001 0.00000000e+000 2.28703004e-005 3.24181642e-005 2.72005432e-005 2.57683648e-005 2.28284611e-005 2.18866280e-005 2.14757966e-005 1.83717084e-005 1.45316259e-005 
1.25000000e+000 2.62500000e+001 0.00000000e+000 1.29889139e-005 2.30581693e-005 2.08946273e-005 2.01694047e-005 1.85634929e-005 1.79959647e-005 1.77400812e-005 1.55937391e-005 1.26676587e-005 
1.25000000e+000 2.35714286e+001 0.00000000e+000 6.92595254e-006 1.60189476e-005 1.58989261e-005 1.56899784e-005 1.50988397e-005 1.48263421e-005 1.46939180e-005 1.33268374e-005 1.11646298e-005 
1.25000000e+000 2.05357143e+001 0.00000000e+000 3.48784644e-006 1.09873184e-005 1.21289097e-005 1.22773071e-005 1.24278743e-005 1.23811983e-005 1.23445905e-005 1.15965911e-005 1.00601652e-005 
1.25000000e+000 1.71428571e+001 0.00000000e+000 1.65678853e-006 7.41636181e-006 9.24173793e-006 9.62694127e-006 1.03130822e-005 1.04403768e-005 1.04788974e-005 1.02306330e-005 9.21638743e-006 
1.25000000e+000 1.33928571e+001 0.00000000e+000 7.56906160e-007 4.99750136e-006 7.10829637e-006 7.63746049e-006 8.69144559e-006 8.94781375e-006 9.04312358e-006 9.18347968e-006 8.58621848e-006 
1.25000000e+000 9.28571429e+000 0.00000000e+000 3.45543562e-007 3.47875417e-006 5.67313269e-006 6.28717346e-006 7.58587692e-006 7.93349554e-006 8.06949750e-006 8.49234926e-006 8.20195993e-006 
1.25000000e+000 4.82142857e+000 0.00000000e+000 1.76484638e-007 2.67356702e-006 4.88038082e-006 5.53856765e-006 6.97775299e-006 7.38064456e-006 7.54165862e-006 8.14106641e-006 8.04815313e-006 
1.25000000e+000 0.00000000e+000 0.00000000e+000 1.27509117e-007 2.35726716e-006 4.51950861e-006 5.18149069e-006 6.64975289e-006 7.06782265e-006 7.23613500e-006 7.89542026e-006 7.87935630e-006 
1.50000000e+000 3.50000000e+001 0.00000000e+000 1.62321902e-004 1.12177648e-004 7.27263515e-005 6.46644352e-005 5.03287392e-005 4.64646399e-005 4.48784193e-005 3.49887849e-005 2.52577083e-005 
1.50000000e+000 3.48214286e+001 0.00000000e+000 1.43492631e-004 1.03812403e-004 6.84570880e-005 6.11234623e-005 4.79771410e-005 4.44016081e-005 4.29292736e-005 3.36665177e-005 2.44411905e-005 
1.50000000e+000 3.42857143e+001 0.00000000e+000 1.10381110e-004 8.76536403e-005 5.98441420e-005 5.38931673e-005 4.30463595e-005 4.00401719e-005 3.87941408e-005 3.08006194e-005 2.26308309e-005 
1.50000000e+000 3.33928571e+001 0.00000000e+000 7.74281605e-005 6.97019273e-005 4.98261539e-005 4.53822314e-005 3.70946585e-005 3.47363261e-005 3.37497499e-005 2.72394953e-005 2.03401919e-005 
1.50000000e+000 3.21428571e+001 0.00000000e+000 5.00784031e-005 5.27668337e-005 3.98998290e-005 3.68444017e-005 3.09700325e-005 2.92375732e-005 2.85037033e-005 2.34683096e-005 1.78719297e-005 
1.50000000e+000 3.05357143e+001 0.00000000e+000 2.98991684e-005 3.81552257e-005 3.08435672e-005 2.89474754e-005 2.51464609e-005 2.39676730e-005 2.34595270e-005 1.97736411e-005 1.54111997e-005 
1.50000000e+000 2.85714286e+001 0.00000000e+000 1.65036177e-005 2.64696859e-005 2.31360279e-005 2.21280004e-005 1.99724047e-005 1.92485354e-005 1.89279421e-005 1.63942695e-005 1.31250512e-005 
1.50000000e+000 2.62500000e+001 0.00000000e+000 8.44300098e-006 1.77308164e-005 1.69728515e-005 1.65933977e-005 1.56563226e-005 1.52839188e-005 1.51101727e-005 1.35065507e-005 1.11554904e-005 
1.50000000e+000 2.35714286e+001 0.00000000e+000 3.98475392e-006 1.14780059e-005 1.22283989e-005 1.22671879e-005 1.21910591e-005 1.20805577e-005 1.20180369e-005 1.11438169e-005 9.54504720e-006 
1.50000000e+000 2.05357143e+001 0.00000000e+000 1.74392562e-006 7.24109945e-006 8.74034593e-006 9.03357531e-006 9.52965170e-006 9.60647264e-006 9.62525135e-006 9.30733315e-006 8.31320071e-006 
1.50000000e+000 1.71428571e+001 0.00000000e+000 7.07979355e-007 4.44331164e-006 6.18367622e-006 6.61186473e-006 7.46310676e-006 7.66988039e-006 7.74676933e-006 7.84961295e-006 7.34190726e-006 
1.50000000e+000 1.33928571e+001 0.00000000e+000 2.71789847e-007 2.69489865e-006 4.38990339e-006 4.87243460e-006 5.91990560e-006 6.21110503e-006 6.32718682e-006 6.73309264e-006 6.59800925e-006 
1.50000000e+000 9.28571429e+000 0.00000000e+000 1.02320665e-007 1.67783168e-006 3.23172489e-006 3.72793802e-006 4.87597143e-006 5.21953930e-006 5.36085086e-006 5.97309885e-006 6.10466777e-006 
1.50000000e+000 4.82142857e+000 0.00000000e+000 4.25953797e-008 1.16556293e-006 2.60028048e-006 3.09521958e-006 4.28865208e-006 4.66119372e-006 4.81697666e-006 5.55351164e-006 5.85462232e-006 
1.50000000e+000 0.00000000e+000 0.00000000e+000 2.74007676e-008 9.82025644e-007 2.34177320e-006 2.82616010e-006 4.01482878e-006 4.39209125e-006 4.55081568e-006 5.32255926e-006 5.68202629e-006 
1.75000000e+000 3.50000000e+001 0.00000000e+000 1.61663572e-004 1.11459401e-004 7.21514433e-005 6.41230865e-005 4.98496048e-005 4.60034568e-005 4.44248049e-005 3.45909513e-005 2.49285579e-005 
1.75000000e+000 3.48214286e+001 0.00000000e+000 1.40572233e-004 1.02074076e-004 6.73621150e-005 6.01514080e-005 4.72135000e-005 4.36914107e-005 4.22406516e-005 3.31106311e-005 2.40158095e-005 
1.75000000e+000 3.42857143e+001 0.00000000e+000 1.04576720e-004 8.43647182e-005 5.79016696e-005 5.22065066e-005 4.17924598e-005 3.88960072e-005 3.76940175e-005 2.99601673e-005 2.20274974e-005 
1.75000000e+000 3.33928571e+001 0.00000000e+000 7.00552432e-005 6.51843484e-005 4.71294904e-005 4.30416396e-005 3.53659893e-005 3.31649639e-005 3.22417726e-005 2.61056331e-005 1.95464036e-005 
1.75000000e+000 3.21428571e+001 0.00000000e+000 4.27147312e-005 4.76152921e-005 3.67043647e-005 3.40488813e-005 2.88782458e-005 2.73309561e-005 2.66722645e-005 2.20876154e-005 1.69092424e-005 
1.75000000e+000 3.05357143e+001 0.00000000e+000 2.37072603e-005 3.29804705e-005 2.74474436e-005 2.59378490e-005 2.28384945e-005 2.18502684e-005 2.14203096e-005 1.82155657e-005 1.43154957e-005 
1.75000000e+000 2.85714286e+001 0.00000000e+000 1.19799248e-005 2.17434561e-005 1.98027724e-005 1.91236373e-005 1.75902848e-005 1.70427165e-005 1.67954949e-005 1.47305382e-005 1.19350484e-005 
1.75000000e+000 2.62500000e+001 0.00000000e+000 5.52062001e-006 1.37203295e-005 1.38813297e-005 1.37470842e-005 1.33017708e-005 1.30773573e-005 1.29664556e-005 1.17868542e-005 9.89517083e-006 
1.75000000e+000 2.35714286e+001 0.00000000e+000 2.30682201e-006 8.28057400e-006 9.47740276e-006 9.66679976e-006 9.92441150e-006 9.92484995e-006 9.91096883e-006 9.39428234e-006 8.22231762e-006 
1.75000000e+000 2.05357143e+001 0.00000000e+000 8.78420713e-007 4.81191531e-006 6.35587951e-006 6.70829694e-006 7.37487627e-006 7.52179797e-006 7.57320531e-006 7.53378596e-006 6.92152837e-006 
1.75000000e+000 1.71428571e+001 0.00000000e+000 3.05316919e-007 2.69000999e-006 4.18169681e-006 4.58891094e-006 5.45389578e-006 5.68829545e-006 5.78073716e-006 6.07280239e-006 5.88912598e-006 
1.75000000e+000 1.33928571e+001 0.00000000e+000 9.87269187e-008 1.47116739e-006 2.74123137e-006 3.14125274e-006 4.06872349e-006 4.34830820e-006 4.46380964e-006 4.97063589e-006 5.09748496e-006 
1.75000000e+000 9.28571429e+000 0.00000000e+000 3.07372722e-008 8.18749945e-007 1.85728418e-006 2.22820584e-006 3.15376643e-006 3.45374288e-006 3.58111681e-006 4.21924197e-006 4.55797778e-006 
1.75000000e+000 4.82142857e+000 0.00000000e+000 1.04031816e-008 5.10993536e-007 1.39026649e-006 1.73498608e-006 2.64160359e-006 2.94947720e-006 3.08239539e-006 3.79357948e-006 4.26302788e-006 
1.75000000e+000 0.00000000e+000 0.00000000e+000 5.88823600e-009 4.09107249e-007 1.21338501e-006 1.54148376e-006 2.42397791e-006 2.72933699e-006 2.86201511e-006 3.58811063e-006 4.09747000e-006 
2.00000000e+000 3.50000000e+001 0.00000000e+000 1.61159307e-004 1.10909975e-004 7.17111470e-005 6.37085547e-005 4.94832095e-005 4.56509828e-005 4.40781893e-005 3.42870224e-005 2.46759399e-005 
2.00000000e+000 3.48214286e+001 0.00000000e+000 1.37906145e-004 1.00541976e-004 6.64190292e-005 5.93200901e-005 4.65712730e-005 4.30973875e-005 4.16660242e-005 3.26531673e-005 2.36696023e-005 
2.00000000e+000 3.42857143e+001 0.00000000e+000 9.93098075e-005 8.13925525e-005 5.61629505e-005 5.07025291e-005 4.06862954e-005 3.78907028e-005 3.67291609e-005 2.92319039e-005 2.15113710e-005 
2.00000000e+000 3.33928571e+001 0.00000000e+000 6.35909170e-005 6.11472808e-005 4.47166895e-005 4.09491965e-005 3.38270288e-005 3.17688657e-005 3.09032850e-005 2.51064225e-005 1.88530771e-005 
2.00000000e+000 3.21428571e+001 0.00000000e+000 3.65765767e-005 4.31251705e-005 3.38877940e-005 3.15804765e-005 2.70285283e-005 2.56454498e-005 2.50535847e-005 2.08705864e-005 1.60644170e-005 
2.00000000e+000 3.05357143e+001 0.00000000e+000 1.88777905e-005 2.86254045e-005 2.45255089e-005 2.33369727e-005 2.08300930e-005 2.00051831e-005 1.96425205e-005 1.68550912e-005 1.33586923e-005 
2.00000000e+000 2.85714286e+001 0.00000000e+000 8.73399217e-006 1.79390890e-005 1.70249334e-005 1.66013793e-005 1.55646221e-005 1.51611819e-005 1.49743662e-005 1.33011059e-005 1.09076328e-005 
2.00000000e+000 2.62500000e+001 0.00000000e+000 3.62547857e-006 1.06644782e-005 1.14066210e-005 1.14442000e-005 1.13594825e-005 1.12480098e-005 1.11856278e-005 1.03423802e-005 8.82546360e-006 
2.00000000e+000 2.35714286e+001 0.00000000e+000 1.34161048e-006 6.00232163e-006 7.38398994e-006 7.65914544e-006 8.12629189e-006 8.20212523e-006 8.22203355e-006 7.96747922e-006 7.12476335e-006 
2.00000000e+000 2.05357143e+001 0.00000000e+000 4.44885614e-007 3.21612481e-006 4.65143521e-006 5.01418620e-006 5.74607917e-006 5.92962554e-006 5.99921819e-006 6.13873296e-006 5.79825928e-006 
2.00000000e+000 1.71428571e+001 0.00000000e+000 1.32546815e-007 1.64057410e-006 2.84998264e-006 3.20988769e-006 4.01611056e-006 4.25037634e-006 4.34576911e-006 4.73033495e-006 4.75178066e-006 
2.00000000e+000 1.33928571e+001 0.00000000e+000 3.61574311e-008 8.10444850e-007 1.72669582e-006 2.04228994e-006 2.81759457e-006 3.06621345e-006 3.17150469e-006 3.69174488e-006 3.95735918e-006 
2.00000000e+000 9.28571429e+000 0.00000000e+000 9.32984177e-009 4.03355103e-007 1.07557536e-006 1.34120545e-006 2.05142042e-006 2.29731997e-006 2.40436082e-006 2.99232229e-006 3.41333878e-006 
2.00000000e+000 4.82142857e+000 0.00000000e+000 2.56636268e-009 2.25194726e-007 7.45795150e-007 9.75347961e-007 1.63052956e-006 1.86988815e-006 1.97600415e-006 2.59486181e-006 3.10704915e-006 
2.00000000e+000 0.00000000e+000 0.00000000e+000 1.26534419e-009 1.70432275e-007 6.28713236e-007 8.40777923e-007 1.46349214e-006 1.69606723e-006 1.79992616e-006 2.41886266e-006 2.95480192e-006 
2.25000000e+000 3.50000000e+001 0.00000000e+000 1.60758957e-004 1.10475468e-004 7.13625061e-005 6.33802521e-005 4.91931850e-005 4.53721069e-005 4.38040110e-005 3.40469344e-005 2.44762314e-005 
2.25000000e+000 3.48214286e+001 0.00000000e+000 1.35431872e-004 9.91577725e-005 6.55828488e-005 5.85872846e-005 4.60130532e-005 4.25835258e-005 4.11699816e-005 3.22635024e-005 2.33786167e-005 
2.25000000e+000 3.42857143e+001 0.00000000e+000 9.44795641e-005 7.86650758e-005 5.45767393e-005 4.93339601e-005 3.96872747e-005 3.69854899e-005 3.58615719e-005 2.85835110e-005 2.10575179e-005 
2.25000000e+000 3.33928571e+001 0.00000000e+000 5.78701598e-005 5.74954088e-005 4.25258528e-005 3.90490222e-005 3.24317376e-005 3.05045411e-005 2.96918498e-005 2.42066356e-005 1.82335920e-005 
2.25000000e+000 3.21428571e+001 0.00000000e+000 3.14158554e-005 3.91693653e-005 3.13735447e-005 2.93714306e-005 2.53672833e-005 2.41310051e-005 2.35990572e-005 1.97779406e-005 1.53084876e-005 
2.25000000e+000 3.05357143e+001 0.00000000e+000 1.50814359e-005 2.49242222e-005 2.19825050e-005 2.10618007e-005 1.90577015e-005 1.83736662e-005 1.80693462e-005 1.56474658e-005 1.25086274e-005 
2.25000000e+000 2.85714286e+001 0.00000000e+000 6.38871772e-006 1.48495060e-005 1.46852270e-005 1.44597706e-005 1.38194075e-005 1.35342041e-005 1.33973571e-005 1.20542201e-005 1.00065675e-005 
2.25000000e+000 2.62500000e+001 0.00000000e+000 2.38888125e-006 8.31715030e-006 9.40565448e-006 9.56079887e-006 9.73710047e-006 9.71150672e-006 9.68655372e-006 9.11172501e-006 7.90443213e-006 
2.25000000e+000 2.35714286e+001 0.00000000e+000 7.83068381e-007 4.36631599e-006 5.77494255e-006 6.09235937e-006 6.68222313e-006 6.80786901e-006 6.85080632e-006 6.78830945e-006 6.20226237e-006 
2.25000000e+000 2.05357143e+001 0.00000000e+000 2.26277668e-007 2.15870912e-006 3.41990823e-006 3.76586913e-006 4.49972935e-006 4.69848980e-006 4.77688043e-006 5.02799593e-006 4.88153978e-006 
2.25000000e+000 1.71428571e+001 0.00000000e+000 5.78369568e-008 1.00598571e-006 1.95373419e-006 2.25860361e-006 2.97504610e-006 3.19480759e-006 3.28632773e-006 3.70534657e-006 3.85342691e-006 
2.25000000e+000 1.33928571e+001 0.00000000e+000 1.33239093e-008 4.49529343e-007 1.09514286e-006 1.33680150e-006 1.96348370e-006 2.17531205e-006 2.26683242e-006 2.75637515e-006 3.08565454e-006 
2.25000000e+000 9.28571429e+000 0.00000000e+000 2.85390688e-009 2.00253948e-007 6.26986901e-007 8.12272426e-007 1.34119044e-006 1.53538120e-006 1.62173876e-006 2.13008912e-006 2.56338215e-006 
2.25000000e+000 4.82142857e+000 0.00000000e+000 6.38438631e-010 9.97219847e-008 4.01341285e-007 5.49829420e-007 1.00849716e-006 1.18764058e-006 1.26896949e-006 1.77725760e-006 2.26663867e-006 
2.25000000e+000 0.00000000e+000 0.00000000e+000 2.71914976e-010 7.10013865e-008 3.25766755e-007 4.58589177e-007 8.83592942e-007 1.05397197e-006 1.13197685e-006 1.63063463e-006 2.13079175e-006 
2.50000000e+000 3.50000000e+001 0.00000000e+000 1.60432015e-004 1.10122744e-004 7.10792637e-005 6.31134490e-005 4.89574553e-005 4.51454873e-005 4.35812388e-005 3.38521030e-005 2.43143064e-005 
2.50000000e+000 3.48214286e+001 0.00000000e+000 1.33109214e-004 9.78848378e-005 6.48257292e-005 5.79269845e-005 4.55159636e-005 4.21277911e-005 4.07308416e-005 3.19226222e-005 2.31274702e-005 
2.50000000e+000 3.42857143e+001 0.00000000e+000 9.00156739e-005 7.61348075e-005 5.31102653e-005 4.80708348e-005 3.87700511e-005 3.61562019e-005 3.50675669e-005 2.79946642e-005 2.06497830e-005 
2.50000000e+000 3.33928571e+001 0.00000000e+000 5.27724019e-005 5.41628786e-005 4.05158327e-005 3.73044107e-005 3.11505442e-005 2.93441719e-005 2.85803532e-005 2.33836967e-005 1.76704650e-005 
2.50000000e+000 3.21428571e+001 0.00000000e+000 2.70491075e-005 3.56569628e-005 2.91089108e-005 2.73757160e-005 2.38590671e-005 2.27547195e-005 2.22767900e-005 1.87839581e-005 1.46221184e-005 
2.50000000e+000 3.05357143e+001 0.00000000e+000 1.20798697e-005 2.17562425e-005 1.97511756e-005 1.90544209e-005 1.74781946e-005 1.69161160e-005 1.66625791e-005 1.45627475e-005 1.17434512e-005 
2.50000000e+000 2.85714286e+001 0.00000000e+000 4.68549140e-006 1.23242311e-005 1.26997669e-005 1.26269433e-005 1.23020375e-005 1.21138148e-005 1.20183374e-005 1.09545377e-005 9.20677512e-006 
2.50000000e+000 2.62500000e+001 0.00000000e+000 1.57826656e-006 6.50361450e-006 7.77643241e-006 8.00895855e-006 8.37004295e-006 8.40906892e-006 8.41277817e-006 8.05221918e-006 7.10251649e-006 
2.50000000e+000 2.35714286e+001 0.00000000e+000 4.58389133e-007 3.18501726e-006 4.52962188e-006 4.86050202e-006 5.51233398e-006 5.66912523e-006 5.72715521e-006 5.80394437e-006 5.41886988e-006 
2.50000000e+000 2.05357143e+001 0.00000000e+000 1.15485188e-007 1.45373824e-006 2.52330866e-006 2.83858807e-006 3.53736276e-006 3.73764991e-006 3.81870049e-006 4.13509279e-006 4.12645797e-006 
2.50000000e+000 1.71428571e+001 0.00000000e+000 2.53402676e-008 6.19433213e-007 1.34533908e-006 1.59651469e-006 2.21423820e-006 2.41273547e-006 2.49690650e-006 2.91586594e-006 3.13831063e-006 
2.50000000e+000 1.33928571e+001 0.00000000e+000 4.93352951e-009 2.50661697e-007 6.98394660e-007 8.79795723e-007 1.37545412e-006 1.55116507e-006 1.62841369e-006 2.06743399e-006 2.41535884e-006 
2.50000000e+000 9.28571429e+000 0.00000000e+000 8.78183344e-010 1.00047676e-007 3.67555516e-007 4.94567868e-007 8.80856728e-007 1.03056137e-006 1.09843522e-006 1.52153177e-006 1.93020481e-006 
2.50000000e+000 4.82142857e+000 0.00000000e+000 1.59946479e-010 4.43550269e-008 2.16624792e-007 3.10774246e-007 6.24992716e-007 7.55662824e-007 8.16310226e-007 1.21883355e-006 1.65506024e-006 
2.50000000e+000 0.00000000e+000 0.00000000e+000 5.84330513e-011 2.95789082e-008 1.68795592e-007 2.50130388e-007 5.33475144e-007 6.54960565e-007 7.11902462e-007 1.09926443e-006 1.53657473e-006 
0.00000000e+000 3.50000000e+001 1.00000000e+001 2.11043883e-004 1.43968006e-004 9.13261443e-005 8.05676495e-005 6.15134290e-005 5.64342134e-005 5.43601391e-005 4.16760245e-005 2.95440908e-005 
0.00000000e+000 3.48214286e+001 1.00000000e+001 2.09268713e-004 1.42805410e-004 9.06151975e-005 7.99475849e-005 6.10533244e-005 5.60161502e-005 5.39590972e-005 4.13755361e-005 2.93334595e-005 
0.00000000e+000 3.42857143e+001 1.00000000e+001 2.04366360e-004 1.39594827e-004 8.86467081e-005 7.82302079e-005 5.97796547e-005 5.48593822e-005 5.28496712e-005 4.05455201e-005 2.87524554e-005 
0.00000000e+000 3.33928571e+001 1.00000000e+001 1.97002497e-004 1.34719483e-004 8.56365521e-005 7.56017577e-005 5.78305778e-005 5.30900530e-005 5.11531727e-005 3.92784551e-005 2.78668649e-005 
0.00000000e+000 3.21428571e+001 1.00000000e+001 1.87835648e-004 1.28621360e-004 8.18640927e-005 7.23097907e-005 5.53979554e-005 5.08849538e-005 4.90401731e-005 3.77060827e-005 2.67706552e-005 
0.00000000e+000 3.05357143e+001 1.00000000e+001 1.77508774e-004 1.21762022e-004 7.76358749e-005 6.86311631e-005 5.27036386e-005 4.84499719e-005 4.67098453e-005 3.59838866e-005 2.55748756e-005 
0.00000000e+000 2.85714286e+001 1.00000000e+001 1.66584542e-004 1.14513248e-004 7.32474692e-005 6.48405110e-005 4.99738979e-005 4.59955572e-005 4.43658363e-005 3.42703650e-005 2.43916660e-005 
0.00000000e+000 2.62500000e+001 1.00000000e+001 1.56975234e-004 1.08198839e-004 6.95405221e-005 6.16750773e-005 4.77588744e-005 4.40217722e-005 4.24878299e-005 3.29240002e-005 2.34708617e-005 
0.00000000e+000 2.35714286e+001 1.00000000e+001 1.50316422e-004 1.03736042e-004 6.70372152e-005 5.95852531e-005 4.63805778e-005 4.28170098e-005 4.13507616e-005 3.21440825e-005 2.29507293e-005 
0.00000000e+000 2.05357143e+001 1.00000000e+001 1.49026816e-004 1.02759859e-004 6.66956065e-005 5.93809189e-005 4.63938231e-005 4.28738930e-005 4.14229013e-005 3.22667715e-005 2.30646702e-005 
0.00000000e+000 1.71428571e+001 1.00000000e+001 1.52419928e-004 1.04978071e-004 6.83312063e-005 6.08959363e-005 4.76728750e-005 4.40790519e-005 4.25959776e-005 3.32134228e-005 2.37584629e-005 
0.00000000e+000 1.33928571e+001 1.00000000e+001 1.57909742e-004 1.08469397e-004 7.07304505e-005 6.30864559e-005 4.94822763e-005 4.57749881e-005 4.42432693e-005 3.45272446e-005 2.47114940e-005 
0.00000000e+000 9.28571429e+000 1.00000000e+001 1.63929690e-004 1.12274449e-004 7.34738214e-005 6.56186858e-005 5.15875937e-005 4.77442436e-005 4.61536473e-005 3.60352447e-005 2.57923180e-005 
0.00000000e+000 4.82142857e+000 1.00000000e+001 1.74692223e-004 1.19345937e-004 7.81028000e-005 6.97388980e-005 5.47711788e-005 5.06679836e-005 4.89701993e-005 3.81907671e-005 2.73251222e-005 
0.00000000e+000 0.00000000e+000 1.00000000e+001 1.77431403e-004 1.21177536e-004 7.93413439e-005 7.08503092e-005 5.56439530e-005 5.14732770e-005 4.97474939e-005 3.87927443e-005 2.77589597e-005 
2.50000000e-001 3.50000000e+001 1.00000000e+001 1.54318230e-004 1.13823269e-004 7.49944246e-005 6.68378324e-005 5.21670089e-005 4.81853199e-005 4.65489606e-005 3.63289119e-005 2.62497567e-005 
2.50000000e-001 3.48214286e+001 1.00000000e+001 1.48620684e-004 1.11074366e-004 7.35195768e-005 6.55953238e-005 5.13103934e-005 4.74241509e-005 4.58256939e-005 3.58181977e-005 2.59152755e-005 
2.50000000e-001 3.42857143e+001 1.00000000e+001 1.36254681e-004 1.04753459e-004 7.00369047e-005 6.26404351e-005 4.92430189e-005 4.55791102e-005 4.40692982e-005 3.45638998e-005 2.50833514e-005 
2.50000000e-001 3.33928571e+001 1.00000000e+001 1.20664415e-004 9.63136065e-005 6.52637518e-005 5.85648754e-005 4.63566479e-005 4.29944758e-005 4.16054185e-005 3.27898278e-005 2.38962490e-005 
2.50000000e-001 3.21428571e+001 1.00000000e+001 1.04105195e-004 8.68542493e-005 5.97958843e-005 5.38734438e-005 4.30055363e-005 3.99870429e-005 3.87358979e-005 3.07126049e-005 2.24977949e-005 
2.50000000e-001 3.05357143e+001 1.00000000e+001 8.79414414e-005 7.71493185e-005 5.40925541e-005 4.89666825e-005 3.94880563e-005 3.68281375e-005 3.57210503e-005 2.85264536e-005 2.10214557e-005 
2.50000000e-001 2.85714286e+001 1.00000000e+001 7.31029222e-005 6.77957563e-005 4.85541261e-005 4.42020630e-005 3.60792210e-005 3.37693830e-005 3.28028189e-005 2.64137628e-005 1.95934215e-005 
2.50000000e-001 2.62500000e+001 1.00000000e+001 6.07193863e-005 5.97696969e-005 4.38399193e-005 4.01644286e-005 3.32271997e-005 3.12216329e-005 3.03767730e-005 2.46771772e-005 1.84301715e-005 
2.50000000e-001 2.35714286e+001 1.00000000e+001 5.13138100e-005 5.36236961e-005 4.02969485e-005 3.71608267e-005 3.11645543e-005 2.93969837e-005 2.86466859e-005 2.34715799e-005 1.76445715e-005 
2.50000000e-001 2.05357143e+001 1.00000000e+001 4.50451405e-005 4.99494814e-005 3.83940077e-005 3.56122636e-005 3.02140517e-005 2.85911701e-005 2.78973726e-005 2.30177234e-005 1.74019453e-005 
2.50000000e-001 1.71428571e+001 1.00000000e+001 4.10593264e-005 4.82665301e-005 3.78526854e-005 3.52763105e-005 3.02000516e-005 2.86469353e-005 2.79790372e-005 2.32085102e-005 1.76301800e-005 
2.50000000e-001 1.33928571e+001 1.00000000e+001 3.86422088e-005 4.77245726e-005 3.80151296e-005 3.55611733e-005 3.06686863e-005 2.91487663e-005 2.84916735e-005 2.37346374e-005 1.80982593e-005 
2.50000000e-001 9.28571429e+000 1.00000000e+001 3.71496426e-005 4.77380952e-005 3.85762473e-005 3.62149539e-005 3.14359799e-005 2.99252600e-005 2.92686000e-005 2.44577235e-005 1.86981350e-005 
2.50000000e-001 4.82142857e+000 1.00000000e+001 3.76109598e-005 4.96381783e-005 4.03949620e-005 3.79695171e-005 3.30129775e-005 3.14348898e-005 3.07479864e-005 2.57079817e-005 1.96791535e-005 
2.50000000e-001 0.00000000e+000 1.00000000e+001 3.74579757e-005 4.99717021e-005 4.07961178e-005 3.83708606e-005 3.33961786e-005 3.18073426e-005 3.11152294e-005 2.60293132e-005 1.99401091e-005 
5.00000000e-001 3.50000000e+001 1.00000000e+001 1.43315314e-004 1.03745140e-004 6.81479233e-005 6.07441158e-005 4.75002653e-005 4.39210168e-005 4.24515640e-005 3.32691430e-005 2.41906601e-005 
5.00000000e-001 3.48214286e+001 1.00000000e+001 1.34329458e-004 9.95881738e-005 6.59777428e-005 5.89313570e-005 4.62754717e-005 4.28399871e-005 4.14273987e-005 3.25601342e-005 2.37381484e-005 
5.00000000e-001 3.42857143e+001 1.00000000e+001 1.16409166e-004 9.06910105e-005 6.11849255e-005 5.48940661e-005 4.34984021e-005 4.03755580e-005 3.90872160e-005 3.09168518e-005 2.26724852e-005 
5.00000000e-001 3.33928571e+001 1.00000000e+001 9.56803764e-005 7.95713816e-005 5.49912700e-005 4.96327259e-005 3.98174848e-005 3.70929854e-005 3.59637342e-005 2.86964189e-005 2.12136106e-005 
5.00000000e-001 3.21428571e+001 1.00000000e+001 7.55400362e-005 6.78694956e-005 4.82645454e-005 4.38756070e-005 3.57310578e-005 3.34340430e-005 3.24762784e-005 2.61925561e-005 1.95512734e-005 
5.00000000e-001 3.05357143e+001 1.00000000e+001 5.76644519e-005 5.65894841e-005 4.15891099e-005 3.81269667e-005 3.16047200e-005 2.97283120e-005 2.89398880e-005 2.36352163e-005 1.78401327e-005 
5.00000000e-001 2.85714286e+001 1.00000000e+001 4.28126009e-005 4.63771354e-005 3.54033800e-005 3.27770688e-005 2.77361460e-005 2.62474567e-005 2.56155093e-005 2.12200735e-005 1.62151098e-005 
5.00000000e-001 2.62500000e+001 1.00000000e+001 3.14265117e-005 3.79420061e-005 3.02287621e-005 2.82953834e-005 2.44956507e-005 2.33339046e-005 2.28340469e-005 1.92060810e-005 1.48659085e-005 
5.00000000e-001 2.35714286e+001 1.00000000e+001 2.32136813e-005 3.14774717e-005 2.62364548e-005 2.48452397e-005 2.20256941e-005 2.11226465e-005 2.07272448e-005 1.77026947e-005 1.38791268e-005 
5.00000000e-001 2.05357143e+001 1.00000000e+001 1.75275478e-005 2.70191322e-005 2.35954572e-005 2.26012745e-005 2.04919845e-005 1.97735985e-005 1.94523538e-005 1.68465159e-005 1.33679473e-005 
5.00000000e-001 1.71428571e+001 1.00000000e+001 1.35807801e-005 2.40619646e-005 2.20058459e-005 2.13020622e-005 1.97035131e-005 1.91149822e-005 1.88454136e-005 1.65188515e-005 1.32516138e-005 
5.00000000e-001 1.33928571e+001 1.00000000e+001 1.09036757e-005 2.21263284e-005 2.10662648e-005 2.05775250e-005 1.93614073e-005 1.88689035e-005 1.86371240e-005 1.65025979e-005 1.33599018e-005 
5.00000000e-001 9.28571429e+000 1.00000000e+001 9.08951339e-006 2.08423759e-005 2.05633217e-005 2.02471531e-005 1.93295188e-005 1.89076471e-005 1.87029167e-005 1.66919104e-005 1.36070104e-005 
5.00000000e-001 4.82142857e+000 1.00000000e+001 8.27733117e-006 2.07956832e-005 2.09783423e-005 2.07449394e-005 1.99466521e-005 1.95445833e-005 1.93460039e-005 1.73309102e-005 1.41871025e-005 
5.00000000e-001 0.00000000e+000 1.00000000e+001 7.90885098e-006 2.06083986e-005 2.09772422e-005 2.07811744e-005 2.00438750e-005 1.96552423e-005 1.94616647e-005 1.74654056e-005 1.43236751e-005 
7.50000000e-001 3.50000000e+001 1.00000000e+001 1.39156949e-004 9.93627719e-005 6.48157786e-005 5.76757450e-005 4.49616507e-005 4.15435995e-005 4.01429280e-005 3.14278064e-005 2.28596379e-005 
7.50000000e-001 3.48214286e+001 1.00000000e+001 1.27247234e-004 9.39249862e-005 6.20049447e-005 5.53355895e-005 4.33933945e-005 4.01633502e-005 3.88369425e-005 3.05316548e-005 2.22947733e-005 
7.50000000e-001 3.42857143e+001 1.00000000e+001 1.04862136e-004 8.28351958e-005 5.60665245e-005 5.03447590e-005 3.99808280e-005 3.71414663e-005 3.59702046e-005 2.85327867e-005 2.10123344e-005 
7.50000000e-001 3.33928571e+001 1.00000000e+001 8.06465447e-005 6.96485948e-005 4.87201504e-005 4.41083652e-005 3.56279715e-005 3.32636262e-005 3.22821269e-005 2.59218908e-005 1.93103077e-005 
7.50000000e-001 3.21428571e+001 1.00000000e+001 5.88061372e-005 5.64625275e-005 4.10735953e-005 3.75537123e-005 3.09638266e-005 2.90855153e-005 2.82993355e-005 2.30639333e-005 1.74213249e-005 
7.50000000e-001 3.05357143e+001 1.00000000e+001 4.09709275e-005 4.44196115e-005 3.38036175e-005 3.12646356e-005 2.64092989e-005 2.49855417e-005 2.43830870e-005 2.02203183e-005 1.55193550e-005 
7.50000000e-001 2.85714286e+001 1.00000000e+001 2.74511938e-005 3.41154293e-005 2.73464576e-005 2.56334331e-005 2.22680201e-005 2.12417012e-005 2.08007440e-005 1.75928286e-005 1.37442876e-005 
7.50000000e-001 2.62500000e+001 1.00000000e+001 1.79899953e-005 2.59973040e-005 2.20966428e-005 2.10253634e-005 1.88422553e-005 1.81370423e-005 1.78272423e-005 1.54029680e-005 1.22628511e-005 
7.50000000e-001 2.35714286e+001 1.00000000e+001 1.17176712e-005 1.99579242e-005 1.80718137e-005 1.74769318e-005 1.61928416e-005 1.57360732e-005 1.55282243e-005 1.37174718e-005 1.11363095e-005 
7.50000000e-001 2.05357143e+001 1.00000000e+001 7.65214619e-006 1.57121728e-005 1.52465262e-005 1.49983791e-005 1.43746296e-005 1.41012902e-005 1.39688250e-005 1.26097013e-005 1.04370201e-005 
7.50000000e-001 1.71428571e+001 1.00000000e+001 5.02881782e-006 1.27545132e-005 1.33175514e-005 1.33253106e-005 1.31933305e-005 1.30573680e-005 1.29814263e-005 1.19569410e-005 1.00804240e-005 
7.50000000e-001 1.33928571e+001 1.00000000e+001 3.38499933e-006 1.07204882e-005 1.19975687e-005 1.21930224e-005 1.24333285e-005 1.24029193e-005 1.23704438e-005 1.15987476e-005 9.93708981e-006 
7.50000000e-001 9.28571429e+000 1.00000000e+001 2.36643673e-006 9.32393176e-006 1.11201119e-005 1.14603034e-005 1.19891605e-005 1.20394372e-005 1.20399337e-005 1.14534789e-005 9.93920995e-006 
7.50000000e-001 4.82142857e+000 1.00000000e+001 1.85968333e-006 8.77419413e-006 1.09388700e-005 1.13733081e-005 1.20808554e-005 1.21777929e-005 1.21968558e-005 1.17007607e-005 1.02381537e-005 
7.50000000e-001 0.00000000e+000 1.00000000e+001 1.67008020e-006 8.49928415e-006 1.07866898e-005 1.12550484e-005 1.20301957e-005 1.21460440e-005 1.21728461e-005 1.17192116e-005 1.02892561e-005 
1.00000000e+000 3.50000000e+001 1.00000000e+001 1.36959347e-004 9.69926455e-005 6.29427903e-005 5.59241945e-005 4.34514804e-005 4.01081732e-005 3.87397622e-005 3.02578359e-005 2.19672410e-005 
1.00000000e+000 3.48214286e+001 1.00000000e+001 1.22371875e-004 9.03642480e-005 5.95322869e-005 5.30893696e-005 4.15595043e-005 3.84454390e-005 3.71675248e-005 2.91840210e-005 2.12950733e-005 
1.00000000e+000 3.42857143e+001 1.00000000e+001 9.62461492e-005 7.73534606e-005 5.25720498e-005 4.72438684e-005 3.75710706e-005 3.49166331e-005 3.38212355e-005 2.68581559e-005 1.98110539e-005 
1.00000000e+000 3.33928571e+001 1.00000000e+001 6.95787611e-005 6.25200873e-005 4.42695855e-005 4.01904962e-005 3.26429174e-005 3.05257559e-005 2.96451791e-005 2.39038569e-005 1.78911175e-005 
1.00000000e+000 3.21428571e+001 1.00000000e+001 4.70914624e-005 4.83448857e-005 3.59451679e-005 3.30347557e-005 2.75234637e-005 2.59331722e-005 2.52648057e-005 2.07525059e-005 1.58082724e-005 
1.00000000e+000 3.05357143e+001 1.00000000e+001 3.00930704e-005 3.60254531e-005 2.83363755e-005 2.64163693e-005 2.26767353e-005 2.15563420e-005 2.10787122e-005 1.76923101e-005 1.37536606e-005 
1.00000000e+000 2.85714286e+001 1.00000000e+001 1.82832108e-005 2.60356246e-005 2.18474755e-005 2.07067873e-005 1.83998154e-005 1.76693122e-005 1.73512328e-005 1.49257482e-005 1.18692712e-005 
1.00000000e+000 2.62500000e+001 1.00000000e+001 1.07442086e-005 1.85542340e-005 1.67472819e-005 1.61695158e-005 1.49307096e-005 1.44995870e-005 1.43051471e-005 1.26400948e-005 1.03010748e-005 
1.00000000e+000 2.35714286e+001 1.00000000e+001 6.19754438e-006 1.32240529e-005 1.29222762e-005 1.27319131e-005 1.22584944e-005 1.20492190e-005 1.19473189e-005 1.08632216e-005 9.08669514e-006 
1.00000000e+000 2.05357143e+001 1.00000000e+001 3.52012287e-006 9.56203580e-006 1.02145045e-005 1.02894528e-005 1.03568469e-005 1.03083951e-005 1.02741227e-005 9.61968706e-006 8.26589990e-006 
1.00000000e+000 1.71428571e+001 1.00000000e+001 1.97309843e-006 7.05946537e-006 8.31903331e-006 8.57686444e-006 9.03110531e-006 9.10128091e-006 9.11735323e-006 8.78567512e-006 7.75267268e-006 
1.00000000e+000 1.33928571e+001 1.00000000e+001 1.11382304e-006 5.37924518e-006 6.99548217e-006 7.37646898e-006 8.10839523e-006 8.26731219e-006 8.32140161e-006 8.23459749e-006 7.44450217e-006 
1.00000000e+000 9.28571429e+000 1.00000000e+001 6.45415935e-007 4.26223185e-006 6.09423851e-006 6.56213790e-006 7.49807878e-006 7.72319398e-006 7.80569391e-006 7.90011255e-006 7.28661179e-006 
1.00000000e+000 4.82142857e+000 1.00000000e+001 4.25782719e-007 3.72748761e-006 5.72657754e-006 6.25651031e-006 7.33421779e-006 7.60373835e-006 7.70506362e-006 7.91116338e-006 7.39583528e-006 
1.00000000e+000 0.00000000e+000 1.00000000e+001 3.52708304e-007 3.50540640e-006 5.54674487e-006 6.09583707e-006 7.22054173e-006 7.50579529e-006 7.61393975e-006 7.86360815e-006 7.39121914e-006 
1.25000000e+000 3.50000000e+001 1.00000000e+001 1.35592097e-004 9.55075732e-005 6.17583091e-005 5.48108610e-005 4.24748715e-005 3.91730033e-005 3.78224114e-005 2.94726946e-005 2.13458421e-005 
1.25000000e+000 3.48214286e+001 1.00000000e+001 1.18513629e-004 8.77574715e-005 5.77799225e-005 5.15069385e-005 4.02749481e-005 3.72412698e-005 3.59965167e-005 2.82291007e-005 2.05707228e-005 
1.25000000e+000 3.42857143e+001 1.00000000e+001 8.91861479e-005 7.30319210e-005 4.98937830e-005 4.48840362e-005 3.57583972e-005 3.32463797e-005 3.22088201e-005 2.56001125e-005 1.88982792e-005 
1.25000000e+000 3.33928571e+001 1.00000000e+001 6.07920952e-005 5.68608330e-005 4.07840202e-005 3.71345652e-005 3.03309524e-005 2.84077991e-005 2.76059383e-005 2.23411538e-005 1.67820174e-005 
1.25000000e+000 3.21428571e+001 1.00000000e+001 3.83096210e-005 4.20397172e-005 3.19578527e-005 2.95229440e-005 2.48501801e-005 2.34821861e-005 2.29044636e-005 1.89457127e-005 1.45331213e-005 
1.25000000e+000 3.05357143e+001 1.00000000e+001 2.25211798e-005 2.97478139e-005 2.41844609e-005 2.27225639e-005 1.98114383e-005 1.89165009e-005 1.85316215e-005 1.57241121e-005 1.23576876e-005 
1.25000000e+000 2.85714286e+001 1.00000000e+001 1.24394584e-005 2.02827545e-005 1.78119119e-005 1.70652283e-005 1.54948517e-005 1.49722722e-005 1.47408431e-005 1.28750289e-005 1.03974424e-005 
1.25000000e+000 2.62500000e+001 1.00000000e+001 6.56792877e-006 1.35528325e-005 1.29821830e-005 1.27124465e-005 1.20753410e-005 1.18228732e-005 1.17042392e-005 1.05530996e-005 8.77887720e-006 
1.25000000e+000 2.35714286e+001 1.00000000e+001 3.36048569e-006 8.99104513e-006 9.46859733e-006 9.49691303e-006 9.47884392e-006 9.41510252e-006 9.37654296e-006 8.75114276e-006 7.51785408e-006 
1.25000000e+000 2.05357143e+001 1.00000000e+001 1.66463611e-006 5.98607283e-006 7.01865314e-006 7.23046674e-006 7.61744047e-006 7.68365769e-006 7.70111861e-006 7.45507532e-006 6.62764285e-006 
1.25000000e+000 1.71428571e+001 1.00000000e+001 7.99024163e-007 4.02417744e-006 5.32361807e-006 5.64526139e-006 6.29557861e-006 6.45204075e-006 6.50916322e-006 6.54064272e-006 6.02172013e-006 
1.25000000e+000 1.33928571e+001 1.00000000e+001 3.79579300e-007 2.77234103e-006 4.15983102e-006 4.54223882e-006 5.36055086e-006 5.57989804e-006 5.66526190e-006 5.90055462e-006 5.61489335e-006 
1.25000000e+000 9.28571429e+000 1.00000000e+001 1.81982224e-007 1.98506102e-006 3.38071257e-006 3.79767374e-006 4.72598593e-006 4.98925925e-006 5.09462717e-006 5.47649306e-006 5.36088601e-006 
1.25000000e+000 4.82142857e+000 1.00000000e+001 9.91387526e-008 1.59394567e-006 3.00949966e-006 3.45314475e-006 4.46294072e-006 4.75760305e-006 4.87712135e-006 5.35664709e-006 5.34794393e-006 
1.25000000e+000 0.00000000e+000 1.00000000e+001 7.44985859e-008 1.44581341e-006 2.85232079e-006 3.30162707e-006 4.33384067e-006 4.63835507e-006 4.76246596e-006 5.27653801e-006 5.30946492e-006 
1.50000000e+000 3.50000000e+001 1.00000000e+001 1.34655341e-004 9.44857851e-005 6.09414055e-005 5.40421302e-005 4.17969416e-005 3.85219479e-005 3.71828107e-005 2.89180631e-005 2.08966781e-005 
1.50000000e+000 3.48214286e+001 1.00000000e+001 1.15236543e-004 8.56698202e-005 5.64209424e-005 5.02899070e-005 3.93019951e-005 3.63323067e-005 3.51136375e-005 2.75112864e-005 2.00223359e-005 
1.50000000e+000 3.42857143e+001 1.00000000e+001 8.31327287e-005 6.93951952e-005 4.76864648e-005 4.29522699e-005 3.42964381e-005 3.19049304e-005 3.09159822e-005 2.45991876e-005 1.81727749e-005 
1.50000000e+000 3.33928571e+001 1.00000000e+001 5.35489470e-005 5.21269149e-005 3.78869368e-005 3.46026399e-005 2.84308543e-005 2.66715033e-005 2.59358773e-005 2.10676018e-005 1.58785239e-005 
1.50000000e+000 3.21428571e+001 1.00000000e+001 3.14901709e-005 3.69106953e-005 2.86921914e-005 2.66459734e-005 2.26621925e-005 2.14770215e-005 2.09737793e-005 1.74680847e-005 1.34869152e-005 
1.50000000e+000 3.05357143e+001 1.00000000e+001 1.70645403e-005 2.48439036e-005 2.08763829e-005 1.97688263e-005 1.75059626e-005 1.67888081e-005 1.64771778e-005 1.41284755e-005 1.12167763e-005 
1.50000000e+000 2.85714286e+001 1.00000000e+001 8.58311920e-006 1.60075579e-005 1.47113399e-005 1.42474875e-005 1.32162525e-005 1.28483517e-005 1.26816740e-005 1.12396714e-005 9.20750062e-006 
1.50000000e+000 2.62500000e+001 1.00000000e+001 4.07607494e-006 1.00445585e-005 1.02115490e-005 1.01409084e-005 9.90501927e-006 9.77521678e-006 9.70910748e-006 8.92436340e-006 7.56680550e-006 
1.50000000e+000 2.35714286e+001 1.00000000e+001 1.85107563e-006 6.21239543e-006 7.05143013e-006 7.19852140e-006 7.44198362e-006 7.46681232e-006 7.46753393e-006 7.14362776e-006 6.29056876e-006 
1.50000000e+000 2.05357143e+001 1.00000000e+001 8.00711740e-007 3.81600422e-006 4.90852879e-006 5.16893674e-006 5.69087573e-006 5.81386268e-006 5.85814777e-006 5.85199340e-006 5.37011816e-006 
1.50000000e+000 1.71428571e+001 1.00000000e+001 3.29864501e-007 2.34045700e-006 3.46889528e-006 3.78001577e-006 4.45385707e-006 4.63805639e-006 4.71051104e-006 4.92442418e-006 4.71861926e-006 
1.50000000e+000 1.33928571e+001 1.00000000e+001 1.32237700e-007 1.45772883e-006 2.51367438e-006 2.83861281e-006 3.58624330e-006 3.80766232e-006 3.89808415e-006 4.26374792e-006 4.26158730e-006 
1.50000000e+000 9.28571429e+000 1.00000000e+001 5.25280472e-008 9.39170826e-007 1.89595702e-006 2.21916145e-006 3.00041833e-006 3.24437326e-006 3.34618314e-006 3.81454561e-006 3.95759150e-006 
1.50000000e+000 4.82142857e+000 1.00000000e+001 2.34246882e-008 6.85856009e-007 1.58751241e-006 1.91203244e-006 2.72194476e-006 2.98287649e-006 3.09310671e-006 3.63215028e-006 3.87093843e-006 
1.50000000e+000 0.00000000e+000 1.00000000e+001 1.57374343e-008 5.96353656e-007 1.46679251e-006 1.78826278e-006 2.60125035e-006 2.86639913e-006 2.97892430e-006 3.54062566e-006 3.81406426e-006 
1.75000000e+000 3.50000000e+001 1.00000000e+001 1.33970438e-004 9.37377541e-005 6.03423212e-005 5.34782143e-005 4.12991026e-005 3.80434636e-005 3.67125268e-005 2.85080728e-005 2.05603868e-005 
1.75000000e+000 3.48214286e+001 1.00000000e+001 1.12337532e-004 8.39029665e-005 5.53015246e-005 4.92952115e-005 3.85200333e-005 3.56052796e-005 3.44088428e-005 2.69437221e-005 1.95900370e-005 
1.75000000e+000 3.42857143e+001 1.00000000e+001 7.78056935e-005 6.62174502e-005 4.57836871e-005 4.12953920e-005 3.30583801e-005 3.07737369e-005 2.98277603e-005 2.37655337e-005 1.75731232e-005 
1.75000000e+000 3.33928571e+001 1.00000000e+001 4.74426979e-005 4.80461532e-005 3.53905790e-005 3.24243505e-005 2.68052096e-005 2.51892799e-005 2.45116062e-005 1.99881955e-005 1.51165412e-005 
1.75000000e+000 3.21428571e+001 1.00000000e+001 2.60785402e-005 3.26243115e-005 2.59313552e-005 2.42099261e-005 2.08074259e-005 1.97775590e-005 1.93376706e-005 1.62174447e-005 1.26018422e-005 
1.75000000e+000 3.05357143e+001 1.00000000e+001 1.30460113e-005 2.09129332e-005 1.81610775e-005 1.73330758e-005 1.55901896e-005 1.50176107e-005 1.47657636e-005 1.27941822e-005 1.02583928e-005 
1.75000000e+000 2.85714286e+001 1.00000000e+001 5.98226716e-006 1.27480570e-005 1.22589895e-005 1.20012642e-005 1.13735564e-005 1.11241814e-005 1.10074572e-005 9.89790028e-006 8.22136756e-006 
1.75000000e+000 2.62500000e+001 1.00000000e+001 2.55696294e-006 7.51911439e-006 8.11289876e-006 8.17100258e-006 8.20637363e-006 8.16295211e-006 8.13428352e-006 7.61955413e-006 6.58005901e-006 
1.75000000e+000 2.35714286e+001 1.00000000e+001 1.03098141e-006 4.33949856e-006 5.31027344e-006 5.51778531e-006 5.90765644e-006 5.98661801e-006 6.01197702e-006 5.89120391e-006 5.31192220e-006 
1.75000000e+000 2.05357143e+001 1.00000000e+001 3.89699399e-007 2.46261532e-006 3.47591235e-006 3.74123598e-006 4.30208451e-006 4.45005551e-006 4.50723158e-006 4.64124893e-006 4.38978041e-006 
1.75000000e+000 1.71428571e+001 1.00000000e+001 1.37958460e-007 1.38035982e-006 2.29104844e-006 2.56442220e-006 3.18835720e-006 3.37200201e-006 3.44687490e-006 3.74318863e-006 3.72630691e-006 
1.75000000e+000 1.33928571e+001 1.00000000e+001 4.67525601e-008 7.78036407e-007 1.53875173e-006 1.79565823e-006 2.42379467e-006 2.62321856e-006 2.70710395e-006 3.10432007e-006 3.25321666e-006 
1.75000000e+000 9.28571429e+000 1.00000000e+001 1.54158138e-008 4.50185346e-007 1.07357735e-006 1.30805890e-006 1.91766085e-006 2.12264221e-006 2.21072683e-006 2.66896792e-006 2.93123043e-006 
1.75000000e+000 4.82142857e+000 1.00000000e+001 5.60501783e-009 2.96848020e-007 8.40435170e-007 1.06201106e-006 1.66381588e-006 1.87391408e-006 1.96541016e-006 2.46628458e-006 2.80459841e-006 
1.75000000e+000 0.00000000e+000 1.00000000e+001 3.32485680e-009 2.45987599e-007 7.54308690e-007 9.68597375e-007 1.56133970e-006 1.77139217e-006 1.86334028e-006 2.37582627e-006 2.73985656e-006 
2.00000000e+000 3.50000000e+001 1.00000000e+001 1.33445501e-004 9.31654340e-005 5.98831636e-005 5.30458831e-005 4.09173476e-005 3.76765217e-005 3.63518488e-005 2.81931471e-005 2.03004694e-005 
2.00000000e+000 3.48214286e+001 1.00000000e+001 1.09707012e-004 8.23524973e-005 5.43408516e-005 4.84472624e-005 3.78635819e-005 3.49978928e-005 3.38212365e-005 2.64760814e-005 1.92369166e-005 
2.00000000e+000 3.42857143e+001 1.00000000e+001 7.30395216e-005 6.33742689e-005 4.40955112e-005 3.98304748e-005 3.19741895e-005 2.97865999e-005 2.88796083e-005 2.30465321e-005 1.70611709e-005 
2.00000000e+000 3.33928571e+001 1.00000000e+001 4.22176465e-005 4.44605170e-005 3.31895777e-005 3.05043324e-005 2.53762308e-005 2.38882703e-005 2.32623467e-005 1.90463829e-005 1.44557683e-005 
2.00000000e+000 3.21428571e+001 1.00000000e+001 2.17202070e-005 2.89790277e-005 2.35492208e-005 2.21025728e-005 1.91974218e-005 1.83017417e-005 1.79167398e-005 1.51317671e-005 1.18346107e-005 
2.00000000e+000 3.05357143e+001 1.00000000e+001 1.00419400e-005 1.77081480e-005 1.58887904e-005 1.52834866e-005 1.39627726e-005 1.35096294e-005 1.33074231e-005 1.16523668e-005 9.43546233e-006 
2.00000000e+000 2.85714286e+001 1.00000000e+001 4.20151638e-006 1.02207719e-005 1.02819531e-005 1.01747600e-005 9.85131427e-006 9.69398591e-006 9.61640108e-006 8.77293652e-006 7.38752469e-006 
2.00000000e+000 2.62500000e+001 1.00000000e+001 1.61705285e-006 5.67016053e-006 6.49236522e-006 6.63163396e-006 6.84877682e-006 6.86651658e-006 6.86479260e-006 6.55267287e-006 5.76179927e-006 
2.00000000e+000 2.35714286e+001 1.00000000e+001 5.78993888e-007 3.05522205e-006 4.03127045e-006 4.26379998e-006 4.72801604e-006 4.83901588e-006 4.87955077e-006 4.89683396e-006 4.51863978e-006 
2.00000000e+000 2.05357143e+001 1.00000000e+001 1.91317592e-007 1.60319576e-006 2.48383339e-006 2.73262733e-006 3.28153525e-006 3.43650078e-006 3.49851792e-006 3.71158704e-006 3.61498601e-006 
2.00000000e+000 1.71428571e+001 1.00000000e+001 5.82446706e-008 8.22338291e-007 1.52856420e-006 1.75725821e-006 2.30402772e-006 2.47405547e-006 2.54504775e-006 2.86829242e-006 2.96268391e-006 
2.00000000e+000 1.33928571e+001 1.00000000e+001 1.67035132e-008 4.19954016e-007 9.51784089e-007 1.14724294e-006 1.65239972e-006 1.82211664e-006 1.89512167e-006 2.27540136e-006 2.49662628e-006 
2.00000000e+000 9.28571429e+000 1.00000000e+001 4.57893391e-009 2.18125470e-007 6.13055985e-007 7.76983013e-007 1.23314108e-006 1.39657702e-006 1.46850375e-006 1.87537447e-006 2.17786399e-006 
2.00000000e+000 4.82142857e+000 1.00000000e+001 1.35557804e-009 1.29183796e-007 4.46468488e-007 5.91653314e-007 1.01923289e-006 1.17953461e-006 1.25117923e-006 1.67695195e-006 2.03397101e-006 
2.00000000e+000 0.00000000e+000 1.00000000e+001 7.02529613e-010 1.01470581e-007 3.87917716e-007 5.24642952e-007 9.37170646e-007 1.09470763e-006 1.16554753e-006 1.59423767e-006 1.96820447e-006 
2.25000000e+000 3.50000000e+001 1.00000000e+001 1.33028476e-004 9.27127348e-005 5.95194860e-005 5.27033216e-005 4.06147470e-005 3.73856705e-005 3.60659686e-005 2.79434965e-005 2.00939138e-005 
2.25000000e+000 3.48214286e+001 1.00000000e+001 1.07279497e-004 8.09574809e-005 5.34922637e-005 4.77024628e-005 3.72945995e-005 3.44737374e-005 3.33151127e-005 2.60779986e-005 1.89396364e-005 
2.25000000e+000 3.42857143e+001 1.00000000e+001 6.87262776e-005 6.07894514e-005 4.25683422e-005 3.85083502e-005 3.10023681e-005 2.89041406e-005 2.80330399e-005 2.24100434e-005 1.66125841e-005 
2.25000000e+000 3.33928571e+001 1.00000000e+001 3.76988598e-005 4.12682403e-005 3.12186273e-005 2.87839937e-005 2.40965471e-005 2.27240424e-005 2.21448784e-005 1.82069910e-005 1.38701597e-005 
2.25000000e+000 3.21428571e+001 1.00000000e+001 1.81722204e-005 2.58408064e-005 2.14649591e-005 2.02527002e-005 1.77767901e-005 1.69982017e-005 1.66612552e-005 1.41716663e-005 1.11567893e-005 
2.25000000e+000 3.05357143e+001 1.00000000e+001 7.77139797e-006 1.50639227e-005 1.39616565e-005 1.35346429e-005 1.25588523e-005 1.22051999e-005 1.20445952e-005 1.06584415e-005 8.71655418e-006 
2.25000000e+000 2.85714286e+001 1.00000000e+001 2.96866989e-006 8.23767444e-006 8.66684607e-006 8.66894658e-006 8.57470700e-006 8.48916694e-006 8.44243534e-006 7.81427611e-006 6.67104028e-006 
2.25000000e+000 2.62500000e+001 1.00000000e+001 1.02915532e-006 4.30027598e-006 5.22419148e-006 5.41187531e-006 5.74730237e-006 5.80792829e-006 5.82550855e-006 5.66650952e-006 5.07296793e-006 
2.25000000e+000 2.35714286e+001 1.00000000e+001 3.27270354e-007 2.16400301e-006 3.07881793e-006 3.31483787e-006 3.80729721e-006 3.93563946e-006 3.98499226e-006 4.09542180e-006 3.86669304e-006 
2.25000000e+000 2.05357143e+001 1.00000000e+001 9.45597012e-008 1.05059203e-006 1.78700583e-006 2.00965794e-006 2.52042836e-006 2.67212563e-006 2.73426349e-006 2.98793101e-006 2.99529910e-006 
2.25000000e+000 1.71428571e+001 1.00000000e+001 2.47684708e-008 4.93593648e-007 1.02777354e-006 1.21350835e-006 1.67754170e-006 1.82867503e-006 1.89296189e-006 2.21276207e-006 2.36944711e-006 
2.25000000e+000 1.33928571e+001 1.00000000e+001 6.01482808e-009 2.28625580e-007 5.93640568e-007 7.38927578e-007 1.13478926e-006 1.27457727e-006 1.33584895e-006 1.67775280e-006 1.92524113e-006 
2.25000000e+000 9.28571429e+000 1.00000000e+001 1.37230990e-009 1.06621190e-007 3.52651947e-007 4.64669244e-007 7.97368683e-007 9.23606845e-007 9.80339267e-007 1.32299398e-006 1.62295971e-006 
2.25000000e+000 4.82142857e+000 1.00000000e+001 3.30814796e-010 5.65043302e-008 2.37962300e-007 3.30565723e-007 6.25685545e-007 7.43867897e-007 7.97945683e-007 1.14178562e-006 1.47649720e-006 
2.25000000e+000 0.00000000e+000 1.00000000e+001 1.48459693e-010 4.18585912e-008 1.99498740e-007 2.84179650e-007 5.62530352e-007 6.76529805e-007 7.29076173e-007 1.06978171e-006 1.41388850e-006 
2.50000000e+000 3.50000000e+001 1.00000000e+001 1.32687700e-004 9.23451578e-005 5.92239866e-005 5.24248757e-005 4.03686348e-005 3.71491020e-005 3.58334433e-005 2.77404681e-005 1.99258136e-005 
2.50000000e+000 3.48214286e+001 1.00000000e+001 1.05012766e-004 7.96796053e-005 5.27267196e-005 4.70337608e-005 3.67895513e-005 3.40102581e-005 3.28683287e-005 2.57303691e-005 1.86830294e-005 
2.50000000e+000 3.42857143e+001 1.00000000e+001 6.47904225e-005 5.84126240e-005 4.11676665e-005 3.72975770e-005 3.01166677e-005 2.81014737e-005 2.72637304e-005 2.18355643e-005 1.62113952e-005 
2.50000000e+000 3.33928571e+001 1.00000000e+001 3.37595445e-005 3.83988505e-005 2.94339901e-005 2.72244799e-005 2.29353084e-005 2.16677533e-005 2.11311687e-005 1.74471296e-005 1.33423763e-005 
2.50000000e+000 3.21428571e+001 1.00000000e+001 1.52601163e-005 2.31145119e-005 1.96228016e-005 1.86116614e-005 1.65084557e-005 1.58327091e-005 1.55381242e-005 1.33109528e-005 1.05491274e-005 
2.50000000e+000 3.05357143e+001 1.00000000e+001 6.04072300e-006 1.28625515e-005 1.23112183e-005 1.20272541e-005 1.13341855e-005 1.10637906e-005 1.09382307e-005 9.78220035e-006 8.08003665e-006 
2.50000000e+000 2.85714286e+001 1.00000000e+001 2.10784314e-006 6.66757119e-006 7.33456030e-006 7.41501360e-006 7.49229660e-006 7.46267746e-006 7.44027948e-006 6.98725362e-006 6.04753514e-006 
2.50000000e+000 2.62500000e+001 1.00000000e+001 6.58359489e-007 3.27628019e-006 4.22206484e-006 4.43557012e-006 4.84372004e-006 4.93370220e-006 4.96488481e-006 4.92151844e-006 4.48601160e-006 
2.50000000e+000 2.35714286e+001 1.00000000e+001 1.85953151e-007 1.54009206e-006 2.36248175e-006 2.58925780e-006 3.08056541e-006 3.21632831e-006 3.27014109e-006 3.44185198e-006 3.32474973e-006 
2.50000000e+000 2.05357143e+001 1.00000000e+001 4.69899012e-008 6.92021725e-007 1.29244488e-006 1.48582680e-006 1.94633478e-006 2.08905284e-006 2.14857128e-006 2.41830319e-006 2.49457662e-006 
2.50000000e+000 1.71428571e+001 1.00000000e+001 1.05933478e-008 2.97996916e-007 6.95232607e-007 8.43111853e-007 1.22879667e-006 1.35975586e-006 1.41635327e-006 1.71671219e-006 1.90466231e-006 
2.50000000e+000 1.33928571e+001 1.00000000e+001 2.17923322e-009 1.25297413e-007 3.72751690e-007 4.79089185e-007 7.84144728e-007 8.96917549e-007 9.47183644e-007 1.24355731e-006 1.49110699e-006 
2.50000000e+000 9.28571429e+000 1.00000000e+001 4.14119632e-010 5.24940089e-008 2.04144649e-007 2.79549666e-007 5.18173654e-007 6.13679391e-007 6.57431442e-007 9.36771761e-007 1.21286815e-006 
2.50000000e+000 4.82142857e+000 1.00000000e+001 8.13449793e-011 2.48303530e-008 1.27228609e-007 1.85202069e-007 3.84878726e-007 4.69981800e-007 5.09791545e-007 7.78435496e-007 1.07282270e-006 
2.50000000e+000 0.00000000e+000 1.00000000e+001 3.13764828e-011 1.72681780e-008 1.02600791e-007 1.53932619e-007 3.37659707e-007 4.18100868e-007 4.56058874e-007 7.17862015e-007 1.01569349e-006 
0.00000000e+000 3.50000000e+001 2.00000000e+001 2.49457102e-004 1.68021621e-004 1.05775948e-004 9.30610283e-005 7.05270980e-005 6.45305662e-005 6.20860700e-005 4.72717794e-005 3.33724614e-005 
0.00000000e+000 3.48214286e+001 2.00000000e+001 2.47481948e-004 1.66727441e-004 1.04969105e-004 9.23531538e-005 6.99941972e-005 6.40440385e-005 6.16184039e-005 4.69174878e-005 3.31228035e-005 
0.00000000e+000 3.42857143e+001 2.00000000e+001 2.41495452e-004 1.62802993e-004 1.02520953e-004 9.02048710e-005 6.83762483e-005 6.25667022e-005 6.01982768e-005 4.58413472e-005 3.23642054e-005 
0.00000000e+000 3.33928571e+001 2.00000000e+001 2.31945720e-004 1.56536065e-004 9.86121662e-005 8.67752953e-005 6.57945045e-005 6.02098253e-005 5.79328867e-005 4.41257398e-005 3.11553204e-005 
0.00000000e+000 3.21428571e+001 2.00000000e+001 2.19663987e-004 1.48494763e-004 9.36035362e-005 8.23827965e-005 6.24922954e-005 5.71968225e-005 5.50375365e-005 4.19364522e-005 2.96145271e-005 
0.00000000e+000 3.05357143e+001 2.00000000e+001 2.05212004e-004 1.39022486e-004 8.77081760e-005 7.72148067e-005 5.86125684e-005 5.36590462e-005 5.16388684e-005 3.93713213e-005 2.78115107e-005 
0.00000000e+000 2.85714286e+001 2.00000000e+001 1.89361847e-004 1.28635794e-004 8.12525740e-005 7.15593504e-005 5.43760278e-005 4.97994563e-005 4.79326117e-005 3.65817145e-005 2.58545981e-005 
0.00000000e+000 2.62500000e+001 2.00000000e+001 1.73027833e-004 1.17922762e-004 7.46046099e-005 6.57403321e-005 5.00301482e-005 4.58452904e-005 4.41377289e-005 3.37355908e-005 2.38625999e-005 
0.00000000e+000 2.35714286e+001 2.00000000e+001 1.56870855e-004 1.07312612e-004 6.80311258e-005 5.99935464e-005 4.57578773e-005 4.19654446e-005 4.04173170e-005 3.09594329e-005 2.19256567e-005 
0.00000000e+000 2.05357143e+001 2.00000000e+001 1.41389658e-004 9.71136488e-005 6.17250665e-005 5.44902596e-005 4.16925756e-005 3.82827443e-005 3.68897969e-005 2.83436072e-005 2.01068363e-005 
0.00000000e+000 1.71428571e+001 2.00000000e+001 1.27312568e-004 8.78046790e-005 5.59859457e-005 4.94945889e-005 3.80358583e-005 3.49817373e-005 3.37326712e-005 2.60221723e-005 1.84995626e-005 
0.00000000e+000 1.33928571e+001 2.00000000e+001 1.14206895e-004 7.91018483e-005 5.06325726e-005 4.48459475e-005 3.46627412e-005 3.19466621e-005 3.08339281e-005 2.39066600e-005 1.70395735e-005 
0.00000000e+000 9.28571429e+000 2.00000000e+001 1.02627398e-004 7.13827118e-005 4.59089097e-005 4.07609398e-005 3.17333220e-005 2.93209579e-005 2.83301614e-005 2.20943987e-005 1.57934727e-005 
0.00000000e+000 4.82142857e+000 2.00000000e+001 9.81724718e-005 6.84665645e-005 4.41960148e-005 3.93147838e-005 3.07765591e-005 2.84896479e-005 2.75482288e-005 2.15720802e-005 1.54506771e-005 
0.00000000e+000 0.00000000e+000 2.00000000e+001 9.70005644e-005 6.77128684e-005 4.37349647e-005 3.89229636e-005 3.05224276e-005 2.82719461e-005 2.73448568e-005 2.14423951e-005 1.53685073e-005 
2.50000000e-001 3.50000000e+001 2.00000000e+001 1.95689910e-004 1.39768653e-004 9.05735184e-005 8.03037747e-005 6.18747022e-005 5.69021931e-005 5.48656161e-005 4.23415980e-005 3.03435475e-005 
2.50000000e-001 3.48214286e+001 2.00000000e+001 1.88773898e-004 1.36504854e-004 8.88238432e-005 7.88290173e-005 6.08554906e-005 5.59955413e-005 5.40036787e-005 4.17311872e-005 2.99433874e-005 
2.50000000e-001 3.42857143e+001 2.00000000e+001 1.73090386e-004 1.28621549e-004 8.44657495e-005 7.51243105e-005 5.82467813e-005 5.36613369e-005 5.17790406e-005 4.01310630e-005 2.88762232e-005 
2.50000000e-001 3.33928571e+001 2.00000000e+001 1.52720137e-004 1.17798753e-004 7.83371777e-005 6.98815102e-005 5.45051398e-005 5.02998656e-005 4.85698723e-005 3.77986650e-005 2.73031445e-005 
2.50000000e-001 3.21428571e+001 2.00000000e+001 1.30638725e-004 1.05439900e-004 7.11949545e-005 6.37402824e-005 5.00764215e-005 4.63091483e-005 4.47551924e-005 3.50055528e-005 2.54044205e-005 
2.50000000e-001 3.05357143e+001 2.00000000e+001 1.08740300e-004 9.24597194e-005 6.35289473e-005 5.71133672e-005 4.52461916e-005 4.19435549e-005 4.05770030e-005 3.19241275e-005 2.32934652e-005 
2.50000000e-001 2.85714286e+001 2.00000000e+001 8.85020289e-005 7.97414661e-005 5.58564136e-005 5.04468817e-005 4.03387972e-005 3.74962954e-005 3.63159903e-005 2.87618403e-005 2.11121904e-005 
2.50000000e-001 2.62500000e+001 2.00000000e+001 7.07850397e-005 6.79104722e-005 4.85679717e-005 4.40835218e-005 3.56131348e-005 3.32041619e-005 3.21999412e-005 2.56917997e-005 1.89822468e-005 
2.50000000e-001 2.35714286e+001 2.00000000e+001 5.59645282e-005 5.73838531e-005 4.19453356e-005 3.82748494e-005 3.12659492e-005 2.92487151e-005 2.84041138e-005 2.28494214e-005 1.69998377e-005 
2.50000000e-001 2.05357143e+001 2.00000000e+001 4.39653325e-005 4.82893550e-005 3.61010044e-005 3.31271580e-005 2.73891976e-005 2.57168559e-005 2.50131558e-005 2.03030200e-005 1.52151884e-005 
2.50000000e-001 1.71428571e+001 2.00000000e+001 3.46247770e-005 4.07440104e-005 3.11598430e-005 2.87617344e-005 2.40921223e-005 2.27128051e-005 2.21289871e-005 1.81369596e-005 1.36923243e-005 
2.50000000e-001 1.33928571e+001 2.00000000e+001 2.75251693e-005 3.45538225e-005 2.70059915e-005 2.50761796e-005 2.12934974e-005 2.01604555e-005 1.96775584e-005 1.62904091e-005 1.23849038e-005 
2.50000000e-001 9.28571429e+000 2.00000000e+001 2.23642751e-005 2.96916628e-005 2.36739955e-005 2.21123839e-005 1.90388368e-005 1.81039852e-005 1.77022843e-005 1.48003434e-005 1.13236008e-005 
2.50000000e-001 4.82142857e+000 2.00000000e+001 1.99340531e-005 2.75460115e-005 2.22907844e-005 2.09122888e-005 1.81900024e-005 1.73502131e-005 1.69867360e-005 1.42977443e-005 1.09848372e-005 
2.50000000e-001 0.00000000e+000 2.00000000e+001 1.92036834e-005 2.69216584e-005 2.18847423e-005 2.05599589e-005 1.79453371e-005 1.71351437e-005 1.67835513e-005 1.41596629e-005 1.08947829e-005 
5.00000000e-001 3.50000000e+001 2.00000000e+001 1.84393430e-004 1.29794518e-004 8.39255687e-005 7.44168474e-005 5.74141681e-005 5.28390278e-005 5.09665587e-005 3.94517344e-005 2.84127069e-005 
5.00000000e-001 3.48214286e+001 2.00000000e+001 1.73283311e-004 1.24767274e-004 8.13117674e-005 7.22350211e-005 5.59410196e-005 5.15387940e-005 4.97346949e-005 3.85988185e-005 2.78687046e-005 
5.00000000e-001 3.42857143e+001 2.00000000e+001 1.50178201e-004 1.13544611e-004 7.52784722e-005 6.71518981e-005 5.24374236e-005 4.84262022e-005 4.67774817e-005 3.65147679e-005 2.65124751e-005 
5.00000000e-001 3.33928571e+001 2.00000000e+001 1.22716317e-004 9.91780298e-005 6.73117218e-005 6.03848017e-005 4.76909471e-005 4.41869225e-005 4.27406895e-005 3.36300445e-005 2.46064459e-005 
5.00000000e-001 3.21428571e+001 2.00000000e+001 9.56102690e-005 8.38293156e-005 5.85391425e-005 5.28762494e-005 4.23407871e-005 3.93862446e-005 3.81603975e-005 3.03185048e-005 2.23911881e-005 
5.00000000e-001 3.05357143e+001 2.00000000e+001 7.14424891e-005 6.88413019e-005 4.96781143e-005 4.52280361e-005 3.67969556e-005 3.43870363e-005 3.33807966e-005 2.68202274e-005 2.00206674e-005 
5.00000000e-001 2.85714286e+001 2.00000000e+001 5.15081101e-005 5.52103173e-005 4.13347676e-005 3.79656438e-005 3.14432238e-005 2.95360919e-005 2.87337370e-005 2.33792592e-005 1.76604337e-005 
5.00000000e-001 2.62500000e+001 2.00000000e+001 3.60612577e-005 4.34692926e-005 3.38812082e-005 3.14212539e-005 2.65367599e-005 2.50697188e-005 2.44469171e-005 2.01698892e-005 1.54335263e-005 
5.00000000e-001 2.35714286e+001 2.00000000e+001 2.46728508e-005 3.38054373e-005 2.75161622e-005 2.57848925e-005 2.22431053e-005 2.11445186e-005 2.06729671e-005 1.73160395e-005 1.34315836e-005 
5.00000000e-001 2.05357143e+001 2.00000000e+001 1.66001521e-005 2.61067328e-005 2.22481637e-005 2.10802959e-005 1.86040682e-005 1.78045740e-005 1.74565524e-005 1.48609017e-005 1.16906691e-005 
5.00000000e-001 1.71428571e+001 2.00000000e+001 1.11025178e-005 2.02036103e-005 1.80581882e-005 1.73101622e-005 1.56512436e-005 1.50863620e-005 1.48357599e-005 1.28464450e-005 1.02493643e-005 
5.00000000e-001 1.33928571e+001 2.00000000e+001 7.48672050e-006 1.57952578e-005 1.47979811e-005 1.43512248e-005 1.32988891e-005 1.29124974e-005 1.27364306e-005 1.12163729e-005 9.06696787e-006 
5.00000000e-001 9.28571429e+000 2.00000000e+001 5.22309936e-006 1.26540273e-005 1.23812625e-005 1.21413213e-005 1.15199124e-005 1.12631056e-005 1.11413853e-005 9.96650326e-006 8.14833627e-006 
5.00000000e-001 4.82142857e+000 2.00000000e+001 4.13512417e-006 1.11614561e-005 1.12880810e-005 1.11619619e-005 1.07766917e-005 1.05888395e-005 1.04955819e-005 9.49032926e-006 7.81770562e-006 
5.00000000e-001 0.00000000e+000 2.00000000e+001 3.80396184e-006 1.07055888e-005 1.09521223e-005 1.08611585e-005 1.05514014e-005 1.03858695e-005 1.03018205e-005 9.35079054e-006 7.72353840e-006 
7.50000000e-001 3.50000000e+001 2.00000000e+001 1.80043908e-004 1.25298626e-004 8.05742483e-005 7.13502074e-005 5.49134155e-005 5.05076801e-005 4.87070209e-005 3.76701421e-005 2.71391519e-005 
7.50000000e-001 3.48214286e+001 2.00000000e+001 1.65172950e-004 1.18655833e-004 7.71590373e-005 6.85102847e-005 5.30143546e-005 4.88372159e-005 4.71267948e-005 3.65872666e-005 2.64576845e-005 
7.50000000e-001 3.42857143e+001 2.00000000e+001 1.36005885e-004 1.04549771e-004 6.96418821e-005 6.21977178e-005 4.87005728e-005 4.50166721e-005 4.35019934e-005 3.40568955e-005 2.48313920e-005 
7.50000000e-001 3.33928571e+001 2.00000000e+001 1.03637401e-004 8.73901387e-005 6.01524596e-005 5.41518775e-005 4.30886390e-005 4.00154011e-005 3.87443986e-005 3.06814998e-005 2.26234423e-005 
7.50000000e-001 3.21428571e+001 2.00000000e+001 7.41116489e-005 7.00130353e-005 5.01605227e-005 4.55969641e-005 3.70003333e-005 3.45573140e-005 3.35392852e-005 2.69330572e-005 2.01327682e-005 
7.50000000e-001 3.05357143e+001 2.00000000e+001 5.01161448e-005 5.40459647e-005 4.05592777e-005 3.72852326e-005 3.09501310e-005 2.90976454e-005 2.83183385e-005 2.31114537e-005 1.75501856e-005 
7.50000000e-001 2.85714286e+001 2.00000000e+001 3.22665739e-005 4.04349860e-005 3.19753317e-005 2.97680375e-005 2.53502809e-005 2.40108513e-005 2.34405728e-005 1.94830696e-005 1.50573343e-005 
7.50000000e-001 2.62500000e+001 2.00000000e+001 1.99249317e-005 2.94972955e-005 2.47133904e-005 2.33301453e-005 2.04371346e-005 1.95174587e-005 1.91197233e-005 1.62162322e-005 1.27755087e-005 
7.50000000e-001 2.35714286e+001 2.00000000e+001 1.18738682e-005 2.11165649e-005 1.88452717e-005 1.80632254e-005 1.63209845e-005 1.57283393e-005 1.54663228e-005 1.34109788e-005 1.07847872e-005 
7.50000000e-001 2.05357143e+001 2.00000000e+001 6.86993504e-006 1.49247834e-005 1.42607401e-005 1.38959214e-005 1.29856932e-005 1.26382167e-005 1.24790084e-005 1.10818964e-005 9.10534365e-006 
7.50000000e-001 1.71428571e+001 2.00000000e+001 3.89916004e-006 1.05233472e-005 1.08155784e-005 1.07263504e-005 1.03931459e-005 1.02225515e-005 1.01383045e-005 9.23249547e-006 7.75254286e-006 
7.50000000e-001 1.33928571e+001 2.00000000e+001 2.20594396e-006 7.49532547e-006 8.30294488e-006 8.38509455e-006 8.43264243e-006 8.38411384e-006 8.35219162e-006 7.79851316e-006 6.68376973e-006 
7.50000000e-001 9.28571429e+000 2.00000000e+001 1.28899253e-006 5.51281465e-006 6.56137946e-006 6.74289656e-006 7.02730869e-006 7.05838820e-006 7.06097580e-006 6.74574759e-006 5.88431829e-006 
7.50000000e-001 4.82142857e+000 2.00000000e+001 8.75139744e-007 4.55389293e-006 5.73901990e-006 5.97792794e-006 6.39980618e-006 6.47602589e-006 6.49793067e-006 6.30853611e-006 5.56931920e-006 
7.50000000e-001 0.00000000e+000 2.00000000e+001 7.53925159e-007 4.25791813e-006 5.48149793e-006 5.73809286e-006 6.20432604e-006 6.29536634e-006 6.32362303e-006 6.17532064e-006 5.47551363e-006 
1.00000000e+000 3.50000000e+001 2.00000000e+001 1.77749903e-004 1.22831247e-004 7.86476821e-005 6.95577444e-005 5.33890196e-005 4.90656993e-005 4.73004243e-005 3.65128332e-005 2.62685307e-005 
1.00000000e+000 3.48214286e+001 2.00000000e+001 1.59412477e-004 1.14679283e-004 7.44787970e-005 6.60976817e-005 5.10867048e-005 4.70441447e-005 4.53896152e-005 3.52107318e-005 2.54552799e-005 
1.00000000e+000 3.42857143e+001 2.00000000e+001 1.25113506e-004 9.80231540e-005 6.56258010e-005 5.86729850e-005 4.60322521e-005 4.25742317e-005 4.11515888e-005 3.22666548e-005 2.35760687e-005 
1.00000000e+000 3.33928571e+001 2.00000000e+001 8.92664064e-005 7.86126434e-005 5.48572156e-005 4.95417313e-005 3.96696585e-005 3.69077339e-005 3.57629892e-005 2.84544286e-005 2.10944384e-005 
1.00000000e+000 3.21428571e+001 2.00000000e+001 5.88476266e-005 5.98719231e-005 4.39551454e-005 4.01877443e-005 3.29919770e-005 3.09180642e-005 3.00499807e-005 2.43396990e-005 1.83655858e-005 
1.00000000e+000 3.05357143e+001 2.00000000e+001 3.61738640e-005 4.35801569e-005 3.39388159e-005 3.14761662e-005 2.65982335e-005 2.51366293e-005 2.45169428e-005 2.02740745e-005 1.56133014e-005 
1.00000000e+000 2.85714286e+001 2.00000000e+001 2.08909594e-005 3.05103851e-005 2.54024921e-005 2.39427659e-005 2.09050124e-005 1.99452760e-005 1.95312662e-005 1.65350022e-005 1.30292614e-005 
1.00000000e+000 2.62500000e+001 2.00000000e+001 1.14274782e-005 2.06814488e-005 1.85432782e-005 1.77930757e-005 1.61096805e-005 1.55337501e-005 1.52789400e-005 1.32771734e-005 1.07293507e-005 
1.00000000e+000 2.35714286e+001 2.00000000e+001 5.95688826e-006 1.36598284e-005 1.32876609e-005 1.30034741e-005 1.22544756e-005 1.19557191e-005 1.18174829e-005 1.05691810e-005 8.77745807e-006 
1.00000000e+000 2.05357143e+001 2.00000000e+001 2.97624196e-006 8.84520999e-006 9.40518365e-006 9.40437380e-006 9.26148787e-006 9.15293918e-006 9.09601855e-006 8.39450464e-006 7.17638772e-006 
1.00000000e+000 1.71428571e+001 2.00000000e+001 1.43876043e-006 5.67549550e-006 6.64726227e-006 6.80432216e-006 7.03034060e-006 7.04586854e-006 7.04299945e-006 6.72126221e-006 5.91987742e-006 
1.00000000e+000 1.33928571e+001 2.00000000e+001 6.83196680e-007 3.66313297e-006 4.75369074e-006 4.98802419e-006 5.42022585e-006 5.51164513e-006 5.54259549e-006 5.47147085e-006 4.95911923e-006 
1.00000000e+000 9.28571429e+000 2.00000000e+001 3.31500687e-007 2.44857451e-006 3.51971128e-006 3.78469292e-006 4.31991044e-006 4.45415320e-006 4.50471627e-006 4.58832906e-006 4.26407214e-006 
1.00000000e+000 4.82142857e+000 2.00000000e+001 1.88622990e-007 1.87041009e-006 2.92913647e-006 3.21220535e-006 3.80944943e-006 3.96893192e-006 4.03092621e-006 4.19955717e-006 3.97154008e-006 
1.00000000e+000 0.00000000e+000 2.00000000e+001 1.49506393e-007 1.69379909e-006 2.74374829e-006 3.03177128e-006 3.64842123e-006 3.81612113e-006 3.88185950e-006 4.07836831e-006 3.88189898e-006 
1.25000000e+000 3.50000000e+001 2.00000000e+001 1.76327067e-004 1.21280993e-004 7.74160644e-005 6.84034582e-005 5.23864778e-005 4.81096037e-005 4.63642988e-005 3.57217902e-005 2.56515763e-005 
1.25000000e+000 3.48214286e+001 2.00000000e+001 1.54747382e-004 1.11701637e-004 7.25309464e-005 6.43532790e-005 4.96992526e-005 4.57525866e-005 4.41374790e-005 3.42094932e-005 2.47114797e-005 
1.25000000e+000 3.42857143e+001 2.00000000e+001 1.16020834e-004 9.27538872e-005 6.24595377e-005 5.59103418e-005 4.39610777e-005 4.06817030e-005 3.93313101e-005 3.08794569e-005 2.25944051e-005 
1.25000000e+000 3.33928571e+001 2.00000000e+001 7.77175205e-005 7.15038950e-005 5.06028954e-005 4.58471152e-005 3.69415246e-005 3.44297286e-005 3.33860317e-005 2.66762475e-005 1.98639757e-005 
1.25000000e+000 3.21428571e+001 2.00000000e+001 4.73649924e-005 5.18768528e-005 3.90250979e-005 3.58844959e-005 2.97933107e-005 2.80102043e-005 2.72601554e-005 2.22545789e-005 1.69294724e-005 
1.25000000e+000 3.05357143e+001 2.00000000e+001 2.65398817e-005 3.56830662e-005 2.88244255e-005 2.69647609e-005 2.31807060e-005 2.20149180e-005 2.15162885e-005 1.80097615e-005 1.40437566e-005 
1.25000000e+000 2.85714286e+001 2.00000000e+001 1.37849488e-005 2.34285655e-005 2.05196496e-005 1.95739147e-005 1.75044998e-005 1.68161729e-005 1.65144925e-005 1.42208643e-005 1.14034477e-005 
1.25000000e+000 2.62500000e+001 2.00000000e+001 6.69596992e-006 1.47886802e-005 1.41711369e-005 1.38139797e-005 1.29078185e-005 1.25599956e-005 1.24009890e-005 1.10217909e-005 9.11536876e-006 
1.25000000e+000 2.35714286e+001 2.00000000e+001 3.06049473e-006 9.03059151e-006 9.55558874e-006 9.54014691e-006 9.35853079e-006 9.23682750e-006 9.17441951e-006 8.44513507e-006 7.22415694e-006 
1.25000000e+000 2.05357143e+001 2.00000000e+001 1.32367523e-006 5.36679229e-006 6.33089597e-006 6.48908807e-006 6.71698125e-006 6.73487950e-006 6.73363000e-006 6.44204982e-006 5.71424321e-006 
1.25000000e+000 1.71428571e+001 2.00000000e+001 5.46476054e-007 3.13634345e-006 4.16730021e-006 4.39676055e-006 4.82887960e-006 4.92624078e-006 4.96100579e-006 4.94837315e-006 4.55919163e-006 
1.25000000e+000 1.33928571e+001 2.00000000e+001 2.18321466e-007 1.83125800e-006 2.76783246e-006 3.01286447e-006 3.52599965e-006 3.66352981e-006 3.71745912e-006 3.87081051e-006 3.70195176e-006 
1.25000000e+000 9.28571429e+000 2.00000000e+001 8.78404195e-008 1.10576616e-006 1.90899454e-006 2.14504336e-006 2.67483760e-006 2.82921276e-006 2.89194560e-006 3.13563658e-006 3.10031904e-006 
1.25000000e+000 4.82142857e+000 2.00000000e+001 4.13216645e-008 7.73132524e-007 1.50064929e-006 1.73166454e-006 2.27276191e-006 2.43741419e-006 2.50543343e-006 2.79961825e-006 2.83495501e-006 
1.25000000e+000 0.00000000e+000 2.00000000e+001 2.96639883e-008 6.73913479e-007 1.37351447e-006 1.60200059e-006 2.14556260e-006 2.31337616e-006 2.38306267e-006 2.69357519e-006 2.75216455e-006 
1.50000000e+000 3.50000000e+001 2.00000000e+001 1.75354007e-004 1.20215814e-004 7.65636797e-005 6.76021114e-005 5.16836552e-005 4.74365572e-005 4.57040083e-005 3.51551983e-005 2.51989841e-005 
1.50000000e+000 3.48214286e+001 2.00000000e+001 1.50713810e-004 1.09275495e-004 7.09928980e-005 6.29864022e-005 4.86266958e-005 4.47570639e-005 4.31733127e-005 3.34403442e-005 2.41363151e-005 
1.50000000e+000 3.42857143e+001 2.00000000e+001 1.08123829e-004 8.82465720e-005 5.97996202e-005 5.36027136e-005 4.22523406e-005 3.91258000e-005 3.78368912e-005 2.97480397e-005 2.17945242e-005 
1.50000000e+000 3.33928571e+001 2.00000000e+001 6.81327421e-005 6.54832930e-005 4.70095775e-005 4.27324824e-005 3.46534022e-005 3.23547699e-005 3.13970053e-005 2.51928701e-005 1.88370190e-005 
1.50000000e+000 3.21428571e+001 2.00000000e+001 3.84644904e-005 4.53252470e-005 3.49381415e-005 3.23108419e-005 2.71304548e-005 2.55880976e-005 2.49358113e-005 2.05139187e-005 1.57249314e-005 
1.50000000e+000 3.05357143e+001 2.00000000e+001 1.96835459e-005 2.95066172e-005 2.47189160e-005 2.33235877e-005 2.03945150e-005 1.94627422e-005 1.90601795e-005 1.61423557e-005 1.27363290e-005 
1.50000000e+000 2.85714286e+001 2.00000000e+001 9.21136621e-006 1.81969677e-005 1.67597076e-005 1.61783699e-005 1.48133000e-005 1.43268559e-005 1.41092697e-005 1.23506500e-005 1.00683286e-005 
1.50000000e+000 2.62500000e+001 2.00000000e+001 3.97958434e-006 1.07124533e-005 1.09651913e-005 1.08567342e-005 1.04637291e-005 1.02722994e-005 1.01797165e-005 9.24568180e-006 7.81530478e-006 
1.50000000e+000 2.35714286e+001 2.00000000e+001 1.59720739e-006 6.05697360e-006 6.96657681e-006 7.09374073e-006 7.23711135e-006 7.22374747e-006 7.20865335e-006 6.82145472e-006 6.00064807e-006 
1.50000000e+000 2.05357143e+001 2.00000000e+001 5.98832016e-007 3.30853779e-006 4.32484359e-006 4.54190521e-006 4.93506234e-006 5.01774139e-006 5.04613068e-006 4.99676909e-006 4.58992679e-006 
1.50000000e+000 1.71428571e+001 2.00000000e+001 2.11473798e-007 1.76322832e-006 2.65241193e-006 2.88223204e-006 3.35845793e-006 3.48526657e-006 3.53505394e-006 3.67857672e-006 3.53804779e-006 
1.50000000e+000 1.33928571e+001 2.00000000e+001 7.12183728e-008 9.31378816e-007 1.63400402e-006 1.84324703e-006 2.31784707e-006 2.45888997e-006 2.51689607e-006 2.75912409e-006 2.77914725e-006 
1.50000000e+000 9.28571429e+000 2.00000000e+001 2.37819027e-008 5.06406829e-007 1.04563719e-006 1.22649378e-006 1.66737518e-006 1.80809809e-006 1.86750853e-006 2.15250539e-006 2.26145994e-006 
1.50000000e+000 4.82142857e+000 2.00000000e+001 9.18214243e-009 3.21505866e-007 7.71619377e-007 9.36466292e-007 1.35900642e-006 1.49988893e-006 1.56024957e-006 1.86898675e-006 2.02562735e-006 
1.50000000e+000 0.00000000e+000 2.00000000e+001 5.88892778e-009 2.68178435e-007 6.87647835e-007 8.46576507e-007 1.26183688e-006 1.40246904e-006 1.46302884e-006 1.77904718e-006 1.95126093e-006 
1.75000000e+000 3.50000000e+001 2.00000000e+001 1.74643154e-004 1.19437657e-004 7.59385889e-005 6.70135646e-005 5.11650818e-005 4.69389473e-005 4.52153469e-005 3.47323844e-005 2.48561526e-005 
1.75000000e+000 3.48214286e+001 2.00000000e+001 1.47095530e-004 1.07192429e-004 6.97079617e-005 6.18531072e-005 4.77512619e-005 4.39480146e-005 4.23910982e-005 3.28215249e-005 2.36746300e-005 
1.75000000e+000 3.42857143e+001 2.00000000e+001 1.01109903e-004 8.42596233e-005 5.74746229e-005 5.15944524e-005 4.07813098e-005 3.77911005e-005 3.65568798e-005 2.87874271e-005 2.11196538e-005 
1.75000000e+000 3.33928571e+001 2.00000000e+001 6.00250708e-005 6.02497301e-005 4.38797771e-005 4.00215860e-005 3.26684551e-005 3.05572799e-005 2.96750564e-005 2.39138194e-005 1.79540713e-005 
1.75000000e+000 3.21428571e+001 2.00000000e+001 3.14378822e-005 3.98316137e-005 3.14593783e-005 2.92609386e-005 2.48491951e-005 2.35116003e-005 2.29426168e-005 1.90193834e-005 1.46885933e-005 
1.75000000e+000 3.05357143e+001 2.00000000e+001 1.47131300e-005 2.45694051e-005 2.13420679e-005 2.03105207e-005 1.80637166e-005 1.73216583e-005 1.69973200e-005 1.45635403e-005 1.16226996e-005 
1.75000000e+000 2.85714286e+001 2.00000000e+001 6.21148823e-006 1.42481540e-005 1.37960137e-005 1.34759219e-005 1.26317522e-005 1.22987345e-005 1.21455655e-005 1.08048663e-005 8.95003319e-006 
1.75000000e+000 2.62500000e+001 2.00000000e+001 2.38945911e-006 7.83104384e-006 8.55986539e-006 8.60764821e-006 8.55517953e-006 8.47252533e-006 8.42677518e-006 7.81800372e-006 6.74950366e-006 
1.75000000e+000 2.35714286e+001 2.00000000e+001 8.42949062e-007 4.10421690e-006 5.12944926e-006 5.32640841e-006 5.64941310e-006 5.70181113e-006 5.71618622e-006 5.55714518e-006 5.02201645e-006 
1.75000000e+000 2.05357143e+001 2.00000000e+001 2.74215527e-007 2.06286039e-006 2.98671254e-006 3.21310019e-006 3.66244105e-006 3.77512948e-006 3.81820289e-006 3.90969254e-006 3.71425896e-006 
1.75000000e+000 1.71428571e+001 2.00000000e+001 8.29129350e-008 1.00368854e-006 1.70788601e-006 1.91070599e-006 2.35959124e-006 2.48990634e-006 2.54313164e-006 2.75735149e-006 2.76411395e-006 
1.75000000e+000 1.33928571e+001 2.00000000e+001 2.35680359e-008 4.79957883e-007 9.75571938e-007 1.13971400e-006 1.53744523e-006 1.66440280e-006 1.71815891e-006 1.98008367e-006 2.09727821e-006 
1.75000000e+000 9.28571429e+000 2.00000000e+001 6.54045856e-009 2.34647122e-007 5.77752205e-007 7.06843905e-007 1.04580841e-006 1.16209635e-006 1.21257165e-006 1.48389978e-006 1.65468466e-006 
1.75000000e+000 4.82142857e+000 2.00000000e+001 2.06560365e-009 1.34457570e-007 3.98155082e-007 5.07977011e-007 8.14407751e-007 9.24792608e-007 9.73467607e-007 1.24944262e-006 1.44875291e-006 
1.75000000e+000 0.00000000e+000 2.00000000e+001 1.16971033e-009 1.06738430e-007 3.44304499e-007 4.47411333e-007 7.42148828e-007 8.50282403e-007 8.98239297e-007 1.17506397e-006 1.38346149e-006 
2.00000000e+000 3.50000000e+001 2.00000000e+001 1.74098415e-004 1.18843384e-004 7.54601293e-005 6.65626692e-005 5.07667939e-005 4.65563636e-005 4.48394536e-005 3.44057116e-005 2.45888925e-005 
2.00000000e+000 3.48214286e+001 2.00000000e+001 1.43775703e-004 1.05341809e-004 6.85920302e-005 6.08754745e-005 4.70072807e-005 4.32635714e-005 4.17306149e-005 3.23045565e-005 2.32917848e-005 
2.00000000e+000 3.42857143e+001 2.00000000e+001 9.47915321e-005 8.06580566e-005 5.53895602e-005 4.97989637e-005 3.94770732e-005 3.66112875e-005 3.54269136e-005 2.79466141e-005 2.05338238e-005 
2.00000000e+000 3.33928571e+001 2.00000000e+001 5.30801769e-005 5.56241759e-005 4.10990816e-005 3.76124073e-005 3.09065490e-005 2.89631428e-005 2.81485749e-005 2.27837165e-005 1.71768892e-005 
2.00000000e+000 3.21428571e+001 2.00000000e+001 2.58212691e-005 3.51555303e-005 2.84466330e-005 2.66106541e-005 2.28561382e-005 2.16953833e-005 2.11985420e-005 1.77093188e-005 1.37789680e-005 
2.00000000e+000 3.05357143e+001 2.00000000e+001 1.10637726e-005 2.05652361e-005 1.85191397e-005 1.77750339e-005 1.60786132e-005 1.54924485e-005 1.52327380e-005 1.32037546e-005 1.06572486e-005 
2.00000000e+000 2.85714286e+001 2.00000000e+001 4.21777641e-006 1.12241436e-005 1.14226245e-005 1.12898204e-005 1.08329358e-005 1.06177040e-005 1.05144571e-005 9.50519721e-006 7.99830492e-006 
2.00000000e+000 2.62500000e+001 2.00000000e+001 1.44590353e-006 5.76407259e-006 6.72639912e-006 6.86929514e-006 7.03991559e-006 7.03292645e-006 7.02031198e-006 6.65184743e-006 5.86297227e-006 
2.00000000e+000 2.35714286e+001 2.00000000e+001 4.48678054e-007 2.80232581e-006 3.80480925e-006 4.02884083e-006 4.44181505e-006 4.53264224e-006 4.56490266e-006 4.55787525e-006 4.22899210e-006 
2.00000000e+000 2.05357143e+001 2.00000000e+001 1.26720858e-007 1.29705835e-006 2.07960467e-006 2.29160835e-006 2.73941770e-006 2.86225452e-006 2.91128271e-006 3.08099437e-006 3.02455347e-006 
2.00000000e+000 1.71428571e+001 2.00000000e+001 3.28266769e-008 5.76671296e-007 1.10961032e-006 1.27784433e-006 1.67150153e-006 1.79307673e-006 1.84400234e-006 2.08142997e-006 2.17225159e-006 
2.00000000e+000 1.33928571e+001 2.00000000e+001 7.88220044e-009 2.49844424e-007 5.87819400e-007 7.10913827e-007 1.02769823e-006 1.13491692e-006 1.18133840e-006 1.42963477e-006 1.59028764e-006 
2.00000000e+000 9.28571429e+000 2.00000000e+001 1.81991356e-009 1.09785286e-007 3.21678273e-007 4.10233956e-007 6.59665761e-007 7.50813886e-007 7.91306757e-007 1.02706375e-006 1.21429876e-006 
2.00000000e+000 4.82142857e+000 2.00000000e+001 4.69584688e-010 5.65301575e-008 2.06140372e-007 2.76357591e-007 4.89091236e-007 5.71300544e-007 6.08480280e-007 8.36409020e-007 1.03715868e-006 
2.00000000e+000 0.00000000e+000 2.00000000e+001 2.32463190e-010 4.24907880e-008 1.72410214e-007 2.36474816e-007 4.36520364e-007 5.15532372e-007 5.51509392e-007 7.76159913e-007 9.80910903e-007 
2.25000000e+000 3.50000000e+001 2.00000000e+001 1.73665530e-004 1.18373976e-004 7.50817635e-005 6.62058837e-005 5.04511192e-005 4.62529492e-005 4.45412589e-005 3.41459347e-005 2.43752419e-005 
2.25000000e+000 3.48214286e+001 2.00000000e+001 1.40684310e-004 1.03658941e-004 6.75959582e-005 6.00078632e-005 4.63557783e-005 4.26667616e-005 4.11557503e-005 3.18595359e-005 2.29654538e-005 
2.25000000e+000 3.42857143e+001 2.00000000e+001 8.90444348e-005 7.73584638e-005 5.34869208e-005 4.81639290e-005 3.82965984e-005 3.55459315e-005 3.44076564e-005 2.71936976e-005 2.00136210e-005 
2.25000000e+000 3.33928571e+001 2.00000000e+001 4.70779914e-005 5.14892274e-005 3.85949297e-005 3.54406607e-005 2.93174483e-005 2.75258142e-005 2.67725307e-005 2.17671612e-005 1.64801823e-005 
2.25000000e+000 3.21428571e+001 2.00000000e+001 2.12910201e-005 3.11333033e-005 2.58060291e-005 2.42786529e-005 2.10907065e-005 2.00841127e-005 1.96503700e-005 1.65432953e-005 1.29680736e-005 
2.25000000e+000 3.05357143e+001 2.00000000e+001 8.35920675e-006 1.72841515e-005 1.61322034e-005 1.56160949e-005 1.43661812e-005 1.39090939e-005 1.37032235e-005 1.20163033e-005 9.80859177e-006 
2.25000000e+000 2.85714286e+001 2.00000000e+001 2.87981342e-006 8.88414788e-006 9.50039113e-006 9.50075993e-006 9.33124777e-006 9.20671663e-006 9.14233477e-006 8.39815017e-006 7.17796956e-006 
2.25000000e+000 2.62500000e+001 2.00000000e+001 8.80345053e-007 4.26552443e-006 5.31281010e-006 5.50991802e-006 5.82206443e-006 5.86706795e-006 5.87772154e-006 5.68733957e-006 5.11676595e-006 
2.25000000e+000 2.35714286e+001 2.00000000e+001 2.40427474e-007 1.92482286e-006 2.83847986e-006 3.06477875e-006 3.51201292e-006 3.62338817e-006 3.66584896e-006 3.75858582e-006 3.57931148e-006 
2.25000000e+000 2.05357143e+001 2.00000000e+001 5.89828723e-008 8.20884127e-007 1.45725790e-006 1.64478689e-006 2.06180920e-006 2.18353899e-006 2.23343063e-006 2.44217570e-006 2.47600483e-006 
2.25000000e+000 1.71428571e+001 2.00000000e+001 1.30960950e-008 3.33713949e-007 7.26010377e-007 8.60582225e-007 1.19202988e-006 1.29977152e-006 1.34579182e-006 1.58061451e-006 1.71595555e-006 
2.25000000e+000 1.33928571e+001 2.00000000e+001 2.65774272e-009 1.31090564e-007 3.56838398e-007 4.46669110e-007 6.91498819e-007 7.78783337e-007 8.17298384e-007 1.03777523e-006 1.21112272e-006 
2.25000000e+000 9.28571429e+000 2.00000000e+001 5.10968111e-010 5.17800216e-008 1.80300479e-007 2.39571960e-007 4.18239626e-007 4.87418325e-007 5.18796938e-007 7.13529597e-007 8.93630449e-007 
2.25000000e+000 4.82142857e+000 2.00000000e+001 1.07712007e-010 2.38841001e-008 1.07070215e-007 1.50772874e-007 2.94332582e-007 3.53588325e-007 3.81021017e-007 5.60663261e-007 7.43201292e-007 
2.25000000e+000 0.00000000e+000 2.00000000e+001 4.62234166e-011 1.69178641e-008 8.63429451e-008 1.24997082e-007 2.56769642e-007 3.12587416e-007 3.38637800e-007 5.12692001e-007 6.95509064e-007 
2.50000000e+000 3.50000000e+001 2.00000000e+001 1.73311582e-004 1.17993208e-004 7.47747780e-005 6.59162932e-005 5.01945969e-005 4.60062840e-005 4.42987901e-005 3.39343882e-005 2.42007129e-005 
2.50000000e+000 3.48214286e+001 2.00000000e+001 1.37776023e-004 1.02103144e-004 6.66889865e-005 5.92217121e-005 4.57722724e-005 4.21342883e-005 4.06437110e-005 3.14672754e-005 2.26808539e-005 
2.50000000e+000 3.42857143e+001 2.00000000e+001 8.37802058e-005 7.43052896e-005 5.17292969e-005 4.66554797e-005 3.72121726e-005 3.45689809e-005 3.34737437e-005 2.65078817e-005 1.95433709e-005 
2.50000000e+000 3.33928571e+001 2.00000000e+001 4.18557762e-005 4.77622724e-005 3.63178866e-005 3.34629081e-005 2.78676669e-005 2.62143341e-005 2.55169852e-005 2.08405226e-005 1.58467225e-005 
2.50000000e+000 3.21428571e+001 2.00000000e+001 1.76117996e-005 2.76465281e-005 2.34713176e-005 2.22079952e-005 1.95111592e-005 1.86397931e-005 1.82616000e-005 1.54936034e-005 1.22364492e-005 
2.50000000e+000 3.05357143e+001 2.00000000e+001 6.34038469e-006 1.45747367e-005 1.40968651e-005 1.37617464e-005 1.28749993e-005 1.25252374e-005 1.23644351e-005 1.09684671e-005 9.05446954e-006 
2.50000000e+000 2.85714286e+001 2.00000000e+001 1.97514808e-006 7.05917320e-006 7.93041184e-006 8.02394196e-006 8.06599512e-006 8.01117964e-006 7.97704889e-006 7.44572397e-006 6.46369477e-006 
2.50000000e+000 2.62500000e+001 2.00000000e+001 5.38699525e-007 3.17031451e-006 4.21359653e-006 4.43756396e-006 4.83415351e-006 4.91397182e-006 4.94066208e-006 4.88179084e-006 4.48259720e-006 
2.50000000e+000 2.35714286e+001 2.00000000e+001 1.29540558e-007 1.32844808e-006 2.12731378e-006 2.34204155e-006 2.78934539e-006 2.90952141e-006 2.95704187e-006 3.11310597e-006 3.04219386e-006 
2.50000000e+000 2.05357143e+001 2.00000000e+001 2.76145111e-008 5.22242710e-007 1.02636040e-006 1.18652568e-006 1.55960566e-006 1.67408844e-006 1.72194445e-006 1.94516697e-006 2.03605590e-006 
2.50000000e+000 1.71428571e+001 2.00000000e+001 5.25690909e-009 1.94221760e-007 4.77710569e-007 5.82835453e-007 8.54780263e-007 9.47309954e-007 9.87496781e-007 1.20640290e-006 1.36163010e-006 
2.50000000e+000 1.33928571e+001 2.00000000e+001 9.02007621e-010 6.92168968e-008 2.17951001e-007 2.82335341e-007 4.67902452e-007 5.37319548e-007 5.68480021e-007 7.56920651e-007 9.26019518e-007 
2.50000000e+000 9.28571429e+000 2.00000000e+001 1.44483791e-010 2.45853281e-008 1.01645434e-007 1.40674020e-007 2.66405281e-007 3.17809629e-007 3.41580420e-007 4.97437088e-007 6.59400809e-007 
2.50000000e+000 4.82142857e+000 2.00000000e+001 2.48950834e-011 1.01369716e-008 5.57827861e-008 8.24795843e-008 1.77483751e-007 2.19240496e-007 2.39005200e-007 3.76317471e-007 5.33054808e-007 
2.50000000e+000 0.00000000e+000 2.00000000e+001 9.19602107e-012 6.73709680e-009 4.32448291e-008 6.60772301e-008 1.51045730e-007 1.89543892e-007 2.07940734e-007 3.38670587e-007 4.93158769e-007 
END