TITLE="2RS_E_WD210.dat"
VARIABLES= "Density" "Radius" "Height" "0.1053" "0.356" "0.6617" "0.7889" "1.1732" "1.3325" "1.408" "2" "3" 
ZONE T="3D Data" I=11 J=15 K=3 F=POINT
0.00000000e+000 3.50000000e+001 0.00000000e+000 2.64800704e-004 1.77937214e-004 1.13569031e-004 1.00476036e-004 7.72094583e-005 7.09571941e-005 6.83953159e-005 5.26011595e-005 3.73610255e-005 
0.00000000e+000 3.48214286e+001 0.00000000e+000 2.64515108e-004 1.77746689e-004 1.13438366e-004 1.00355721e-004 7.71068130e-005 7.08596894e-005 6.83000433e-005 5.25226201e-005 3.73038229e-005 
0.00000000e+000 3.42857143e+001 0.00000000e+000 2.63867817e-004 1.77315880e-004 1.13129695e-004 1.00068057e-004 7.68555067e-005 7.06195586e-005 6.80648869e-005 5.23270418e-005 3.71617590e-005 
0.00000000e+000 3.33928571e+001 0.00000000e+000 2.62496982e-004 1.76392349e-004 1.12486219e-004 9.94752466e-005 7.63518901e-005 7.01423313e-005 6.75991157e-005 5.19460052e-005 3.68864783e-005 
0.00000000e+000 3.21428571e+001 0.00000000e+000 2.60770798e-004 1.75310578e-004 1.11719693e-004 9.87621500e-005 7.57332807e-005 6.95529407e-005 6.70226630e-005 5.14698269e-005 3.65413715e-005 
0.00000000e+000 3.05357143e+001 0.00000000e+000 2.57807338e-004 1.73413391e-004 1.10414802e-004 9.75670321e-005 7.47350909e-005 6.86123840e-005 6.61068252e-005 5.07291162e-005 3.60070113e-005 
0.00000000e+000 2.85714286e+001 0.00000000e+000 2.53258463e-004 1.70445645e-004 1.08427076e-004 9.57688642e-005 7.32762378e-005 6.72494042e-005 6.47841908e-005 4.96768512e-005 3.52507861e-005 
0.00000000e+000 2.62500000e+001 0.00000000e+000 2.45416792e-004 1.65294630e-004 1.05067320e-004 9.27673956e-005 7.09156622e-005 6.50647669e-005 6.26723891e-005 4.80284388e-005 3.40717706e-005 
0.00000000e+000 2.35714286e+001 0.00000000e+000 2.32115008e-004 1.56442512e-004 9.94388135e-005 8.77955110e-005 6.71125224e-005 6.15752194e-005 5.93111070e-005 4.54520498e-005 3.22418552e-005 
0.00000000e+000 2.05357143e+001 0.00000000e+000 2.10186241e-004 1.41947966e-004 9.03624380e-005 7.98289030e-005 6.11160047e-005 5.61015921e-005 5.40501015e-005 4.14661490e-005 2.94258062e-005 
0.00000000e+000 1.71428571e+001 0.00000000e+000 1.80892085e-004 1.22536320e-004 7.82612063e-005 6.92332302e-005 5.31957320e-005 4.88895833e-005 4.71255311e-005 3.62510080e-005 2.57523390e-005 
0.00000000e+000 1.33928571e+001 0.00000000e+000 1.46337191e-004 9.95898709e-005 6.39425454e-005 5.66942846e-005 4.38264913e-005 4.03612591e-005 3.89386082e-005 3.00925074e-005 2.14142120e-005 
0.00000000e+000 9.28571429e+000 0.00000000e+000 1.13895745e-004 7.80192293e-005 5.03794182e-005 4.47896644e-005 3.48971671e-005 3.22279805e-005 3.11293207e-005 2.42153425e-005 1.72743531e-005 
0.00000000e+000 4.82142857e+000 0.00000000e+000 8.85922235e-005 6.15098306e-005 3.97794876e-005 3.54149422e-005 2.77779884e-005 2.57301179e-005 2.48864425e-005 1.95130482e-005 1.39738297e-005 
0.00000000e+000 0.00000000e+000 0.00000000e+000 8.35711104e-005 5.82026131e-005 3.69989176e-005 3.27599208e-005 2.55034570e-005 2.36043293e-005 2.28269316e-005 1.79124020e-005 1.28501761e-005 
2.50000000e-001 3.50000000e+001 0.00000000e+000 1.97458157e-004 1.42644177e-004 9.45491503e-005 8.45158267e-005 6.64005827e-005 6.14354745e-005 5.93862735e-005 4.64642699e-005 3.35927877e-005 
2.50000000e-001 3.48214286e+001 0.00000000e+000 1.92897814e-004 1.40744018e-004 9.35844180e-005 8.37121725e-005 6.58569043e-005 6.09548525e-005 5.89306335e-005 4.61487557e-005 3.33954356e-005 
2.50000000e-001 3.42857143e+001 0.00000000e+000 1.82750325e-004 1.36415740e-004 9.13598501e-005 8.18524257e-005 6.45882948e-005 5.98303987e-005 5.78634232e-005 4.54049211e-005 3.29280209e-005 
2.50000000e-001 3.33928571e+001 0.00000000e+000 1.69031073e-004 1.30317577e-004 8.81654657e-005 7.91662665e-005 6.27308900e-005 5.81767306e-005 5.62909022e-005 4.42950798e-005 3.22199676e-005 
2.50000000e-001 3.21428571e+001 0.00000000e+000 1.53362661e-004 1.23199543e-004 8.43997542e-005 7.59898596e-005 6.05183206e-005 5.62021998e-005 5.44113697e-005 4.29605492e-005 3.13641047e-005 
2.50000000e-001 3.05357143e+001 0.00000000e+000 1.36312217e-004 1.14973662e-004 7.99325599e-005 7.21963495e-005 5.78388705e-005 5.38008634e-005 5.21213808e-005 4.13147114e-005 3.02902935e-005 
2.50000000e-001 2.85714286e+001 0.00000000e+000 1.18832039e-004 1.05940578e-004 7.48834249e-005 6.78786398e-005 5.47460146e-005 5.10174304e-005 4.94622485e-005 3.93808581e-005 2.90072808e-005 
2.50000000e-001 2.62500000e+001 0.00000000e+000 1.01341639e-004 9.59860121e-005 6.90732580e-005 6.28573050e-005 5.10722666e-005 4.76905538e-005 4.62754595e-005 3.70224164e-005 2.74034938e-005 
2.50000000e-001 2.35714286e+001 0.00000000e+000 8.40584535e-005 8.47757170e-005 6.21865102e-005 5.68363348e-005 4.65701581e-005 4.35886068e-005 4.23361179e-005 3.40581913e-005 2.53396516e-005 
2.50000000e-001 2.05357143e+001 0.00000000e+000 6.70050683e-005 7.19969551e-005 5.38785574e-005 4.94787239e-005 4.09330446e-005 3.84177397e-005 3.73561922e-005 3.02445910e-005 2.26235676e-005 
2.50000000e-001 1.71428571e+001 0.00000000e+000 5.11156549e-005 5.84198060e-005 4.46319862e-005 4.12050491e-005 3.44716413e-005 3.24601533e-005 3.16064164e-005 2.57851957e-005 1.93984114e-005 
2.50000000e-001 1.33928571e+001 0.00000000e+000 3.71923059e-005 4.49963548e-005 3.50871638e-005 3.25771792e-005 2.76000508e-005 2.60901529e-005 2.54449891e-005 2.09444623e-005 1.58476428e-005 
2.50000000e-001 9.28571429e+000 0.00000000e+000 2.65718375e-005 3.37917058e-005 2.68243636e-005 2.50403311e-005 2.14928240e-005 2.04030197e-005 1.99340608e-005 1.65714744e-005 1.26095314e-005 
2.50000000e-001 4.82142857e+000 0.00000000e+000 1.94922546e-005 2.59067953e-005 2.07676596e-005 1.94484797e-005 1.68627372e-005 1.60706812e-005 1.57285002e-005 1.32082889e-005 1.01102879e-005 
2.50000000e-001 0.00000000e+000 0.00000000e+000 1.79596450e-005 2.42476506e-005 1.91713679e-005 1.78687742e-005 1.53981804e-005 1.46685072e-005 1.43561683e-005 1.20755435e-005 9.26676363e-006 
5.00000000e-001 3.50000000e+001 0.00000000e+000 1.84911654e-004 1.30738171e-004 8.64036952e-005 7.72627178e-005 6.08569824e-005 5.63773400e-005 5.45296727e-005 4.28572601e-005 3.11793709e-005 
5.00000000e-001 3.48214286e+001 0.00000000e+000 1.76783008e-004 1.27323043e-004 8.46792683e-005 7.58321320e-005 5.99025496e-005 5.55383312e-005 5.37363078e-005 4.23172605e-005 3.08478586e-005 
5.00000000e-001 3.42857143e+001 0.00000000e+000 1.59562523e-004 1.19788546e-004 8.08082671e-005 7.26062375e-005 5.77293458e-005 5.36222396e-005 5.19221605e-005 4.10730924e-005 3.00786976e-005 
5.00000000e-001 3.33928571e+001 0.00000000e+000 1.37743163e-004 1.09693963e-004 7.55134471e-005 6.81692238e-005 5.47034498e-005 5.09439501e-005 4.93820925e-005 3.93120596e-005 2.89757085e-005 
5.00000000e-001 3.21428571e+001 0.00000000e+000 1.14465773e-004 9.83220921e-005 6.94349103e-005 6.30518012e-005 5.11797887e-005 4.78161023e-005 4.64120653e-005 3.72378669e-005 2.76671683e-005 
5.00000000e-001 3.05357143e+001 0.00000000e+000 9.15129953e-005 8.61160280e-005 6.27079581e-005 5.73458025e-005 4.71893001e-005 4.42570713e-005 4.30257331e-005 3.48416464e-005 2.61295755e-005 
5.00000000e-001 2.85714286e+001 0.00000000e+000 7.05253040e-005 7.38089925e-005 5.56784119e-005 5.13311754e-005 4.29073807e-005 4.04176259e-005 3.93642227e-005 3.22126028e-005 2.44111714e-005 
5.00000000e-001 2.62500000e+001 0.00000000e+000 5.23697114e-005 6.17901993e-005 4.84747979e-005 4.50922780e-005 3.83514105e-005 3.63006284e-005 3.54249185e-005 2.93227386e-005 2.24694164e-005 
5.00000000e-001 2.35714286e+001 0.00000000e+000 3.74120427e-005 5.02366163e-005 4.11094102e-005 3.86142006e-005 3.34684290e-005 3.18461334e-005 3.11454447e-005 2.61019923e-005 2.02347159e-005 
5.00000000e-001 2.05357143e+001 0.00000000e+000 2.55746139e-005 3.93100093e-005 3.35981560e-005 3.18813938e-005 2.81923299e-005 2.69773719e-005 2.64451589e-005 2.24560890e-005 1.76127427e-005 
5.00000000e-001 1.71428571e+001 0.00000000e+000 1.67285144e-005 2.94769734e-005 2.63286712e-005 2.52488402e-005 2.28075144e-005 2.19575452e-005 2.15784023e-005 1.85832984e-005 1.47468533e-005 
5.00000000e-001 1.33928571e+001 0.00000000e+000 1.05252039e-005 2.11450454e-005 1.97008384e-005 1.90918035e-005 1.76252429e-005 1.70766428e-005 1.68260735e-005 1.47050278e-005 1.17993575e-005 
5.00000000e-001 9.28571429e+000 0.00000000e+000 6.60079224e-006 1.49587312e-005 1.44624330e-005 1.41495476e-005 1.33366402e-005 1.30033462e-005 1.28464027e-005 1.13931796e-005 9.23398184e-006 
5.00000000e-001 4.82142857e+000 0.00000000e+000 4.37843992e-006 1.09866317e-005 1.08841905e-005 1.07154930e-005 1.02599374e-005 1.00578889e-005 9.95974908e-006 8.95311643e-006 7.32199256e-006 
5.00000000e-001 0.00000000e+000 0.00000000e+000 3.85958106e-006 1.01017618e-005 9.93384404e-006 9.74645794e-006 9.29693615e-006 9.11549493e-006 9.02879152e-006 8.14065977e-006 6.68262555e-006 
7.50000000e-001 3.50000000e+001 0.00000000e+000 1.80632167e-004 1.25773814e-004 8.24831338e-005 7.36255990e-005 5.78172477e-005 5.35269292e-005 5.17609079e-005 4.06513182e-005 2.95918808e-005 
7.50000000e-001 3.48214286e+001 0.00000000e+000 1.69316965e-004 1.20984206e-004 8.00603421e-005 7.16162329e-005 5.64797949e-005 5.23526489e-005 5.06511596e-005 3.98991867e-005 2.91324063e-005 
7.50000000e-001 3.42857143e+001 0.00000000e+000 1.46293395e-004 1.10711644e-004 7.47496516e-005 6.71872939e-005 5.34971900e-005 4.97246497e-005 4.81638529e-005 3.81980711e-005 2.80837500e-005 
7.50000000e-001 3.33928571e+001 0.00000000e+000 1.18658957e-004 9.74507481e-005 6.77145861e-005 6.12820646e-005 4.94657362e-005 4.61576637e-005 4.47817997e-005 3.58589046e-005 2.66228718e-005 
7.50000000e-001 3.21428571e+001 0.00000000e+000 9.10472808e-005 8.30617442e-005 5.98634587e-005 5.46478463e-005 4.48756975e-005 4.20806775e-005 4.09099035e-005 3.31549115e-005 2.49175439e-005 
7.50000000e-001 3.05357143e+001 0.00000000e+000 6.60719469e-005 6.84628598e-005 5.15774977e-005 4.75801398e-005 3.98919900e-005 3.76290710e-005 3.66721259e-005 3.01508576e-005 2.29887194e-005 
7.50000000e-001 2.85714286e+001 0.00000000e+000 4.54482139e-005 5.46794911e-005 4.33814346e-005 4.05112281e-005 3.47946493e-005 3.30458864e-005 3.22969120e-005 2.69953946e-005 2.09212508e-005 
7.50000000e-001 2.62500000e+001 0.00000000e+000 2.96457377e-005 4.22933066e-005 3.55752052e-005 3.36817023e-005 2.97226625e-005 2.84449687e-005 2.78881748e-005 2.37394278e-005 1.87257445e-005 
7.50000000e-001 2.35714286e+001 0.00000000e+000 1.83529013e-005 3.15733478e-005 2.83142196e-005 2.72138948e-005 2.47369499e-005 2.38714874e-005 2.34848393e-005 2.03892268e-005 1.63847170e-005 
7.50000000e-001 2.05357143e+001 0.00000000e+000 1.07670838e-005 2.26372393e-005 2.17103572e-005 2.11993998e-005 1.98809849e-005 1.93547017e-005 1.91103502e-005 1.69369216e-005 1.38676566e-005 
7.50000000e-001 1.71428571e+001 0.00000000e+000 6.00374399e-006 1.55547109e-005 1.59831231e-005 1.58647445e-005 1.53712410e-005 1.51030301e-005 1.49692161e-005 1.35548112e-005 1.13069249e-005 
7.50000000e-001 1.33928571e+001 0.00000000e+000 3.21865729e-006 1.02768500e-005 1.12926782e-005 1.13910075e-005 1.14017906e-005 1.13077537e-005 1.12508107e-005 1.04098450e-005 8.83629563e-006 
7.50000000e-001 9.28571429e+000 0.00000000e+000 1.72729924e-006 6.75623760e-006 7.89040139e-006 8.07725134e-006 8.33541478e-006 8.34092873e-006 8.32979176e-006 7.86841017e-006 6.78331540e-006 
7.50000000e-001 4.82142857e+000 0.00000000e+000 1.00279955e-006 4.69051738e-006 5.72607692e-006 5.92304672e-006 6.25661750e-006 6.30739926e-006 6.31884534e-006 6.07719656e-006 5.30774586e-006 
7.50000000e-001 0.00000000e+000 0.00000000e+000 8.29437050e-007 4.20847599e-006 5.14732665e-006 5.31617165e-006 5.61319828e-006 5.66467071e-006 5.67833204e-006 5.48798071e-006 4.81910299e-006 
1.00000000e+000 3.50000000e+001 0.00000000e+000 1.78508111e-004 1.23246610e-004 8.03545579e-005 7.16039133e-005 5.60271796e-005 5.18157514e-005 5.00847892e-005 3.92432678e-005 2.85172562e-005 
1.00000000e+000 3.48214286e+001 0.00000000e+000 1.64246314e-004 1.17178265e-004 7.72789003e-005 6.90524526e-005 5.43291497e-005 5.03252602e-005 4.86763978e-005 3.82897870e-005 2.79355089e-005 
1.00000000e+000 3.42857143e+001 0.00000000e+000 1.36227951e-004 1.04483991e-004 7.06789844e-005 6.35420049e-005 5.06119836e-005 4.70490979e-005 4.55753407e-005 3.61682125e-005 2.66269259e-005 
1.00000000e+000 3.33928571e+001 0.00000000e+000 1.04217255e-004 8.86274775e-005 6.21717344e-005 5.63840466e-005 4.57061062e-005 4.27046710e-005 4.14548148e-005 3.33138173e-005 2.48415131e-005 
1.00000000e+000 3.21428571e+001 0.00000000e+000 7.41808608e-005 7.20528755e-005 5.29449862e-005 4.85528469e-005 4.02448481e-005 3.78442072e-005 3.68352133e-005 3.00738485e-005 2.27893031e-005 
1.00000000e+000 3.05357143e+001 0.00000000e+000 4.91330497e-005 5.60781739e-005 4.36023455e-005 4.05303040e-005 3.45181195e-005 3.27127371e-005 3.19440543e-005 2.65828525e-005 2.05337423e-005 
1.00000000e+000 2.85714286e+001 0.00000000e+000 3.03583822e-005 4.18790737e-005 3.47967425e-005 3.28633623e-005 2.88912993e-005 2.76300497e-005 2.70829763e-005 2.30414409e-005 1.81928574e-005 
1.00000000e+000 2.62500000e+001 0.00000000e+000 1.75175874e-005 3.00152574e-005 2.69000953e-005 2.58693993e-005 2.35770669e-005 2.27803350e-005 2.24245979e-005 1.95561732e-005 1.58176165e-005 
1.00000000e+000 2.35714286e+001 0.00000000e+000 9.46200442e-006 2.06094478e-005 2.00852251e-005 1.97060775e-005 1.86884293e-005 1.82617192e-005 1.80607357e-005 1.61806568e-005 1.34272860e-005 
1.00000000e+000 2.05357143e+001 0.00000000e+000 4.78717032e-006 1.35313742e-005 1.44188869e-005 1.44508443e-005 1.42958013e-005 1.41373345e-005 1.40509963e-005 1.29491700e-005 1.10296618e-005 
1.00000000e+000 1.71428571e+001 0.00000000e+000 2.28013218e-006 8.49327756e-006 9.93503379e-006 1.01809129e-005 1.05273182e-005 1.05418150e-005 1.05317511e-005 9.99485438e-006 8.73805349e-006 
1.00000000e+000 1.33928571e+001 0.00000000e+000 1.03788888e-006 5.13587798e-006 6.59175932e-006 6.90575192e-006 7.46342891e-006 7.56820528e-006 7.60029800e-006 7.42639017e-006 6.65388143e-006 
1.00000000e+000 9.28571429e+000 0.00000000e+000 4.70839567e-007 3.10709446e-006 4.35266889e-006 4.65519378e-006 5.24554395e-006 5.38334809e-006 5.43304559e-006 5.45786086e-006 4.99830800e-006 
1.00000000e+000 4.82142857e+000 0.00000000e+000 2.33786054e-007 2.01549147e-006 3.02367136e-006 3.28441236e-006 3.82383066e-006 3.96326643e-006 4.01647239e-006 4.13073859e-006 3.85126030e-006 
1.00000000e+000 0.00000000e+000 0.00000000e+000 1.78249179e-007 1.75328639e-006 2.66714284e-006 2.89968825e-006 3.38907367e-006 3.52021481e-006 3.57118230e-006 3.69969229e-006 3.47524419e-006 
1.25000000e+000 3.50000000e+001 0.00000000e+000 1.77228685e-004 1.21743582e-004 7.90650509e-005 7.03661122e-005 5.48959490e-005 5.07213356e-005 4.90069891e-005 3.83040722e-005 2.77676762e-005 
1.25000000e+000 3.48214286e+001 0.00000000e+000 1.60195743e-004 1.14466195e-004 7.53707532e-005 6.73005524e-005 5.28551320e-005 4.89299446e-005 4.73142885e-005 3.71582902e-005 2.70686408e-005 
1.25000000e+000 3.42857143e+001 0.00000000e+000 1.27781405e-004 9.95818509e-005 6.75945305e-005 6.08008895e-005 4.84621072e-005 4.50561986e-005 4.36468613e-005 3.46463417e-005 2.55168911e-005 
1.25000000e+000 3.33928571e+001 0.00000000e+000 9.24267255e-005 8.15484699e-005 5.78185080e-005 5.25559131e-005 4.27861929e-005 4.00239598e-005 3.88716938e-005 3.13294251e-005 2.34359900e-005 
1.25000000e+000 3.21428571e+001 0.00000000e+000 6.12071438e-005 6.33772209e-005 4.75116830e-005 4.37697770e-005 3.66073823e-005 3.45121820e-005 3.36280814e-005 2.76315285e-005 2.10800988e-005 
1.25000000e+000 3.05357143e+001 0.00000000e+000 3.71281536e-005 4.66978766e-005 3.74720624e-005 3.50904871e-005 3.03305021e-005 2.88674522e-005 2.82397315e-005 2.37529977e-005 1.85532350e-005 
1.25000000e+000 2.85714286e+001 0.00000000e+000 2.06894333e-005 3.27038120e-005 2.84299758e-005 2.71413725e-005 2.43861573e-005 2.34700031e-005 2.30666015e-005 1.99383787e-005 1.60028416e-005 
1.25000000e+000 2.62500000e+001 0.00000000e+000 1.06087512e-005 2.17835111e-005 2.07538133e-005 2.02553643e-005 1.90228460e-005 1.85420353e-005 1.83198370e-005 1.63310265e-005 1.35096825e-005 
1.25000000e+000 2.35714286e+001 0.00000000e+000 5.02325588e-006 1.37921622e-005 1.45522038e-005 1.45561534e-005 1.43598776e-005 1.41950746e-005 1.41070804e-005 1.30084482e-005 1.11167155e-005 
1.25000000e+000 2.05357143e+001 0.00000000e+000 2.20044939e-006 8.30272978e-006 9.77857949e-006 1.00429625e-005 1.04441542e-005 1.04804696e-005 1.04805008e-005 1.00163599e-005 8.85107194e-006 
1.25000000e+000 1.71428571e+001 0.00000000e+000 8.97845031e-007 4.75825985e-006 6.29533656e-006 6.64842546e-006 7.30998194e-006 7.45234827e-006 7.50128118e-006 7.44164682e-006 6.80172205e-006 
1.25000000e+000 1.33928571e+001 0.00000000e+000 3.46991511e-007 2.62526136e-006 3.90863225e-006 4.24560862e-006 4.93774660e-006 5.11481400e-006 5.18240808e-006 5.33612866e-006 5.03661816e-006 
1.25000000e+000 9.28571429e+000 0.00000000e+000 1.32392914e-007 1.45179840e-006 2.42565057e-006 2.70688762e-006 3.32256420e-006 3.49489877e-006 3.56356891e-006 3.80170450e-006 3.69396536e-006 
1.25000000e+000 4.82142857e+000 0.00000000e+000 5.53741541e-008 8.71411206e-007 1.60245090e-006 1.82691005e-006 2.34209736e-006 2.49518037e-006 2.55774375e-006 2.81151507e-006 2.79707331e-006 
1.25000000e+000 0.00000000e+000 0.00000000e+000 3.83065014e-008 7.30434267e-007 1.38200933e-006 1.58162585e-006 2.04621718e-006 2.18757899e-006 2.24596681e-006 2.49412771e-006 2.50613512e-006 
1.50000000e+000 3.50000000e+001 0.00000000e+000 1.76369413e-004 1.20747063e-004 7.82103435e-005 6.95430643e-005 5.41331920e-005 4.99786360e-005 4.82733242e-005 3.76499725e-005 2.72287472e-005 
1.50000000e+000 3.48214286e+001 0.00000000e+000 1.56704651e-004 1.12314988e-004 7.39242348e-005 6.59854717e-005 5.17638821e-005 4.78987453e-005 4.63079653e-005 3.63194351e-005 2.64167192e-005 
1.50000000e+000 3.42857143e+001 0.00000000e+000 1.20373335e-004 9.54229381e-005 6.50606095e-005 5.85695233e-005 4.67420693e-005 4.34682342e-005 4.21125198e-005 3.34419983e-005 2.46360681e-005 
1.50000000e+000 3.33928571e+001 0.00000000e+000 8.24653501e-005 7.55395301e-005 5.41763441e-005 4.93690711e-005 4.03805148e-005 3.78211780e-005 3.67512114e-005 2.97066445e-005 2.22847066e-005 
1.50000000e+000 3.21428571e+001 0.00000000e+000 5.09115874e-005 5.62109158e-005 4.30166392e-005 3.98159246e-005 3.36065503e-005 3.17643165e-005 3.09834132e-005 2.56155272e-005 1.96621288e-005 
1.50000000e+000 3.05357143e+001 0.00000000e+000 2.83510724e-005 3.92853692e-005 3.25426449e-005 3.07013961e-005 2.69286427e-005 2.57367919e-005 2.52208573e-005 2.14304996e-005 1.69109323e-005 
1.50000000e+000 2.85714286e+001 0.00000000e+000 1.42870932e-005 2.58573199e-005 2.35135574e-005 2.26880034e-005 2.08224673e-005 2.01628171e-005 1.98667499e-005 1.74317642e-005 1.42040314e-005 
1.50000000e+000 2.62500000e+001 0.00000000e+000 6.53006736e-006 1.60449820e-005 1.62366536e-005 1.60764746e-005 1.55417359e-005 1.52762559e-005 1.51460936e-005 1.37837876e-005 1.16430577e-005 
1.50000000e+000 2.35714286e+001 0.00000000e+000 2.71919208e-006 9.38936916e-006 1.07066491e-005 1.09115715e-005 1.11790907e-005 1.11727885e-005 1.11546609e-005 1.05694075e-005 9.28375559e-006 
1.50000000e+000 2.05357143e+001 0.00000000e+000 1.03426112e-006 5.19094021e-006 6.73833270e-006 7.08538011e-006 7.72895460e-006 7.86442216e-006 7.91035516e-006 7.82492468e-006 7.15863232e-006 
1.50000000e+000 1.71428571e+001 0.00000000e+000 3.62340437e-007 2.71796042e-006 4.05128670e-006 4.40420541e-006 5.13581077e-006 5.32624122e-006 5.39976047e-006 5.58844442e-006 5.32931014e-006 
1.50000000e+000 1.33928571e+001 0.00000000e+000 1.18972449e-007 1.36642253e-006 2.34892213e-006 2.64203310e-006 3.29798652e-006 3.48711797e-006 3.56365258e-006 3.85962319e-006 3.83109908e-006 
1.50000000e+000 9.28571429e+000 0.00000000e+000 3.81064178e-008 6.87766999e-007 1.36432751e-006 1.58690393e-006 2.11739025e-006 2.28147500e-006 2.34977224e-006 2.65873645e-006 2.73784343e-006 
1.50000000e+000 4.82142857e+000 0.00000000e+000 1.32992369e-008 3.78973655e-007 8.52231252e-007 1.01926270e-006 1.43760313e-006 1.57391237e-006 1.63177406e-006 1.91616655e-006 2.03333456e-006 
1.50000000e+000 0.00000000e+000 0.00000000e+000 8.23224490e-009 3.04305424e-007 7.16103560e-007 8.62693110e-007 1.23544249e-006 1.35943486e-006 1.41252039e-006 1.68140304e-006 1.80727266e-006 
1.75000000e+000 3.50000000e+001 0.00000000e+000 1.75750938e-004 1.20035607e-004 7.76032558e-005 6.89585254e-005 5.35892700e-005 4.94475325e-005 4.77479194e-005 3.71756135e-005 2.68296250e-005 
1.75000000e+000 3.48214286e+001 0.00000000e+000 1.53570451e-004 1.10493452e-004 7.27472504e-005 6.49269389e-005 5.09032351e-005 4.70893903e-005 4.55195496e-005 3.56666647e-005 2.59082997e-005 
1.75000000e+000 3.42857143e+001 0.00000000e+000 1.13721931e-004 9.17447336e-005 6.28693387e-005 5.66546597e-005 4.52914744e-005 4.21358859e-005 4.08278612e-005 3.24446055e-005 2.39109398e-005 
1.75000000e+000 3.33928571e+001 0.00000000e+000 7.38878977e-005 7.02777784e-005 5.10082886e-005 4.66066857e-005 3.83141234e-005 3.59346544e-005 3.49374266e-005 2.83280385e-005 2.13107021e-005 
1.75000000e+000 3.21428571e+001 0.00000000e+000 4.25922135e-005 5.01316873e-005 3.91758750e-005 3.64365549e-005 3.10443739e-005 2.94194795e-005 2.87272063e-005 2.38977252e-005 1.84531048e-005 
1.75000000e+000 3.05357143e+001 0.00000000e+000 2.18126037e-005 3.32800681e-005 2.84632635e-005 2.70544441e-005 2.40820623e-005 2.31122502e-005 2.26880588e-005 1.94723798e-005 1.55172117e-005 
1.75000000e+000 2.85714286e+001 0.00000000e+000 9.96065143e-006 2.06208400e-005 1.96138514e-005 1.91271492e-005 1.79283343e-005 1.74650007e-005 1.72515934e-005 1.53595385e-005 1.26973679e-005 
1.75000000e+000 2.62500000e+001 0.00000000e+000 4.06712276e-006 1.19424894e-005 1.28307709e-005 1.28863221e-005 1.28172482e-005 1.27016026e-005 1.26363026e-005 1.17315394e-005 1.01084065e-005 
1.75000000e+000 2.35714286e+001 0.00000000e+000 1.49277131e-006 6.47158831e-006 7.96793517e-006 8.27080554e-006 8.79186879e-006 8.88089052e-006 8.90594373e-006 8.66210087e-006 7.80987220e-006 
1.75000000e+000 2.05357143e+001 0.00000000e+000 4.94008872e-007 3.29078896e-006 4.70090960e-006 5.05802818e-006 5.77950478e-006 5.96033703e-006 6.02889756e-006 6.16444200e-006 5.82954049e-006 
1.75000000e+000 1.71428571e+001 0.00000000e+000 1.48840216e-007 1.57573469e-006 2.63991034e-006 2.95193053e-006 3.64429021e-006 3.84245708e-006 3.92252937e-006 4.22860409e-006 4.20046082e-006 
1.75000000e+000 1.33928571e+001 0.00000000e+000 4.15442093e-008 7.21570925e-007 1.42772230e-006 1.66137479e-006 2.22140583e-006 2.39606765e-006 2.46912961e-006 2.80860687e-006 2.92743762e-006 
1.75000000e+000 9.28571429e+000 0.00000000e+000 1.11631372e-008 3.29689865e-007 7.73802551e-007 9.37271497e-007 1.35703769e-006 1.49707818e-006 1.55713150e-006 1.86650525e-006 2.03481371e-006 
1.75000000e+000 4.82142857e+000 0.00000000e+000 3.23260753e-009 1.65725334e-007 4.54775588e-007 5.70325581e-007 8.84258153e-007 9.94652549e-007 1.04288785e-006 1.30766687e-006 1.47949384e-006 
1.75000000e+000 0.00000000e+000 0.00000000e+000 1.76915106e-009 1.26776431e-007 3.71057183e-007 4.70553532e-007 7.45922030e-007 8.44798515e-007 8.88354265e-007 1.13350912e-006 1.30329554e-006 
2.00000000e+000 3.50000000e+001 0.00000000e+000 1.75283869e-004 1.19500702e-004 7.71491068e-005 6.85217386e-005 5.31830243e-005 4.90505616e-005 4.73550141e-005 3.68188295e-005 2.65256280e-005 
2.00000000e+000 3.48214286e+001 0.00000000e+000 1.50687475e-004 1.08886401e-004 7.17417153e-005 6.40313796e-005 5.01902011e-005 4.64228330e-005 4.48717971e-005 3.51368792e-005 2.54982029e-005 
2.00000000e+000 3.42857143e+001 0.00000000e+000 1.07664412e-004 8.84103953e-005 6.09117263e-005 5.49536940e-005 4.40214320e-005 4.09749903e-005 3.97108370e-005 3.15879983e-005 2.32946548e-005 
2.00000000e+000 3.33928571e+001 0.00000000e+000 6.64124886e-005 6.55835499e-005 4.81847266e-005 4.41493023e-005 3.64874363e-005 3.42710375e-005 3.33396976e-005 2.71220880e-005 2.04642797e-005 
2.00000000e+000 3.21428571e+001 0.00000000e+000 3.57890932e-005 4.48892685e-005 3.58260552e-005 3.34848260e-005 2.88041558e-005 2.73696840e-005 2.67551595e-005 2.23981940e-005 1.73989045e-005 
2.00000000e+000 3.05357143e+001 0.00000000e+000 1.68795376e-005 2.83370009e-005 2.50231230e-005 2.39640596e-005 2.16498336e-005 2.08651528e-005 2.05177444e-005 1.77869215e-005 1.43118062e-005 
2.00000000e+000 2.85714286e+001 0.00000000e+000 6.99562198e-006 1.65501421e-005 1.64636606e-005 1.62262276e-005 1.55324784e-005 1.52217985e-005 1.50731630e-005 1.36149339e-005 1.14146959e-005 
2.00000000e+000 2.62500000e+001 0.00000000e+000 2.55614568e-006 8.95883753e-006 1.02157875e-005 1.04061828e-005 1.06464325e-005 1.06357525e-005 1.06166049e-005 1.00511962e-005 8.82895442e-006 
2.00000000e+000 2.35714286e+001 0.00000000e+000 8.28325241e-007 4.50238338e-006 5.98191404e-006 6.32302728e-006 6.97010896e-006 7.11453655e-006 7.16569317e-006 7.14928621e-006 6.61061473e-006 
2.00000000e+000 2.05357143e+001 0.00000000e+000 2.38863765e-007 2.10847013e-006 3.31141097e-006 3.64466130e-006 4.35855606e-006 4.55430842e-006 4.63198730e-006 4.89091963e-006 4.77557553e-006 
2.00000000e+000 1.71428571e+001 0.00000000e+000 6.19620408e-008 9.24168451e-007 1.73773074e-006 1.99767301e-006 2.60772016e-006 2.79422236e-006 2.87172544e-006 3.22095358e-006 3.32842994e-006 
2.00000000e+000 1.33928571e+001 0.00000000e+000 1.47074341e-008 3.85496258e-007 8.76160352e-007 1.05408730e-006 1.50740958e-006 1.65786533e-006 1.72235232e-006 2.05508478e-006 2.24642764e-006 
2.00000000e+000 9.28571429e+000 0.00000000e+000 3.31458234e-009 1.59638158e-007 4.42161617e-007 5.57324028e-007 8.74306607e-007 9.87113806e-007 1.03667169e-006 1.31508289e-006 1.51632750e-006 
2.00000000e+000 4.82142857e+000 0.00000000e+000 7.93828858e-010 7.28460877e-008 2.43469091e-007 3.20023670e-007 5.45006049e-007 6.29731083e-007 6.67685692e-007 8.93556487e-007 1.07748604e-006 
2.00000000e+000 0.00000000e+000 0.00000000e+000 3.80200244e-010 5.28162570e-008 1.92267557e-007 2.56662179e-007 4.50364784e-007 5.24986290e-007 5.58698797e-007 7.64149390e-007 9.39857869e-007 
2.25000000e+000 3.50000000e+001 0.00000000e+000 1.74918487e-004 1.19083070e-004 7.67958685e-005 6.81824148e-005 5.28680654e-005 4.87428596e-005 4.70504628e-005 3.65417956e-005 2.62880158e-005 
2.25000000e+000 3.48214286e+001 0.00000000e+000 1.47993915e-004 1.07429701e-004 7.08531343e-005 6.32464552e-005 4.95770356e-005 4.58530282e-005 4.43194498e-005 3.46915303e-005 2.51572837e-005 
2.25000000e+000 3.42857143e+001 0.00000000e+000 1.02095436e-004 8.53398128e-005 5.91253435e-005 5.34077167e-005 4.28798537e-005 3.99357090e-005 3.87126151e-005 3.08312826e-005 2.27567327e-005 
2.25000000e+000 3.33928571e+001 0.00000000e+000 5.98428405e-005 6.13445001e-005 4.56278838e-005 4.19254694e-005 3.48403202e-005 3.27735293e-005 3.19026621e-005 2.60437175e-005 1.97126412e-005 
2.25000000e+000 3.21428571e+001 0.00000000e+000 3.01782277e-005 4.03185704e-005 3.28641789e-005 3.08687478e-005 2.68127606e-005 2.55469380e-005 2.50014284e-005 2.10652321e-005 1.64630995e-005 
2.25000000e+000 3.05357143e+001 0.00000000e+000 1.31229430e-005 2.42236946e-005 2.20844125e-005 2.13096018e-005 1.95404697e-005 1.89116950e-005 1.86292616e-005 1.63130902e-005 1.32532122e-005 
2.25000000e+000 2.85714286e+001 0.00000000e+000 4.94228841e-006 1.33493006e-005 1.38859981e-005 1.38313195e-005 1.35210064e-005 1.33298862e-005 1.32324516e-005 1.21251240e-005 1.03080228e-005 
2.25000000e+000 2.62500000e+001 0.00000000e+000 1.61816731e-006 6.76192155e-006 8.18135488e-006 8.45200659e-006 8.89307837e-006 8.95552432e-006 8.96917119e-006 8.65737844e-006 7.74965677e-006 
2.25000000e+000 2.35714286e+001 0.00000000e+000 4.63556928e-007 3.15542609e-006 4.52196102e-006 4.86674102e-006 5.56144618e-006 5.73550445e-006 5.80157839e-006 5.93510877e-006 5.62476270e-006 
2.25000000e+000 2.05357143e+001 0.00000000e+000 1.16616503e-007 1.36230989e-006 2.35074370e-006 2.64606751e-006 3.30992203e-006 3.50354522e-006 3.58253223e-006 3.90392290e-006 3.93250023e-006 
2.25000000e+000 1.71428571e+001 0.00000000e+000 2.60657219e-008 5.47047266e-007 1.15338608e-006 1.36269084e-006 1.87929271e-006 2.04582880e-006 2.11650318e-006 2.46771591e-006 2.65009173e-006 
2.25000000e+000 1.33928571e+001 0.00000000e+000 5.26247576e-009 2.07899426e-007 5.42052737e-007 6.73911874e-007 1.02959519e-006 1.15417445e-006 1.20865678e-006 1.51125828e-006 1.73062006e-006 
2.25000000e+000 9.28571429e+000 0.00000000e+000 9.94558305e-010 7.79602747e-008 2.54339399e-007 3.33415062e-007 5.66026224e-007 6.53779425e-007 6.93156861e-007 9.29733776e-007 1.13282856e-006 
2.25000000e+000 4.82142857e+000 0.00000000e+000 1.96641244e-010 3.21737582e-008 1.30747783e-007 1.80059434e-007 3.36573729e-007 3.99402622e-007 4.28197718e-007 6.11360131e-007 7.85414169e-007 
2.25000000e+000 0.00000000e+000 0.00000000e+000 8.17072713e-011 2.20037648e-008 9.96256861e-008 1.39995748e-007 2.71916465e-007 3.26244248e-007 3.51373785e-007 5.15147476e-007 6.77768673e-007 
2.50000000e+000 3.50000000e+001 0.00000000e+000 1.74624872e-004 1.18747510e-004 7.65127949e-005 6.79107615e-005 5.26164788e-005 4.84972101e-005 4.68073779e-005 3.63207523e-005 2.60979132e-005 
2.50000000e+000 3.48214286e+001 0.00000000e+000 1.45450490e-004 1.06084451e-004 7.00488969e-005 6.25408255e-005 4.90347938e-005 4.53518571e-005 4.38347692e-005 3.43062929e-005 2.48663392e-005 
2.50000000e+000 3.42857143e+001 0.00000000e+000 9.69412180e-005 8.24817236e-005 5.74715411e-005 5.19804005e-005 4.18344967e-005 3.89870347e-005 3.78027314e-005 3.01483152e-005 2.22769037e-005 
2.50000000e+000 3.33928571e+001 0.00000000e+000 5.40335203e-005 5.74840397e-005 4.32872076e-005 3.98891550e-005 3.33343040e-005 3.14057211e-005 3.05907792e-005 2.50634827e-005 1.90336323e-005 
2.50000000e+000 3.21428571e+001 0.00000000e+000 2.55206907e-005 3.63021705e-005 3.02201234e-005 2.85263507e-005 2.50215811e-005 2.39060783e-005 2.34222598e-005 1.98641198e-005 1.56205617e-005 
2.50000000e+000 3.05357143e+001 0.00000000e+000 1.02416714e-005 2.07735207e-005 1.95507512e-005 1.90073390e-005 1.76911894e-005 1.71944226e-005 1.69673139e-005 1.50087298e-005 1.23121232e-005 
2.50000000e+000 2.85714286e+001 0.00000000e+000 3.50871116e-006 1.08109458e-005 1.17568215e-005 1.18347553e-005 1.18144057e-005 1.17170638e-005 1.16602264e-005 1.08386992e-005 9.34273999e-006 
2.50000000e+000 2.62500000e+001 0.00000000e+000 1.03048909e-006 5.12913425e-006 6.58279603e-006 6.89658978e-006 7.46199922e-006 7.57447033e-006 7.61114352e-006 7.48909776e-006 6.83021192e-006 
2.50000000e+000 2.35714286e+001 0.00000000e+000 2.61230733e-007 2.22459134e-006 3.43739481e-006 3.76638649e-006 4.46075074e-006 4.64763921e-006 4.72121070e-006 4.95101449e-006 4.80716606e-006 
2.50000000e+000 2.05357143e+001 0.00000000e+000 5.73821461e-008 8.86208251e-007 1.67933685e-006 1.93294597e-006 2.52813775e-006 2.71044043e-006 2.78632687e-006 3.13210759e-006 3.25291620e-006 
2.50000000e+000 1.71428571e+001 0.00000000e+000 1.10576746e-008 3.26253387e-007 7.70807084e-007 9.35730174e-007 1.36254405e-006 1.50663407e-006 1.56885835e-006 1.90026912e-006 2.11906868e-006 
2.50000000e+000 1.33928571e+001 0.00000000e+000 1.89903091e-009 1.12990548e-007 3.37660204e-007 4.33680462e-007 7.07269943e-007 8.07894747e-007 8.52690608e-007 1.11637493e-006 1.33808815e-006 
2.50000000e+000 9.28571429e+000 0.00000000e+000 3.00920417e-010 3.83489552e-008 1.47163460e-007 2.00550908e-007 3.68075046e-007 4.34798007e-007 4.65325645e-007 6.59412570e-007 8.48374826e-007 
2.50000000e+000 4.82142857e+000 0.00000000e+000 4.90697419e-011 1.42730680e-008 7.04211788e-008 1.01572037e-007 2.08251797e-007 2.53756202e-007 2.75064290e-007 4.18804055e-007 5.73018202e-007 
2.50000000e+000 0.00000000e+000 0.00000000e+000 1.75594077e-011 9.16698757e-009 5.16222346e-008 7.63603566e-008 1.64174868e-007 2.02739255e-007 2.20984114e-007 3.47284130e-007 4.88765833e-007 
0.00000000e+000 3.50000000e+001 1.00000000e+001 2.15915392e-004 1.46159230e-004 9.30650652e-005 8.22678248e-005 6.31451121e-005 5.80269307e-005 5.59320582e-005 4.30295187e-005 3.05612724e-005 
0.00000000e+000 3.48214286e+001 1.00000000e+001 2.15140824e-004 1.45633971e-004 9.27442763e-005 8.19887867e-005 6.29386373e-005 5.78391298e-005 5.57517720e-005 4.28935337e-005 3.04656150e-005 
0.00000000e+000 3.42857143e+001 1.00000000e+001 2.12949712e-004 1.44156025e-004 9.18397180e-005 8.12014114e-005 6.23548008e-005 5.73076928e-005 5.52414323e-005 4.25079370e-005 3.01943130e-005 
0.00000000e+000 3.33928571e+001 1.00000000e+001 2.09448629e-004 1.41786147e-004 9.03848622e-005 7.99329631e-005 6.14100045e-005 5.64464239e-005 5.44138509e-005 4.18806039e-005 2.97521488e-005 
0.00000000e+000 3.21428571e+001 1.00000000e+001 2.05188251e-004 1.38944791e-004 8.86370322e-005 7.84057475e-005 6.02648462e-005 5.54000514e-005 5.34073922e-005 4.11133989e-005 2.92097632e-005 
0.00000000e+000 3.05357143e+001 1.00000000e+001 2.00424509e-004 1.35708315e-004 8.66222479e-005 7.66370383e-005 5.89241080e-005 5.41709980e-005 5.22236638e-005 4.02048815e-005 2.85651183e-005 
0.00000000e+000 2.85714286e+001 1.00000000e+001 1.95054953e-004 1.32125017e-004 8.43708091e-005 7.46538632e-005 5.74097185e-005 5.27799309e-005 5.08828068e-005 3.91716102e-005 2.78304249e-005 
0.00000000e+000 2.62500000e+001 1.00000000e+001 1.88596348e-004 1.27788787e-004 8.16284006e-005 7.22341468e-005 5.55562342e-005 5.10763076e-005 4.92403235e-005 3.79048066e-005 2.69283533e-005 
0.00000000e+000 2.35714286e+001 1.00000000e+001 1.79639421e-004 1.21811517e-004 7.78590289e-005 6.89111242e-005 5.30192419e-005 4.87481280e-005 4.69973572e-005 3.61828071e-005 2.57044472e-005 
0.00000000e+000 2.05357143e+001 1.00000000e+001 1.67632119e-004 1.13894497e-004 7.28648623e-005 6.45088453e-005 4.96663085e-005 4.56756300e-005 4.40394080e-005 3.39227740e-005 2.41034328e-005 
0.00000000e+000 1.71428571e+001 1.00000000e+001 1.52568392e-004 1.04071190e-004 6.66751753e-005 5.90573742e-005 4.55292093e-005 4.18907818e-005 4.03984471e-005 3.11545389e-005 2.21488085e-005 
0.00000000e+000 1.33928571e+001 1.00000000e+001 1.33364199e-004 9.14795093e-005 5.87242742e-005 5.20549487e-005 4.02236650e-005 3.70416351e-005 3.57358039e-005 2.76199749e-005 1.96553966e-005 
0.00000000e+000 9.28571429e+000 1.00000000e+001 1.14668843e-004 7.92032175e-005 5.09166540e-005 4.51620472e-005 3.49799660e-005 3.22459125e-005 3.11236850e-005 2.41230142e-005 1.71891428e-005 
0.00000000e+000 4.82142857e+000 1.00000000e+001 1.00608594e-004 7.01112219e-005 4.49821658e-005 3.98742066e-005 3.08946950e-005 2.84992708e-005 2.75172743e-005 2.13826408e-005 1.52612163e-005 
0.00000000e+000 0.00000000e+000 1.00000000e+001 9.74620034e-005 6.80169496e-005 4.32503430e-005 3.82223315e-005 2.94755872e-005 2.71707749e-005 2.62292330e-005 2.03769726e-005 1.45525943e-005 
2.50000000e-001 3.50000000e+001 1.00000000e+001 1.55090937e-004 1.14184565e-004 7.58022874e-005 6.77704816e-005 5.33050168e-005 4.93519193e-005 4.77214225e-005 3.74262882e-005 2.71178758e-005 
2.50000000e-001 3.48214286e+001 1.00000000e+001 1.50537357e-004 1.12138584e-004 7.47429473e-005 6.68872577e-005 5.27095730e-005 4.88263776e-005 4.72234939e-005 3.70814783e-005 2.68986968e-005 
2.50000000e-001 3.42857143e+001 1.00000000e+001 1.40623312e-004 1.07462387e-004 7.22689532e-005 6.48125609e-005 5.12925164e-005 4.75703628e-005 4.60312707e-005 3.62459955e-005 2.63603634e-005 
2.50000000e-001 3.33928571e+001 1.00000000e+001 1.27817478e-004 1.01139233e-004 6.88548573e-005 6.19331703e-005 4.93001886e-005 4.57970258e-005 4.43449374e-005 3.50505742e-005 2.55802597e-005 
2.50000000e-001 3.21428571e+001 1.00000000e+001 1.14049537e-004 9.41157684e-005 6.50128974e-005 5.86800807e-005 4.70278651e-005 4.37681459e-005 4.24129923e-005 3.36696869e-005 2.46720936e-005 
2.50000000e-001 3.05357143e+001 1.00000000e+001 1.00159101e-004 8.67279050e-005 6.08933800e-005 5.51718412e-005 4.45450758e-005 4.15422594e-005 4.02897716e-005 3.21363200e-005 2.36538687e-005 
2.50000000e-001 2.85714286e+001 1.00000000e+001 8.69691439e-005 7.94147196e-005 5.67287522e-005 5.16036216e-005 4.19854956e-005 3.92378918e-005 3.80877742e-005 3.05290179e-005 2.25753705e-005 
2.50000000e-001 2.62500000e+001 1.00000000e+001 7.46277536e-005 7.21147182e-005 5.24445562e-005 4.79023027e-005 3.92814439e-005 3.67897569e-005 3.57428200e-005 2.87923381e-005 2.13913336e-005 
2.50000000e-001 2.35714286e+001 1.00000000e+001 6.30329495e-005 6.45955871e-005 4.78398899e-005 4.38780021e-005 3.62692981e-005 3.40431986e-005 3.31041518e-005 2.68024812e-005 2.00061258e-005 
2.50000000e-001 2.05357143e+001 1.00000000e+001 5.23399491e-005 5.69089978e-005 4.29070761e-005 3.95142655e-005 3.29232287e-005 3.09716108e-005 3.01450597e-005 2.45346975e-005 1.83990905e-005 
2.50000000e-001 1.71428571e+001 1.00000000e+001 4.25566697e-005 4.91434278e-005 3.77151912e-005 3.48759443e-005 2.92994020e-005 2.76283566e-005 2.69176822e-005 2.20320426e-005 1.66016957e-005 
2.50000000e-001 1.33928571e+001 1.00000000e+001 3.35627981e-005 4.10438554e-005 3.20330268e-005 2.97421030e-005 2.52022218e-005 2.38268594e-005 2.32394312e-005 1.91410531e-005 1.44927807e-005 
2.50000000e-001 9.28571429e+000 1.00000000e+001 2.64488663e-005 3.40604840e-005 2.69565928e-005 2.51136333e-005 2.14431017e-005 2.03230077e-005 1.98429506e-005 1.64446106e-005 1.25064652e-005 
2.50000000e-001 4.82142857e+000 1.00000000e+001 2.17630663e-005 2.92412312e-005 2.33110882e-005 2.17485221e-005 1.86478822e-005 1.77043661e-005 1.72997757e-005 1.44086635e-005 1.10003509e-005 
2.50000000e-001 0.00000000e+000 1.00000000e+001 2.05475516e-005 2.80287966e-005 2.22277329e-005 2.06914161e-005 1.76852015e-005 1.67853951e-005 1.64012688e-005 1.36701273e-005 1.04521021e-005 
5.00000000e-001 3.50000000e+001 1.00000000e+001 1.43567655e-004 1.03354638e-004 6.84062497e-005 6.11840490e-005 4.82651990e-005 4.47508882e-005 4.33025893e-005 3.41393194e-005 2.49167444e-005 
5.00000000e-001 3.48214286e+001 1.00000000e+001 1.35884428e-004 9.99657589e-005 6.66760224e-005 5.97479797e-005 4.73084407e-005 4.39102321e-005 4.25077513e-005 3.35971850e-005 2.45795901e-005 
5.00000000e-001 3.42857143e+001 1.00000000e+001 1.20321297e-004 9.26733929e-005 6.28569248e-005 5.65569711e-005 4.51513457e-005 4.20061769e-005 4.07038970e-005 3.23512291e-005 2.37935101e-005 
5.00000000e-001 3.33928571e+001 1.00000000e+001 1.01664047e-004 8.33579807e-005 5.78524393e-005 5.23474478e-005 4.22639824e-005 3.94458787e-005 3.82735842e-005 3.06518754e-005 2.27067110e-005 
5.00000000e-001 3.21428571e+001 1.00000000e+001 8.29636955e-005 7.34415047e-005 5.24096539e-005 4.77435158e-005 3.90674170e-005 3.66007521e-005 3.55685903e-005 2.87421767e-005 2.14738804e-005 
5.00000000e-001 3.05357143e+001 1.00000000e+001 6.56019227e-005 6.35312316e-005 4.68153329e-005 4.29759668e-005 3.57039111e-005 3.35925153e-005 3.27026698e-005 2.66940233e-005 2.01357018e-005 
5.00000000e-001 2.85714286e+001 1.00000000e+001 5.05697971e-005 5.42492783e-005 4.14175685e-005 3.83405005e-005 3.23799355e-005 3.06049975e-005 2.98505713e-005 2.46302009e-005 1.87702768e-005 
5.00000000e-001 2.62500000e+001 1.00000000e+001 3.80337987e-005 4.57053918e-005 3.62555959e-005 3.38628815e-005 2.90988408e-005 2.76363613e-005 2.70084749e-005 2.25375889e-005 1.73590690e-005 
5.00000000e-001 2.35714286e+001 1.00000000e+001 2.78836807e-005 3.78907701e-005 3.12888965e-005 2.94953575e-005 2.58026429e-005 2.46271498e-005 2.41165140e-005 2.03574891e-005 1.58486542e-005 
5.00000000e-001 2.05357143e+001 1.00000000e+001 1.99787711e-005 3.08976032e-005 2.65732280e-005 2.52829156e-005 2.25173080e-005 2.15986460e-005 2.11941351e-005 1.80996403e-005 1.42412713e-005 
5.00000000e-001 1.71428571e+001 1.00000000e+001 1.39496187e-005 2.47156869e-005 2.21498441e-005 2.12720565e-005 1.92929605e-005 1.86003609e-005 1.82903883e-005 1.58070776e-005 1.25697388e-005 
5.00000000e-001 1.33928571e+001 1.00000000e+001 9.48839415e-006 1.92231160e-005 1.79174722e-005 1.73628013e-005 1.60315136e-005 1.55353285e-005 1.53089042e-005 1.33907001e-005 1.07563543e-005 
5.00000000e-001 9.28571429e+000 1.00000000e+001 6.51999052e-006 1.49914341e-005 1.44629682e-005 1.41248284e-005 1.32496686e-005 1.28995754e-005 1.27363841e-005 1.12653289e-005 9.13032132e-006 
5.00000000e-001 4.82142857e+000 1.00000000e+001 4.80800260e-006 1.22812449e-005 1.21283650e-005 1.19022104e-005 1.12820448e-005 1.10211702e-005 1.08976208e-005 9.72312880e-006 7.93689892e-006 
5.00000000e-001 0.00000000e+000 1.00000000e+001 4.33247867e-006 1.15507051e-005 1.14237903e-005 1.12013734e-005 1.06111661e-005 1.03696965e-005 1.02559051e-005 9.17083421e-006 7.50704800e-006 
7.50000000e-001 3.50000000e+001 1.00000000e+001 1.39533514e-004 9.87777278e-005 6.48235960e-005 5.78653670e-005 4.54960154e-005 4.21543847e-005 4.07804286e-005 3.21290111e-005 2.34697342e-005 
7.50000000e-001 3.48214286e+001 1.00000000e+001 1.29079791e-004 9.41752291e-005 6.24783940e-005 5.59202925e-005 4.42031829e-005 4.10196620e-005 3.97081203e-005 3.14008352e-005 2.30202834e-005 
7.50000000e-001 3.42857143e+001 1.00000000e+001 1.08979780e-004 8.46731927e-005 5.74917788e-005 5.17527039e-005 4.13872151e-005 3.85354608e-005 3.73554263e-005 2.97811950e-005 2.20052041e-005 
7.50000000e-001 3.33928571e+001 1.00000000e+001 8.62959424e-005 7.30439623e-005 5.11932775e-005 4.64460950e-005 3.77398685e-005 3.53010605e-005 3.42854635e-005 2.76388346e-005 2.06426172e-005 
7.50000000e-001 3.21428571e+001 1.00000000e+001 6.50010490e-005 6.11457075e-005 4.45503122e-005 4.08065158e-005 3.38016395e-005 3.17921818e-005 3.09483505e-005 2.52824251e-005 1.91266082e-005 
7.50000000e-001 3.05357143e+001 1.00000000e+001 4.67387677e-005 4.98112954e-005 3.79752491e-005 3.51702610e-005 2.97857882e-005 2.81928249e-005 2.75166443e-005 2.28231901e-005 1.75212355e-005 
7.50000000e-001 2.85714286e+001 1.00000000e+001 3.22882541e-005 3.97306101e-005 3.18811580e-005 2.98931445e-005 2.59470752e-005 2.47312807e-005 2.42079220e-005 2.04161533e-005 1.59263220e-005 
7.50000000e-001 2.62500000e+001 1.00000000e+001 2.14540360e-005 3.10427683e-005 2.63616236e-005 2.50538277e-005 2.23341142e-005 2.14478520e-005 2.10591118e-005 1.80793435e-005 1.43444948e-005 
7.50000000e-001 2.35714286e+001 1.00000000e+001 1.37139969e-005 2.37383991e-005 2.14294033e-005 2.06607446e-005 1.89427375e-005 1.83344693e-005 1.80605358e-005 1.57945868e-005 1.27514249e-005 
7.50000000e-001 2.05357143e+001 1.00000000e+001 8.46923270e-006 1.77966002e-005 1.71247511e-005 1.67561866e-005 1.58113933e-005 1.54270072e-005 1.52468527e-005 1.35875144e-005 1.11624979e-005 
7.50000000e-001 1.71428571e+001 1.00000000e+001 5.03965975e-006 1.30541853e-005 1.34254282e-005 1.33381216e-005 1.29644098e-005 1.27541425e-005 1.26481544e-005 1.14913384e-005 9.60661295e-006 
7.50000000e-001 1.33928571e+001 1.00000000e+001 2.90897124e-006 9.33575893e-006 1.02489744e-005 1.03347764e-005 1.03415313e-005 1.02573083e-005 1.02064402e-005 9.45161417e-006 8.03333297e-006 
7.50000000e-001 9.28571429e+000 1.00000000e+001 1.69640166e-006 6.73964872e-006 7.85774725e-006 8.03038104e-006 8.24957040e-006 8.24368699e-006 8.22819422e-006 7.75407681e-006 6.68767066e-006 
7.50000000e-001 4.82142857e+000 1.00000000e+001 1.08335802e-006 5.19331368e-006 6.33474238e-006 6.53525686e-006 6.84142543e-006 6.87488978e-006 6.87812251e-006 6.57057019e-006 5.73217239e-006 
7.50000000e-001 0.00000000e+000 1.00000000e+001 9.13617125e-007 4.76024445e-006 5.87130583e-006 6.06401611e-006 6.36680816e-006 6.40627327e-006 6.41320648e-006 6.15245594e-006 5.39184088e-006 
1.00000000e+000 3.50000000e+001 1.00000000e+001 1.37499691e-004 9.64096104e-005 6.28584019e-005 5.60049778e-005 4.38571197e-005 4.05892522e-005 3.92478880e-005 3.08433238e-005 2.24894570e-005 
1.00000000e+000 3.48214286e+001 1.00000000e+001 1.24505906e-004 9.06831060e-005 5.99401318e-005 5.35845735e-005 4.22487171e-005 3.91778651e-005 3.79143029e-005 2.99389482e-005 2.19329076e-005 
1.00000000e+000 3.42857143e+001 1.00000000e+001 1.00578267e-004 7.92500362e-005 5.39171484e-005 4.85460441e-005 3.88386008e-005 3.61685758e-005 3.50640553e-005 2.79770163e-005 2.07055709e-005 
1.00000000e+000 3.33928571e+001 1.00000000e+001 7.49841891e-005 6.57683881e-005 4.65437613e-005 4.23190501e-005 3.45396006e-005 3.23521990e-005 3.14402418e-005 2.54440702e-005 1.90950581e-005 
1.00000000e+000 3.21428571e+001 1.00000000e+001 5.24057070e-005 5.24919491e-005 3.89939883e-005 3.58813175e-005 3.00061192e-005 2.83042005e-005 2.75871199e-005 2.27119427e-005 1.73335543e-005 
1.00000000e+000 3.05357143e+001 1.00000000e+001 3.44635503e-005 4.04176306e-005 3.17867383e-005 2.96612075e-005 2.55165218e-005 2.42664200e-005 2.37321341e-005 1.99296109e-005 1.55081238e-005 
1.00000000e+000 2.85714286e+001 1.00000000e+001 2.14653375e-005 3.02159592e-005 2.53628070e-005 2.40451131e-005 2.13560245e-005 2.04964195e-005 2.01215189e-005 1.72754711e-005 1.37353351e-005 
1.00000000e+000 2.62500000e+001 1.00000000e+001 1.26770675e-005 2.19524428e-005 1.98224295e-005 1.91267055e-005 1.75961743e-005 1.70579010e-005 1.68155953e-005 1.47884506e-005 1.20336853e-005 
1.00000000e+000 2.35714286e+001 1.00000000e+001 7.10348159e-006 1.55017253e-005 1.51657867e-005 1.49156694e-005 1.42508857e-005 1.39633198e-005 1.38259465e-005 1.24725125e-005 1.03976325e-005 
1.00000000e+000 2.05357143e+001 1.00000000e+001 3.79405508e-006 1.06718398e-005 1.13739443e-005 1.14136066e-005 1.13448184e-005 1.12401787e-005 1.11808292e-005 1.03552323e-005 8.84790822e-006 
1.00000000e+000 1.71428571e+001 1.00000000e+001 1.92681141e-006 7.15046742e-006 8.34886463e-006 8.55740646e-006 8.86580914e-006 8.88656032e-006 8.88203939e-006 8.45347325e-006 7.40559978e-006 
1.00000000e+000 1.33928571e+001 1.00000000e+001 9.40503316e-007 4.66931122e-006 5.97768064e-006 6.25778386e-006 6.75627337e-006 6.85074740e-006 6.87993495e-006 6.72690870e-006 6.03534305e-006 
1.00000000e+000 9.28571429e+000 1.00000000e+001 4.59974137e-007 3.08746417e-006 4.31899569e-006 4.61168982e-006 5.17367698e-006 5.30259883e-006 5.34878513e-006 5.36177625e-006 4.91429894e-006 
1.00000000e+000 4.82142857e+000 1.00000000e+001 2.48525125e-007 2.21051503e-006 3.32126428e-006 3.60002477e-006 4.15805754e-006 4.29716448e-006 4.34954362e-006 4.44639721e-006 4.14389078e-006 
1.00000000e+000 0.00000000e+000 1.00000000e+001 1.92682958e-007 1.96185406e-006 3.01764813e-006 3.28289825e-006 3.82019874e-006 3.95776312e-006 4.01033946e-006 4.12754261e-006 3.87264125e-006 
1.25000000e+000 3.50000000e+001 1.00000000e+001 1.36265149e-004 9.49818592e-005 6.16544653e-005 5.48545926e-005 4.28143251e-005 3.95823026e-005 3.82569360e-005 2.99827153e-005 2.18043233e-005 
1.25000000e+000 3.48214286e+001 1.00000000e+001 1.20901338e-004 8.81976421e-005 5.81950486e-005 5.19848389e-005 4.09067214e-005 3.79083137e-005 3.66752302e-005 2.89104221e-005 2.11452312e-005 
1.25000000e+000 3.42857143e+001 1.00000000e+001 9.36659892e-005 7.50388232e-005 5.12349808e-005 4.61562991e-005 3.69536671e-005 3.44180017e-005 3.33686854e-005 2.66323089e-005 1.97201104e-005 
1.25000000e+000 3.33928571e+001 1.00000000e+001 6.59396167e-005 6.00384529e-005 4.29513551e-005 3.91436067e-005 3.20886679e-005 3.00934149e-005 2.92601032e-005 2.37525168e-005 1.78858790e-005 
1.25000000e+000 3.21428571e+001 1.00000000e+001 4.28981086e-005 4.58022968e-005 3.47103545e-005 3.20855445e-005 2.70745701e-005 2.56053233e-005 2.49838170e-005 2.07037638e-005 1.59116633e-005 
1.25000000e+000 3.05357143e+001 1.00000000e+001 2.58907488e-005 3.34258711e-005 2.71150344e-005 2.54861989e-005 2.22469431e-005 2.12472073e-005 2.08165884e-005 1.76701176e-005 1.39065458e-005 
1.25000000e+000 2.85714286e+001 1.00000000e+001 1.45912247e-005 2.34880702e-005 2.06027058e-005 1.97379336e-005 1.79068416e-005 1.72935122e-005 1.70217762e-005 1.48462034e-005 1.19998435e-005 
1.25000000e+000 2.62500000e+001 1.00000000e+001 7.68735349e-006 1.59098627e-005 1.52431223e-005 1.49191785e-005 1.41300212e-005 1.38154045e-005 1.36682527e-005 1.22827794e-005 1.02210818e-005 
1.25000000e+000 2.35714286e+001 1.00000000e+001 3.78898318e-006 1.03956495e-005 1.09838459e-005 1.10059072e-005 1.09237967e-005 1.08240760e-005 1.07682569e-005 9.99216459e-006 8.57539681e-006 
1.25000000e+000 2.05357143e+001 1.00000000e+001 1.75510500e-006 6.57683803e-006 7.72646738e-006 7.93917414e-006 8.28265423e-006 8.32373156e-006 8.32936265e-006 7.99382407e-006 7.08280453e-006 
1.25000000e+000 1.71428571e+001 1.00000000e+001 7.62537190e-007 4.02215031e-006 5.29908349e-006 5.59365817e-006 6.15382534e-006 6.27751954e-006 6.32070213e-006 6.28444622e-006 5.75391443e-006 
1.25000000e+000 1.33928571e+001 1.00000000e+001 3.14808363e-007 2.39034213e-006 3.54467290e-006 3.84573463e-006 4.46434864e-006 4.62322534e-006 4.68404922e-006 4.82454869e-006 4.55964576e-006 
1.25000000e+000 9.28571429e+000 1.00000000e+001 1.28587246e-007 1.43768100e-006 2.39921614e-006 2.67309621e-006 3.26679530e-006 3.43180935e-006 3.49748867e-006 3.72388991e-006 3.62244509e-006 
1.25000000e+000 4.82142857e+000 1.00000000e+001 5.79288109e-008 9.46802625e-007 1.74774773e-006 1.98939487e-006 2.53280206e-006 2.69129685e-006 2.75574800e-006 3.01310308e-006 2.99856901e-006 
1.25000000e+000 0.00000000e+000 1.00000000e+001 4.06418508e-008 8.08575899e-007 1.55100035e-006 1.77730715e-006 2.29221678e-006 2.44511369e-006 2.50779323e-006 2.76909591e-006 2.78150464e-006 
1.50000000e+000 3.50000000e+001 1.00000000e+001 1.35432679e-004 9.40260327e-005 6.08484783e-005 5.40824515e-005 4.21059604e-005 3.88943599e-005 3.75780567e-005 2.93805916e-005 2.13102531e-005 
1.50000000e+000 3.48214286e+001 1.00000000e+001 1.17834130e-004 8.62364143e-005 5.68732319e-005 5.07840491e-005 3.99124169e-005 3.69692415e-005 3.57589982e-005 2.81473195e-005 2.05525543e-005 
1.50000000e+000 3.42857143e+001 1.00000000e+001 8.77007602e-005 7.15134093e-005 4.90545903e-005 4.42297695e-005 3.54577207e-005 3.30336738e-005 3.20297448e-005 2.55747528e-005 1.89420475e-005 
1.50000000e+000 3.33928571e+001 1.00000000e+001 5.84219916e-005 5.52506813e-005 3.99892050e-005 3.65372050e-005 3.00954125e-005 2.82605020e-005 2.74924333e-005 2.23844912e-005 1.69048731e-005 
1.50000000e+000 3.21428571e+001 1.00000000e+001 3.54585616e-005 4.03601635e-005 3.12200985e-005 2.89949482e-005 2.46910958e-005 2.34112193e-005 2.28672995e-005 1.90678707e-005 1.47459906e-005 
1.50000000e+000 3.05357143e+001 1.00000000e+001 1.96860028e-005 2.79718136e-005 2.34108906e-005 2.21652505e-005 1.96286218e-005 1.88238191e-005 1.84739638e-005 1.58407656e-005 1.25951348e-005 
1.50000000e+000 2.85714286e+001 1.00000000e+001 1.00620808e-005 1.85134077e-005 1.69681569e-005 1.64248446e-005 1.52120663e-005 1.47788003e-005 1.45828435e-005 1.29078704e-005 1.05909729e-005 
1.50000000e+000 2.62500000e+001 1.00000000e+001 4.74004425e-006 1.17161262e-005 1.19029959e-005 1.18132543e-005 1.15059293e-005 1.13414451e-005 1.12588561e-005 1.03238772e-005 8.76970675e-006 
1.50000000e+000 2.35714286e+001 1.00000000e+001 2.05950623e-006 7.09664103e-006 8.08724605e-006 8.25117029e-006 8.49400975e-006 8.50636549e-006 8.50026439e-006 8.09912398e-006 7.14076220e-006 
1.50000000e+000 2.05357143e+001 1.00000000e+001 8.28892203e-007 4.13083701e-006 5.33762390e-006 5.61131426e-006 6.13141480e-006 6.24552480e-006 6.28519421e-006 6.23802185e-006 5.71885564e-006 
1.50000000e+000 1.71428571e+001 1.00000000e+001 3.08661322e-007 2.30688269e-006 3.41802493e-006 3.71171953e-006 4.32507358e-006 4.48656627e-006 4.54925382e-006 4.71532953e-006 4.50247082e-006 
1.50000000e+000 1.33928571e+001 1.00000000e+001 1.07863549e-007 1.24611754e-006 2.13134621e-006 2.39351823e-006 2.97964184e-006 3.14897200e-006 3.21761252e-006 3.48456226e-006 3.46277592e-006 
1.50000000e+000 9.28571429e+000 1.00000000e+001 3.67600548e-008 6.78864404e-007 1.34555782e-006 1.56258756e-006 2.07586709e-006 2.23387719e-006 2.29961800e-006 2.59719553e-006 2.67822596e-006 
1.50000000e+000 4.82142857e+000 1.00000000e+001 1.36918049e-008 4.07940419e-007 9.22999150e-007 1.10272954e-006 1.54617252e-006 1.68883669e-006 1.74920957e-006 2.04461497e-006 2.17186076e-006 
1.50000000e+000 0.00000000e+000 1.00000000e+001 8.57342918e-009 3.33266383e-007 7.97195025e-007 9.62222568e-007 1.37540611e-006 1.51061305e-006 1.56821999e-006 1.85775229e-006 1.99781207e-006 
1.75000000e+000 3.50000000e+001 1.00000000e+001 1.34832101e-004 9.33391777e-005 6.02714418e-005 5.35297304e-005 4.15972610e-005 3.83991527e-005 3.70887609e-005 2.89417031e-005 2.09430000e-005 
1.75000000e+000 3.48214286e+001 1.00000000e+001 1.15111327e-004 8.45874120e-005 5.58012394e-005 4.98197597e-005 3.91287834e-005 3.62324576e-005 3.50413309e-005 2.75533177e-005 2.00900929e-005 
1.75000000e+000 3.42857143e+001 1.00000000e+001 8.24164751e-005 6.84334031e-005 4.71886355e-005 4.25926665e-005 3.42066314e-005 3.18813320e-005 3.09172998e-005 2.47045924e-005 1.83048472e-005 
1.75000000e+000 3.33928571e+001 1.00000000e+001 5.20339915e-005 5.11139965e-005 3.74454559e-005 3.43061386e-005 2.84033604e-005 2.67087050e-005 2.59975322e-005 2.12343794e-005 1.60825597e-005 
1.75000000e+000 3.21428571e+001 1.00000000e+001 2.95123949e-005 3.58004270e-005 2.82755133e-005 2.63867601e-005 2.26813585e-005 2.15619939e-005 2.10838009e-005 1.76902998e-005 1.37629158e-005 
1.75000000e+000 3.05357143e+001 1.00000000e+001 1.50971962e-005 2.35968048e-005 2.03794020e-005 1.94370941e-005 1.74633530e-005 1.68161022e-005 1.65316598e-005 1.43163819e-005 1.14946957e-005 
1.75000000e+000 2.85714286e+001 1.00000000e+001 7.01002535e-006 1.47325830e-005 1.41092013e-005 1.37991305e-005 1.30448973e-005 1.27478112e-005 1.26095000e-005 1.13218517e-005 9.42289899e-006 
1.75000000e+000 2.62500000e+001 1.00000000e+001 2.95736625e-006 8.72423280e-006 9.39674621e-006 9.45545512e-006 9.46664158e-006 9.40546773e-006 9.36786331e-006 8.75851874e-006 7.58652756e-006 
1.75000000e+000 2.35714286e+001 1.00000000e+001 1.13434406e-006 4.90571436e-006 6.02660633e-006 6.25922784e-006 6.67757281e-006 6.75652583e-006 6.78079925e-006 6.62701687e-006 5.99426359e-006 
1.75000000e+000 2.05357143e+001 1.00000000e+001 3.97183618e-007 2.63014720e-006 3.73436026e-006 4.01486392e-006 4.58931472e-006 4.73612202e-006 4.79228013e-006 4.91218884e-006 4.65216131e-006 
1.75000000e+000 1.71428571e+001 1.00000000e+001 1.26927627e-007 1.34235369e-006 2.23290523e-006 2.49282161e-006 3.07158155e-006 3.23830325e-006 3.30587612e-006 3.56662680e-006 3.54574159e-006 
1.75000000e+000 1.33928571e+001 1.00000000e+001 3.75697575e-008 6.58887291e-007 1.29644094e-006 1.50573129e-006 2.00624571e-006 2.16244344e-006 2.22785562e-006 2.53286495e-006 2.64253600e-006 
1.75000000e+000 9.28571429e+000 1.00000000e+001 1.06836716e-008 3.24353767e-007 7.61085487e-007 9.20436854e-007 1.32686473e-006 1.46192714e-006 1.51982954e-006 1.81860035e-006 1.98584888e-006 
1.75000000e+000 4.82142857e+000 1.00000000e+001 3.27507910e-009 1.76745566e-007 4.89116175e-007 6.13062964e-007 9.45882787e-007 1.06179637e-006 1.11232949e-006 1.38928446e-006 1.57455227e-006 
1.75000000e+000 0.00000000e+000 1.00000000e+001 1.80878263e-009 1.37365861e-007 4.09757244e-007 5.20950621e-007 8.25299790e-007 9.33280776e-007 9.80679089e-007 1.24635278e-006 1.43493357e-006 
2.00000000e+000 3.50000000e+001 1.00000000e+001 1.34377891e-004 9.28205089e-005 5.98371974e-005 5.31141637e-005 4.12149958e-005 3.80268094e-005 3.67207148e-005 2.86099178e-005 2.06621371e-005 
2.00000000e+000 3.48214286e+001 1.00000000e+001 1.12631244e-004 8.31435309e-005 5.48897938e-005 4.90071417e-005 3.84809433e-005 3.56266701e-005 3.44525637e-005 2.70714495e-005 1.97169749e-005 
2.00000000e+000 3.42857143e+001 1.00000000e+001 7.76589300e-005 6.56717901e-005 4.55380812e-005 4.11521460e-005 3.31203609e-005 3.08852257e-005 2.99575064e-005 2.39622162e-005 1.77662097e-005 
2.00000000e+000 3.33928571e+001 1.00000000e+001 4.65278911e-005 4.74656272e-005 3.52037061e-005 3.23433503e-005 2.69234128e-005 2.53544737e-005 2.46942560e-005 2.02380017e-005 1.53742061e-005 
2.00000000e+000 3.21428571e+001 1.00000000e+001 2.46923195e-005 3.19085638e-005 2.57347397e-005 2.41330903e-005 2.09430386e-005 1.99627439e-005 1.95415636e-005 1.65002877e-005 1.29142428e-005 
2.00000000e+000 3.05357143e+001 1.00000000e+001 1.16535758e-005 2.00237454e-005 1.78458585e-005 1.71466599e-005 1.56312873e-005 1.51140518e-005 1.48837847e-005 1.30173921e-005 1.05523824e-005 
2.00000000e+000 2.85714286e+001 1.00000000e+001 4.92151526e-006 1.18066265e-005 1.18142774e-005 1.16745709e-005 1.12647517e-005 1.10725692e-005 1.09789986e-005 9.99798731e-006 8.43719903e-006 
2.00000000e+000 2.62500000e+001 1.00000000e+001 1.86149668e-006 6.54977973e-006 7.47833279e-006 7.62925988e-006 7.85015935e-006 7.86069159e-006 7.85480302e-006 7.48516375e-006 6.60706261e-006 
2.00000000e+000 2.35714286e+001 1.00000000e+001 6.30954378e-007 3.42278602e-006 4.53181350e-006 4.79075085e-006 5.29456404e-006 5.41169375e-006 5.45411097e-006 5.46414969e-006 5.06595517e-006 
2.00000000e+000 2.05357143e+001 1.00000000e+001 1.92380291e-007 1.69174834e-006 2.63818274e-006 2.90004501e-006 3.46555892e-006 3.62242368e-006 3.68497697e-006 3.89757586e-006 3.80890231e-006 
2.00000000e+000 1.71428571e+001 1.00000000e+001 5.28064054e-008 7.89724197e-007 1.47348243e-006 1.69052668e-006 2.20034990e-006 2.35677256e-006 2.42190155e-006 2.71670306e-006 2.80825129e-006 
2.00000000e+000 1.33928571e+001 1.00000000e+001 1.32448781e-008 3.52281796e-007 7.96185791e-007 9.55822178e-007 1.36120562e-006 1.49569268e-006 1.55337561e-006 1.85174113e-006 2.02563516e-006 
2.00000000e+000 9.28571429e+000 1.00000000e+001 3.14372541e-009 1.56510488e-007 4.33747219e-007 5.45908263e-007 8.52702736e-007 9.61500384e-007 1.00928421e-006 1.27819433e-006 1.47653855e-006 
2.00000000e+000 4.82142857e+000 1.00000000e+001 7.91416425e-010 7.69753735e-008 2.60044431e-007 3.41807238e-007 5.79847815e-007 6.68808415e-007 7.08590745e-007 9.45240404e-007 1.14257280e-006 
2.00000000e+000 0.00000000e+000 1.00000000e+001 3.81653036e-010 5.66216702e-008 2.10619250e-007 2.82049636e-007 4.95219846e-007 5.76602226e-007 6.13269698e-007 8.36175699e-007 1.03065017e-006 
2.25000000e+000 3.50000000e+001 1.00000000e+001 1.34022235e-004 9.24143317e-005 5.94979592e-005 5.27898121e-005 4.09171368e-005 3.77367431e-005 3.64339993e-005 2.83510732e-005 2.04416945e-005 
2.25000000e+000 3.48214286e+001 1.00000000e+001 1.10333974e-004 8.18444065e-005 5.40888159e-005 4.82983679e-005 3.79256394e-005 3.51102240e-005 3.39517740e-005 2.66669028e-005 1.94068682e-005 
2.25000000e+000 3.42857143e+001 1.00000000e+001 7.33284975e-005 6.31533888e-005 4.40456548e-005 3.98544695e-005 3.21518077e-005 3.00003578e-005 2.91062985e-005 2.33107702e-005 1.72986532e-005 
2.25000000e+000 3.33928571e+001 1.00000000e+001 4.17342168e-005 4.42037092e-005 3.31938009e-005 3.05845458e-005 2.56016602e-005 2.41469111e-005 2.35329977e-005 1.93549404e-005 1.47503501e-005 
2.25000000e+000 3.21428571e+001 1.00000000e+001 2.07453092e-005 2.85446929e-005 2.35087922e-005 2.21541747e-005 1.94122478e-005 1.85539358e-005 1.81828763e-005 1.54522392e-005 1.21676625e-005 
2.25000000e+000 3.05357143e+001 1.00000000e+001 9.04178722e-006 1.70691479e-005 1.56976202e-005 1.51944280e-005 1.40554609e-005 1.36467553e-005 1.34619273e-005 1.18913020e-005 9.73207326e-006 
2.25000000e+000 2.85714286e+001 1.00000000e+001 3.47624402e-006 9.51329283e-006 9.94557459e-006 9.92994070e-006 9.77955371e-006 9.66886606e-006 9.61037505e-006 8.87554525e-006 7.59316874e-006 
2.25000000e+000 2.62500000e+001 1.00000000e+001 1.17981455e-006 4.94843004e-006 5.98858123e-006 6.19389220e-006 6.54947684e-006 6.60949889e-006 6.62595075e-006 6.43438865e-006 5.78566404e-006 
2.25000000e+000 2.35714286e+001 1.00000000e+001 3.53643891e-007 2.40523551e-006 3.43170112e-006 3.69232766e-006 4.22638164e-006 4.36344686e-006 4.41605241e-006 4.53354567e-006 4.30575338e-006 
2.25000000e+000 2.05357143e+001 1.00000000e+001 9.39617582e-008 1.09672349e-006 1.87801358e-006 2.11055359e-006 2.63570408e-006 2.79000478e-006 2.85314847e-006 3.11221621e-006 3.13587104e-006 
2.25000000e+000 1.71428571e+001 1.00000000e+001 2.21668768e-008 4.68592113e-007 9.80235249e-007 1.15549831e-006 1.58765354e-006 1.72720095e-006 1.78649464e-006 2.08189179e-006 2.23545184e-006 
2.25000000e+000 1.33928571e+001 1.00000000e+001 4.71265631e-009 1.90019608e-007 4.92866751e-007 6.11368198e-007 9.29697315e-007 1.04105041e-006 1.08976600e-006 1.36081927e-006 1.55915839e-006 
2.25000000e+000 9.28571429e+000 1.00000000e+001 9.33897638e-010 7.61471210e-008 2.48839093e-007 3.25759784e-007 5.50695764e-007 6.35272202e-007 6.73213264e-007 9.01539122e-007 1.10074688e-006 
2.25000000e+000 4.82142857e+000 1.00000000e+001 1.92898943e-010 3.36853971e-008 1.38688814e-007 1.91093920e-007 3.56172985e-007 4.22033615e-007 4.52176194e-007 6.43951803e-007 8.29863077e-007 
2.25000000e+000 0.00000000e+000 1.00000000e+001 8.05381021e-011 2.33401187e-008 1.08262695e-007 1.52708242e-007 2.97159664e-007 3.56242073e-007 3.83513589e-007 5.60993028e-007 7.40274993e-007 
2.50000000e+000 3.50000000e+001 1.00000000e+001 1.33736265e-004 9.20872744e-005 5.92252269e-005 5.25292319e-005 4.06782544e-005 3.75042203e-005 3.62042022e-005 2.81436742e-005 2.02646206e-005 
2.50000000e+000 3.48214286e+001 1.00000000e+001 1.08181242e-004 8.06530644e-005 5.33680499e-005 4.76645513e-005 3.74364992e-005 3.46575637e-005 3.35137746e-005 2.63176728e-005 1.91424275e-005 
2.50000000e+000 3.42857143e+001 1.00000000e+001 6.93557328e-005 6.08297132e-005 4.26755705e-005 3.86662153e-005 3.12716482e-005 2.91986011e-005 2.83360671e-005 2.27266524e-005 1.68839068e-005 
2.50000000e+000 3.33928571e+001 1.00000000e+001 3.75296477e-005 4.12590131e-005 3.13700103e-005 2.89881658e-005 2.44035189e-005 2.30533182e-005 2.24818484e-005 1.85587840e-005 1.41911120e-005 
2.50000000e+000 3.21428571e+001 1.00000000e+001 1.74883614e-005 2.56106443e-005 2.15375069e-005 2.03965766e-005 1.80466834e-005 1.72961624e-005 1.69695215e-005 1.45156369e-005 1.15009655e-005 
2.50000000e+000 3.05357143e+001 1.00000000e+001 7.04478606e-006 1.46036018e-005 1.38569800e-005 1.35121995e-005 1.26836194e-005 1.23660847e-005 1.22196431e-005 1.09021609e-005 9.00844781e-006 
2.50000000e+000 2.85714286e+001 1.00000000e+001 2.46748378e-006 7.69880585e-006 8.40788831e-006 8.48165892e-006 8.52591061e-006 8.47865157e-006 8.44776594e-006 7.91216833e-006 6.86175980e-006 
2.50000000e+000 2.62500000e+001 1.00000000e+001 7.51927061e-007 3.75746884e-006 4.81922425e-006 5.05323294e-006 5.49082182e-006 5.58431275e-006 5.61629549e-006 5.55725831e-006 5.08931491e-006 
2.50000000e+000 2.35714286e+001 1.00000000e+001 1.99429561e-007 1.69981042e-006 2.61313433e-006 2.86152132e-006 3.39202920e-006 3.53717455e-006 3.59471080e-006 3.78079153e-006 3.67714126e-006 
2.50000000e+000 2.05357143e+001 1.00000000e+001 4.61993490e-008 7.15428307e-007 1.34504348e-006 1.54527513e-006 2.01626653e-006 2.16121567e-006 2.22168226e-006 2.49839116e-006 2.59416297e-006 
2.50000000e+000 1.71428571e+001 1.00000000e+001 9.37145088e-009 2.79944766e-007 6.56396307e-007 7.94901554e-007 1.15250451e-006 1.27326656e-006 1.32545486e-006 1.60380507e-006 1.78750991e-006 
2.50000000e+000 1.33928571e+001 1.00000000e+001 1.68905923e-009 1.03225504e-007 3.07128342e-007 3.93554827e-007 6.38632366e-007 7.28595206e-007 7.68647973e-007 1.00470521e-006 1.20464589e-006 
2.50000000e+000 9.28571429e+000 1.00000000e+001 2.79512841e-010 3.73046675e-008 1.43589715e-007 1.95446863e-007 3.57253497e-007 4.21494318e-007 4.50876976e-007 6.37972437e-007 8.22655210e-007 
2.50000000e+000 4.82142857e+000 1.00000000e+001 4.73600522e-011 1.48065904e-008 7.41865588e-008 1.07114764e-007 2.19204598e-007 2.66780352e-007 2.89033856e-007 4.39250461e-007 6.03279314e-007 
2.50000000e+000 0.00000000e+000 1.00000000e+001 1.69974659e-011 9.62143682e-009 5.56504830e-008 8.26813102e-008 1.78314715e-007 2.20099472e-007 2.39836158e-007 3.76374984e-007 5.31712895e-007 
0.00000000e+000 3.50000000e+001 2.00000000e+001 2.28915492e-004 1.53832559e-004 9.68920844e-005 8.52794285e-005 6.47212708e-005 5.92529999e-005 5.70234604e-005 4.34870194e-005 3.07304189e-005 
0.00000000e+000 3.48214286e+001 2.00000000e+001 2.27397053e-004 1.52831536e-004 9.62676829e-005 8.47319584e-005 6.43102543e-005 5.88781766e-005 5.66633474e-005 4.32149974e-005 3.05390923e-005 
0.00000000e+000 3.42857143e+001 2.00000000e+001 2.22941004e-004 1.49886521e-004 9.44300952e-005 8.31206402e-005 6.31003117e-005 5.77746910e-005 5.56031411e-005 4.24140018e-005 2.99755723e-005 
0.00000000e+000 3.33928571e+001 2.00000000e+001 2.15911305e-004 1.45243394e-004 9.15339330e-005 8.05814900e-005 6.11945461e-005 5.60369024e-005 5.39336313e-005 4.11531775e-005 2.90887752e-005 
0.00000000e+000 3.21428571e+001 2.00000000e+001 2.06752363e-004 1.39191248e-004 8.77588444e-005 7.72719418e-005 5.87112325e-005 5.37727205e-005 5.17585130e-005 3.95108940e-005 2.79336332e-005 
0.00000000e+000 3.05357143e+001 2.00000000e+001 1.96048620e-004 1.32120271e-004 8.33487081e-005 7.34062013e-005 5.58120791e-005 5.11298947e-005 4.92198474e-005 3.75948723e-005 2.65859970e-005 
0.00000000e+000 2.85714286e+001 2.00000000e+001 1.84246277e-004 1.24321413e-004 7.84825064e-005 6.91403639e-005 5.26128580e-005 4.82136115e-005 4.64185329e-005 3.54806344e-005 2.50985880e-005 
0.00000000e+000 2.62500000e+001 2.00000000e+001 1.71947963e-004 1.16201115e-004 7.34127261e-005 6.46954137e-005 4.92786802e-005 4.51741972e-005 4.34988942e-005 3.32767938e-005 2.35477689e-005 
0.00000000e+000 2.35714286e+001 2.00000000e+001 1.59540739e-004 1.08044863e-004 6.83173183e-005 6.02253843e-005 4.59203563e-005 4.21112121e-005 4.05559996e-005 3.10530570e-005 2.19825082e-005 
0.00000000e+000 2.05357143e+001 2.00000000e+001 1.48388486e-004 1.00797779e-004 6.37986018e-005 5.62607476e-005 4.29380536e-005 3.93897380e-005 3.79406354e-005 2.90747246e-005 2.05905710e-005 
0.00000000e+000 1.71428571e+001 2.00000000e+001 1.39443864e-004 9.50915306e-005 6.02458396e-005 5.31400586e-005 4.05802326e-005 3.72348531e-005 3.58684960e-005 2.75030526e-005 1.94852784e-005 
0.00000000e+000 1.33928571e+001 2.00000000e+001 1.30918586e-004 8.96687630e-005 5.68291265e-005 5.01213590e-005 3.82663160e-005 3.51113204e-005 3.38231963e-005 2.59404455e-005 1.83842559e-005 
0.00000000e+000 9.28571429e+000 2.00000000e+001 1.24145581e-004 8.53660649e-005 5.40699522e-005 4.76636774e-005 3.63454683e-005 3.33389241e-005 3.21124790e-005 2.46207120e-005 1.74512278e-005 
0.00000000e+000 4.82142857e+000 2.00000000e+001 1.20081732e-004 8.27834494e-005 5.23772206e-005 4.61372858e-005 3.51162259e-005 3.21952932e-005 3.10051030e-005 2.37537182e-005 1.68348018e-005 
0.00000000e+000 0.00000000e+000 2.00000000e+001 1.18825294e-004 8.19896335e-005 5.18492118e-005 4.56531934e-005 3.47096161e-005 3.18127429e-005 3.06330946e-005 2.34568612e-005 1.66223068e-005 
2.50000000e-001 3.50000000e+001 2.00000000e+001 1.75735206e-004 1.25898556e-004 8.18439277e-005 7.26466920e-005 5.61474576e-005 5.16930237e-005 4.98675048e-005 3.86007654e-005 2.77287456e-005 
2.50000000e-001 3.48214286e+001 2.00000000e+001 1.69944127e-004 1.23195404e-004 8.04046192e-005 7.14362174e-005 5.53154131e-005 5.09542147e-005 4.91656891e-005 3.81062879e-005 2.74065353e-005 
2.50000000e-001 3.42857143e+001 2.00000000e+001 1.56936904e-004 1.16769388e-004 7.68883101e-005 6.84567055e-005 5.32336107e-005 4.90962662e-005 4.73969286e-005 3.68429969e-005 2.65705173e-005 
2.50000000e-001 3.33928571e+001 2.00000000e+001 1.40040308e-004 1.07993211e-004 7.19808901e-005 6.42747502e-005 5.02762960e-005 4.64473455e-005 4.48712718e-005 3.50219089e-005 2.53526711e-005 
2.50000000e-001 3.21428571e+001 2.00000000e+001 1.21495359e-004 9.78581803e-005 6.61951055e-005 5.93180756e-005 4.67322587e-005 4.32624430e-005 4.18303565e-005 3.28106881e-005 2.38602604e-005 
2.50000000e-001 3.05357143e+001 2.00000000e+001 1.03011044e-004 8.72256244e-005 6.00043545e-005 5.39883005e-005 4.28829148e-005 3.97929314e-005 3.85135720e-005 3.03806155e-005 2.22067299e-005 
2.50000000e-001 2.85714286e+001 2.00000000e+001 8.57121674e-005 7.67128941e-005 5.37541076e-005 4.85791607e-005 3.89342173e-005 3.62226142e-005 3.50958705e-005 2.78563263e-005 2.04742032e-005 
2.50000000e-001 2.62500000e+001 2.00000000e+001 7.03589408e-005 6.68462632e-005 4.77649198e-005 4.33692131e-005 3.50906533e-005 3.27365471e-005 3.17544457e-005 2.53688069e-005 1.87527029e-005 
2.50000000e-001 2.35714286e+001 2.00000000e+001 5.72246958e-005 5.79134530e-005 4.22273118e-005 3.85259831e-005 3.14765773e-005 2.94473354e-005 2.85971326e-005 2.29979218e-005 1.70978990e-005 
2.50000000e-001 2.05357143e+001 2.00000000e+001 4.66097168e-005 5.03924670e-005 3.75089091e-005 3.43869986e-005 2.83678861e-005 2.66123747e-005 2.58735377e-005 2.09426777e-005 1.56578194e-005 
2.50000000e-001 1.71428571e+001 2.00000000e+001 3.84544525e-005 4.44764510e-005 3.37835547e-005 3.11151786e-005 2.59018879e-005 2.43608426e-005 2.37093936e-005 1.93058049e-005 1.45109313e-005 
2.50000000e-001 1.33928571e+001 2.00000000e+001 3.20277057e-005 3.95044650e-005 3.05527368e-005 2.82492231e-005 2.36911450e-005 2.23280648e-005 2.17497899e-005 1.77994763e-005 1.34417649e-005 
2.50000000e-001 9.28571429e+000 2.00000000e+001 2.73975856e-005 3.57647406e-005 2.80640360e-005 2.60227071e-005 2.19382917e-005 2.07063831e-005 2.01825506e-005 1.65785799e-005 1.25672033e-005 
2.50000000e-001 4.82142857e+000 2.00000000e+001 2.46243018e-005 3.34877688e-005 2.65281318e-005 2.46382040e-005 2.08260178e-005 1.96709688e-005 1.91793955e-005 1.57871998e-005 1.19964820e-005 
2.50000000e-001 0.00000000e+000 2.00000000e+001 2.36991376e-005 3.27360654e-005 2.60223678e-005 2.41794760e-005 2.04499014e-005 1.93186408e-005 1.88371964e-005 1.55140695e-005 1.17986966e-005 
5.00000000e-001 3.50000000e+001 2.00000000e+001 1.65291568e-004 1.16350114e-004 7.53869119e-005 6.69076501e-005 5.17675465e-005 4.76958922e-005 4.60290406e-005 3.57459917e-005 2.58178023e-005 
5.00000000e-001 3.48214286e+001 2.00000000e+001 1.55872260e-004 1.12121131e-004 7.31992584e-005 6.50845782e-005 5.05415477e-005 4.66152420e-005 4.50058129e-005 3.50403291e-005 2.53701698e-005 
5.00000000e-001 3.42857143e+001 2.00000000e+001 1.36331650e-004 1.02759166e-004 6.82090782e-005 6.08918030e-005 4.76708305e-005 4.40706004e-005 4.25905658e-005 3.33491209e-005 2.42782669e-005 
5.00000000e-001 3.33928571e+001 2.00000000e+001 1.12937002e-004 9.07621754e-005 6.16327253e-005 5.53257869e-005 4.38002744e-005 4.06234901e-005 3.93121773e-005 3.10249646e-005 2.27569722e-005 
5.00000000e-001 3.21428571e+001 2.00000000e+001 8.94618673e-005 7.77721343e-005 5.42988088e-005 4.90718666e-005 3.93827753e-005 3.66708342e-005 3.55455461e-005 2.83223291e-005 2.09647185e-005 
5.00000000e-001 3.05357143e+001 2.00000000e+001 6.82388663e-005 6.50099100e-005 4.68699622e-005 4.26888271e-005 3.48034517e-005 3.25545817e-005 3.16154491e-005 2.54694417e-005 1.90493061e-005 
5.00000000e-001 2.85714286e+001 2.00000000e+001 5.04000066e-005 5.32452903e-005 3.97913397e-005 3.65569587e-005 3.03303176e-005 2.85139713e-005 2.77495790e-005 2.26279508e-005 1.71162259e-005 
5.00000000e-001 2.62500000e+001 2.00000000e+001 3.62800650e-005 4.29693142e-005 3.33929468e-005 3.09679288e-005 2.61832838e-005 2.47491834e-005 2.41400302e-005 1.99412088e-005 1.52642750e-005 
5.00000000e-001 2.35714286e+001 2.00000000e+001 2.55857908e-005 3.43298089e-005 2.78193558e-005 2.60569600e-005 2.24736283e-005 2.13635513e-005 2.08867428e-005 1.74870545e-005 1.35495871e-005 
5.00000000e-001 2.05357143e+001 2.00000000e+001 1.78704077e-005 2.74570723e-005 2.32584897e-005 2.20124004e-005 1.93788293e-005 1.85285057e-005 1.81582751e-005 1.54102506e-005 1.20869347e-005 
5.00000000e-001 1.71428571e+001 2.00000000e+001 1.25167066e-005 2.22451124e-005 1.97266318e-005 1.88663601e-005 1.69501646e-005 1.62981447e-005 1.60095912e-005 1.37661723e-005 1.09257783e-005 
5.00000000e-001 1.33928571e+001 2.00000000e+001 8.84410887e-006 1.82177987e-005 1.68739495e-005 1.62937222e-005 1.49085035e-005 1.44072018e-005 1.41813815e-005 1.23379606e-005 9.89756904e-006 
5.00000000e-001 9.28571429e+000 2.00000000e+001 6.47981109e-006 1.53532100e-005 1.47719193e-005 1.43787079e-005 1.33533846e-005 1.29567750e-005 1.27749843e-005 1.12210866e-005 9.08238539e-006 
5.00000000e-001 4.82142857e+000 2.00000000e+001 5.15959516e-006 1.36438698e-005 1.34906794e-005 1.32028058e-005 1.23807310e-005 1.20444131e-005 1.18882345e-005 1.05079069e-005 8.55733871e-006 
5.00000000e-001 0.00000000e+000 2.00000000e+001 4.72876668e-006 1.30724270e-005 1.30613042e-005 1.28071481e-005 1.20490637e-005 1.17319553e-005 1.15840155e-005 1.02611066e-005 8.37501228e-006 
7.50000000e-001 3.50000000e+001 2.00000000e+001 1.61452143e-004 1.12203023e-004 7.22153215e-005 6.39848676e-005 4.93491653e-005 4.54323182e-005 4.38316851e-005 3.39993630e-005 2.45629081e-005 
7.50000000e-001 3.48214286e+001 2.00000000e+001 1.48778889e-004 1.06577092e-004 6.93339316e-005 6.15918041e-005 4.77535318e-005 4.40300701e-005 4.25057298e-005 3.30933401e-005 2.39953128e-005 
7.50000000e-001 3.42857143e+001 2.00000000e+001 1.23890623e-004 9.46823610e-005 6.30395778e-005 5.63179176e-005 4.41690133e-005 4.08611749e-005 3.95015937e-005 3.10074685e-005 2.26642388e-005 
7.50000000e-001 3.33928571e+001 2.00000000e+001 9.59445727e-005 8.01385631e-005 5.50783671e-005 4.95890370e-005 3.95108364e-005 3.67202584e-005 3.55667447e-005 2.82357551e-005 2.08673565e-005 
7.50000000e-001 3.21428571e+001 2.00000000e+001 6.99472764e-005 6.51808978e-005 4.65756483e-005 4.23340510e-005 3.43888851e-005 3.21404520e-005 3.12041335e-005 2.51166899e-005 1.88129594e-005 
7.50000000e-001 3.05357143e+001 2.00000000e+001 4.84020309e-005 5.12825605e-005 3.83442057e-005 3.52394806e-005 2.92763001e-005 2.75414702e-005 2.68121891e-005 2.19289069e-005 1.66799810e-005 
7.50000000e-001 2.85714286e+001 2.00000000e+001 3.19971424e-005 3.92323492e-005 3.08757432e-005 2.87311637e-005 2.44800965e-005 2.31988362e-005 2.26536804e-005 1.88608205e-005 1.45920348e-005 
7.50000000e-001 2.62500000e+001 2.00000000e+001 2.03510821e-005 2.93696412e-005 2.44607534e-005 2.30758286e-005 2.02141146e-005 1.93100265e-005 1.89191710e-005 1.60587039e-005 1.26519429e-005 
7.50000000e-001 2.35714286e+001 2.00000000e+001 1.25187865e-005 2.16273964e-005 1.91611618e-005 1.83466340e-005 1.65580349e-005 1.59532717e-005 1.56859313e-005 1.35892301e-005 1.09113893e-005 
7.50000000e-001 2.05357143e+001 2.00000000e+001 7.52131823e-006 1.58430011e-005 1.50111880e-005 1.46039758e-005 1.36043328e-005 1.32255720e-005 1.30522694e-005 1.15498190e-005 9.45590318e-006 
7.50000000e-001 1.71428571e+001 2.00000000e+001 4.46298769e-006 1.16911882e-005 1.19033580e-005 1.17756816e-005 1.13336650e-005 1.11188851e-005 1.10143784e-005 9.95575776e-006 8.30994174e-006 
7.50000000e-001 1.33928571e+001 2.00000000e+001 2.64424473e-006 8.72164693e-006 9.54109160e-006 9.59239002e-006 9.52203109e-006 9.42130262e-006 9.36535882e-006 8.63378332e-006 7.33679922e-006 
7.50000000e-001 9.28571429e+000 2.00000000e+001 1.61884659e-006 6.73718586e-006 7.87794729e-006 8.03492774e-006 8.19311528e-006 8.16568239e-006 8.14143321e-006 7.63290479e-006 6.58673307e-006 
7.50000000e-001 4.82142857e+000 2.00000000e+001 1.10306093e-006 5.59768722e-006 6.88796294e-006 7.09902252e-006 7.37759168e-006 7.39028375e-006 7.38363971e-006 7.00420955e-006 6.11025521e-006 
7.50000000e-001 0.00000000e+000 2.00000000e+001 9.43961745e-007 5.22093259e-006 6.55633790e-006 6.78403026e-006 7.09963526e-006 7.12496271e-006 7.12392674e-006 6.78695991e-006 5.94491365e-006 
1.00000000e+000 3.50000000e+001 2.00000000e+001 1.59464812e-004 1.09991691e-004 7.04390619e-005 6.23173557e-005 4.79023010e-005 4.40555556e-005 4.24854482e-005 3.28773198e-005 2.37111936e-005 
1.00000000e+000 3.48214286e+001 2.00000000e+001 1.43788670e-004 1.03061009e-004 6.69055939e-005 5.93874776e-005 4.59568957e-005 4.23484987e-005 4.08723638e-005 3.17803511e-005 2.30285958e-005 
1.00000000e+000 3.42857143e+001 2.00000000e+001 1.14352931e-004 8.89247271e-005 5.94376897e-005 5.31362805e-005 4.17204063e-005 3.86075262e-005 3.73277815e-005 2.93289309e-005 2.14736277e-005 
1.00000000e+000 3.33928571e+001 2.00000000e+001 8.31194673e-005 7.23162431e-005 5.03096375e-005 4.54179796e-005 3.63780467e-005 3.38600971e-005 3.28175180e-005 2.61583486e-005 1.94266805e-005 
1.00000000e+000 3.21428571e+001 2.00000000e+001 5.60143053e-005 5.60012465e-005 4.09227401e-005 3.73897785e-005 3.06890298e-005 2.87694032e-005 2.79669868e-005 2.26881398e-005 1.71445122e-005 
1.00000000e+000 3.05357143e+001 2.00000000e+001 3.53221788e-005 4.16037134e-005 3.22024088e-005 2.98376218e-005 2.51993794e-005 2.38205427e-005 2.32369212e-005 1.92410008e-005 1.48340487e-005 
1.00000000e+000 2.85714286e+001 2.00000000e+001 2.09945191e-005 2.98229689e-005 2.46422515e-005 2.31982540e-005 2.02354310e-005 1.93089240e-005 1.89100158e-005 1.60232262e-005 1.26324081e-005 
1.00000000e+000 2.62500000e+001 2.00000000e+001 1.18501607e-005 2.07679005e-005 1.84555041e-005 1.76833262e-005 1.59870126e-005 1.54142155e-005 1.51612978e-005 1.31756653e-005 1.06420888e-005 
1.00000000e+000 2.35714286e+001 2.00000000e+001 6.38487524e-006 1.41243591e-005 1.35995747e-005 1.32852574e-005 1.24895262e-005 1.21784596e-005 1.20349262e-005 1.07470201e-005 8.90647880e-006 
1.00000000e+000 2.05357143e+001 2.00000000e+001 3.31293640e-006 9.48301968e-006 9.97292547e-006 9.95064322e-006 9.75902493e-006 9.63157165e-006 9.56583045e-006 8.79179806e-006 7.48452704e-006 
1.00000000e+000 1.71428571e+001 2.00000000e+001 1.67142209e-006 6.36289439e-006 7.36977509e-006 7.52276573e-006 7.71682006e-006 7.71281096e-006 7.70018129e-006 7.29050073e-006 6.37864891e-006 
1.00000000e+000 1.33928571e+001 2.00000000e+001 8.30408142e-007 4.29978486e-006 5.50358784e-006 5.74795369e-006 6.16288046e-006 6.23551420e-006 6.25668296e-006 6.09487391e-006 5.47289386e-006 
1.00000000e+000 9.28571429e+000 2.00000000e+001 4.21258282e-007 3.01377012e-006 4.25213847e-006 4.53709809e-006 5.06500560e-006 5.18119527e-006 5.22215415e-006 5.21706493e-006 4.79295136e-006 
1.00000000e+000 4.82142857e+000 2.00000000e+001 2.40164971e-007 2.31198304e-006 3.53049512e-006 3.82978525e-006 4.40650850e-006 4.54400339e-006 4.59496215e-006 4.67548653e-006 4.36729054e-006 
1.00000000e+000 0.00000000e+000 2.00000000e+001 1.88517396e-007 2.08546048e-006 3.29132763e-006 3.59379155e-006 4.18349654e-006 4.32726151e-006 4.38124159e-006 4.48920030e-006 4.22001818e-006 
1.25000000e+000 3.50000000e+001 2.00000000e+001 1.58243839e-004 1.08627036e-004 6.93274932e-005 6.12660901e-005 4.69686306e-005 4.31587674e-005 4.16047555e-005 3.21204951e-005 2.31132641e-005 
1.25000000e+000 3.48214286e+001 2.00000000e+001 1.39754433e-004 1.00461916e-004 6.51744605e-005 5.78255472e-005 4.46895388e-005 4.11606324e-005 3.97173554e-005 3.08405473e-005 2.23200154e-005 
1.25000000e+000 3.42857143e+001 2.00000000e+001 1.06375135e-004 8.43075328e-005 5.66356738e-005 5.06794340e-005 3.98514917e-005 3.68905411e-005 3.56723852e-005 2.80483686e-005 2.05546287e-005 
1.25000000e+000 3.33928571e+001 2.00000000e+001 7.27615363e-005 6.59979138e-005 4.65107329e-005 4.21085203e-005 3.39090341e-005 3.16083127e-005 3.06536005e-005 2.45203616e-005 1.82801486e-005 
1.25000000e+000 3.21428571e+001 2.00000000e+001 4.54497919e-005 4.87630211e-005 3.64546939e-005 3.34820393e-005 2.77625367e-005 2.61006505e-005 2.54029262e-005 2.07539562e-005 1.58003273e-005 
1.25000000e+000 3.05357143e+001 2.00000000e+001 2.61885962e-005 3.42828256e-005 2.74696343e-005 2.56581113e-005 2.20162499e-005 2.09060351e-005 2.04323957e-005 1.71097459e-005 1.33470249e-005 
1.25000000e+000 2.85714286e+001 2.00000000e+001 1.40315764e-005 2.30793979e-005 2.00127151e-005 1.90543522e-005 1.69985274e-005 1.63252977e-005 1.60312537e-005 1.38040036e-005 1.10667222e-005 
1.25000000e+000 2.62500000e+001 2.00000000e+001 7.04556145e-006 1.49831405e-005 1.41920567e-005 1.38043227e-005 1.28606408e-005 1.25078595e-005 1.23473806e-005 1.09649784e-005 9.05771905e-006 
1.25000000e+000 2.35714286e+001 2.00000000e+001 3.33258650e-006 9.42991948e-006 9.84937830e-006 9.80907791e-006 9.58533901e-006 9.45201271e-006 9.38461136e-006 8.61838314e-006 7.35210758e-006 
1.25000000e+000 2.05357143e+001 2.00000000e+001 1.49690721e-006 5.81189191e-006 6.76391295e-006 6.91385984e-006 7.11912675e-006 7.12633004e-006 7.11981700e-006 6.77908878e-006 5.98418893e-006 
1.25000000e+000 1.71428571e+001 2.00000000e+001 6.44004749e-007 3.54808640e-006 4.65368457e-006 4.89438119e-006 5.33342350e-006 5.42522385e-006 5.45639467e-006 5.39711636e-006 4.93670698e-006 
1.25000000e+000 1.33928571e+001 2.00000000e+001 2.68900065e-007 2.16788693e-006 3.22765803e-006 3.49622763e-006 4.03551211e-006 4.17135832e-006 4.22313217e-006 4.33713493e-006 4.10653098e-006 
1.25000000e+000 9.28571429e+000 2.00000000e+001 1.12889939e-007 1.37053662e-006 2.32013733e-006 2.58652677e-006 3.15331741e-006 3.30849965e-006 3.37010124e-006 3.58218802e-006 3.49902849e-006 
1.25000000e+000 4.82142857e+000 2.00000000e+001 5.31437492e-008 9.61014272e-007 1.81642894e-006 2.07279522e-006 2.63795076e-006 2.79964087e-006 2.86508257e-006 3.12543906e-006 3.12458719e-006 
1.25000000e+000 0.00000000e+000 2.00000000e+001 3.76650253e-008 8.33139546e-007 1.65240258e-006 1.90391572e-006 2.46526385e-006 2.62822186e-006 2.69458806e-006 2.96944501e-006 2.99565477e-006 
1.50000000e+000 3.50000000e+001 2.00000000e+001 1.57415612e-004 1.07699229e-004 6.85699291e-005 6.05481017e-005 4.63250433e-005 4.25377920e-005 4.09935702e-005 3.15858951e-005 2.26793008e-005 
1.50000000e+000 3.48214286e+001 2.00000000e+001 1.36265778e-004 9.83564022e-005 6.38237150e-005 5.66181885e-005 4.37255246e-005 4.02599578e-005 3.88424999e-005 3.01297111e-005 2.17791810e-005 
1.50000000e+000 3.42857143e+001 2.00000000e+001 9.94268558e-005 8.03647818e-005 5.42977667e-005 4.86446044e-005 3.83277088e-005 3.54965463e-005 3.43306071e-005 2.70178689e-005 1.98151408e-005 
1.50000000e+000 3.33928571e+001 2.00000000e+001 6.41192717e-005 6.06416717e-005 4.33127934e-005 3.93319125e-005 3.18544231e-005 2.97389754e-005 2.88589234e-005 2.31676195e-005 1.73327882e-005 
1.50000000e+000 3.21428571e+001 2.00000000e+001 3.71946793e-005 4.28134644e-005 3.27543989e-005 3.02442915e-005 2.53385848e-005 2.38905538e-005 2.32796100e-005 1.91509673e-005 1.46813264e-005 
1.50000000e+000 3.05357143e+001 2.00000000e+001 1.96194419e-005 2.85292737e-005 2.36671370e-005 2.22859542e-005 1.94284882e-005 1.85315042e-005 1.81453191e-005 1.53603970e-005 1.21145658e-005 
1.50000000e+000 2.85714286e+001 2.00000000e+001 9.49171435e-006 1.80652831e-005 1.64389208e-005 1.58292988e-005 1.44391134e-005 1.39551486e-005 1.37398592e-005 1.20150121e-005 9.78457440e-006 
1.50000000e+000 2.62500000e+001 2.00000000e+001 4.24611343e-006 1.09501257e-005 1.10533375e-005 1.09129474e-005 1.04716571e-005 1.02706209e-005 1.01745234e-005 9.22438231e-006 7.78204861e-006 
1.50000000e+000 2.35714286e+001 2.00000000e+001 1.76552527e-006 6.38683616e-006 7.23333712e-006 7.34211977e-006 7.45117078e-006 7.42763225e-006 7.40811479e-006 6.98761376e-006 6.12546424e-006 
1.50000000e+000 2.05357143e+001 2.00000000e+001 6.87440289e-007 3.61859488e-006 4.65588815e-006 4.87321459e-006 5.26106988e-006 5.33867760e-006 5.36427215e-006 5.28272303e-006 4.82602301e-006 
1.50000000e+000 1.71428571e+001 2.00000000e+001 2.52673361e-007 2.01247838e-006 2.98296251e-006 3.22987431e-006 3.73144611e-006 3.86039626e-006 3.91013215e-006 4.03303752e-006 3.84882893e-006 
1.50000000e+000 1.33928571e+001 2.00000000e+001 8.88353331e-008 1.11172485e-006 1.91873669e-006 2.15332811e-006 2.66934819e-006 2.81680754e-006 2.87650776e-006 3.10872938e-006 3.09806924e-006 
1.50000000e+000 9.28571429e+000 2.00000000e+001 3.08971239e-008 6.31956413e-007 1.27826158e-006 1.48729259e-006 1.97598885e-006 2.12523467e-006 2.18729045e-006 2.47032042e-006 2.56240537e-006 
1.50000000e+000 4.82142857e+000 2.00000000e+001 1.19267215e-008 4.01876496e-007 9.37956379e-007 1.12538710e-006 1.58273620e-006 1.72835934e-006 1.78986207e-006 2.09219656e-006 2.23767091e-006 
1.50000000e+000 0.00000000e+000 2.00000000e+001 7.52859716e-009 3.32885835e-007 8.29651162e-007 1.00872375e-006 1.45280725e-006 1.59635405e-006 1.65731466e-006 1.96423834e-006 2.12656110e-006 
1.75000000e+000 3.50000000e+001 2.00000000e+001 1.56816192e-004 1.07025954e-004 6.80201794e-005 6.00269400e-005 4.58566657e-005 4.20850592e-005 4.05475468e-005 3.11922122e-005 2.23542374e-005 
1.75000000e+000 3.48214286e+001 2.00000000e+001 1.33134137e-004 9.65530467e-005 6.27029435e-005 5.56255566e-005 4.29479143e-005 3.95371545e-005 3.81418249e-005 2.95655628e-005 2.13505378e-005 
1.75000000e+000 3.42857143e+001 2.00000000e+001 9.32375921e-005 7.68761289e-005 5.22603709e-005 4.68813974e-005 3.70257578e-005 3.43108481e-005 3.31914867e-005 2.61521934e-005 1.91981339e-005 
1.75000000e+000 3.33928571e+001 2.00000000e+001 5.67705731e-005 5.59748469e-005 4.05288586e-005 3.69191772e-005 3.00798510e-005 2.81280814e-005 2.73138982e-005 2.20098171e-005 1.65250670e-005 
1.75000000e+000 3.21428571e+001 2.00000000e+001 3.06262732e-005 3.78039831e-005 2.96007489e-005 2.74804065e-005 2.32667050e-005 2.20015762e-005 2.14649173e-005 1.77815439e-005 1.37243818e-005 
1.75000000e+000 3.05357143e+001 2.00000000e+001 1.48081710e-005 2.39035982e-005 2.05308989e-005 1.94906285e-005 1.72649894e-005 1.65420392e-005 1.62274687e-005 1.38858953e-005 1.10689189e-005 
1.75000000e+000 2.85714286e+001 2.00000000e+001 6.47642268e-006 1.42529385e-005 1.36103999e-005 1.32546204e-005 1.23626297e-005 1.20236966e-005 1.18691552e-005 1.05382877e-005 8.71285632e-006 
1.75000000e+000 2.62500000e+001 2.00000000e+001 2.58379881e-006 8.07483195e-006 8.68604581e-006 8.70452166e-006 8.60189948e-006 8.50748735e-006 8.45717321e-006 7.82452965e-006 6.73632357e-006 
1.75000000e+000 2.35714286e+001 2.00000000e+001 9.45226870e-007 4.36920379e-006 5.36506107e-006 5.55001739e-006 5.84776531e-006 5.89190012e-006 5.90259894e-006 5.71463857e-006 5.14241605e-006 
1.75000000e+000 2.05357143e+001 2.00000000e+001 3.19319359e-007 2.27802808e-006 3.23965768e-006 3.47159772e-006 3.92709044e-006 4.03860846e-006 4.08062472e-006 4.15239346e-006 3.92059625e-006 
1.75000000e+000 1.71428571e+001 2.00000000e+001 1.00389573e-007 1.15554443e-006 1.93402890e-006 2.15510333e-006 2.63664143e-006 2.77309103e-006 2.82821196e-006 3.03792852e-006 3.02016244e-006 
1.75000000e+000 1.33928571e+001 2.00000000e+001 2.97581412e-008 5.77493390e-007 1.15324982e-006 1.34001074e-006 1.78109856e-006 1.91769485e-006 1.97486928e-006 2.24275172e-006 2.34895860e-006 
1.75000000e+000 9.28571429e+000 2.00000000e+001 8.58686648e-009 2.94774713e-007 7.10281052e-007 8.61828445e-007 1.24565775e-006 1.37266222e-006 1.42712206e-006 1.71054029e-006 1.88211100e-006 
1.75000000e+000 4.82142857e+000 2.00000000e+001 2.70928832e-009 1.69009365e-007 4.86033617e-007 6.12864090e-007 9.51689931e-007 1.06908866e-006 1.12023943e-006 1.40246105e-006 1.60404833e-006 
1.75000000e+000 0.00000000e+000 2.00000000e+001 1.50549006e-009 1.33025387e-007 4.16591160e-007 5.34473809e-007 8.56195946e-007 9.69649359e-007 1.01937729e-006 1.29934855e-006 1.50963732e-006 
2.00000000e+000 3.50000000e+001 2.00000000e+001 1.56362069e-004 1.06514354e-004 6.76024179e-005 5.96309698e-005 4.55007471e-005 4.17408633e-005 4.02083457e-005 3.08916281e-005 2.21035833e-005 
2.00000000e+000 3.48214286e+001 2.00000000e+001 1.30258308e-004 9.49524571e-005 6.17332748e-005 5.47735560e-005 4.22924266e-005 3.89312071e-005 3.75557676e-005 2.90995254e-005 2.09991921e-005 
2.00000000e+000 3.42857143e+001 2.00000000e+001 8.76461871e-005 7.37211875e-005 5.04350197e-005 4.53080027e-005 3.58766079e-005 3.32683783e-005 3.21916811e-005 2.54004394e-005 1.86674892e-005 
2.00000000e+000 3.33928571e+001 2.00000000e+001 5.04438723e-005 5.18386478e-005 3.80532439e-005 3.47747441e-005 2.85079299e-005 2.67034623e-005 2.59485712e-005 2.09920273e-005 1.58187716e-005 
2.00000000e+000 3.21428571e+001 2.00000000e+001 2.53359268e-005 3.35208065e-005 2.68629507e-005 2.50747142e-005 2.14573035e-005 2.03511881e-005 1.98792517e-005 1.65849137e-005 1.28882535e-005 
2.00000000e+000 3.05357143e+001 2.00000000e+001 1.12404505e-005 2.01294126e-005 1.78993336e-005 1.71314863e-005 1.54206773e-005 1.48419106e-005 1.45869450e-005 1.26179597e-005 1.01649480e-005 
2.00000000e+000 2.85714286e+001 2.00000000e+001 4.44809223e-006 1.13114093e-005 1.13340345e-005 1.11633232e-005 1.06468577e-005 1.04204355e-005 1.03134110e-005 9.29694332e-006 7.80192360e-006 
2.00000000e+000 2.62500000e+001 2.00000000e+001 1.58376903e-006 5.99420466e-006 6.87078701e-006 6.98886506e-006 7.11269765e-006 7.09348930e-006 7.07595950e-006 6.67973318e-006 5.86618579e-006 
2.00000000e+000 2.35714286e+001 2.00000000e+001 5.10073753e-007 3.01101630e-006 4.00861425e-006 4.22620293e-006 4.62283648e-006 4.70748202e-006 4.73689046e-006 4.70571730e-006 4.34415184e-006 
2.00000000e+000 2.05357143e+001 2.00000000e+001 1.49595319e-007 1.44577511e-006 2.27251295e-006 2.49307658e-006 2.95431533e-006 3.07866374e-006 3.12785405e-006 3.28704692e-006 3.20482784e-006 
2.00000000e+000 1.71428571e+001 2.00000000e+001 4.02584443e-008 6.69556135e-007 1.26504259e-006 1.45044594e-006 1.87808071e-006 2.00759090e-006 2.06138848e-006 2.30397972e-006 2.38341973e-006 
2.00000000e+000 1.33928571e+001 2.00000000e+001 1.00702391e-008 3.02957060e-007 6.99368936e-007 8.41018172e-007 1.19728673e-006 1.31480933e-006 1.36520741e-006 1.62739032e-006 1.78913218e-006 
2.00000000e+000 9.28571429e+000 2.00000000e+001 2.41381396e-009 1.38814786e-007 3.97633285e-007 5.02821098e-007 7.89553788e-007 8.91062874e-007 9.35680699e-007 1.18899060e-006 1.38636808e-006 
2.00000000e+000 4.82142857e+000 2.00000000e+001 6.21833318e-010 7.14523531e-008 2.52698828e-007 3.34728602e-007 5.73456840e-007 6.62551394e-007 7.02410622e-007 9.41379499e-007 1.15093427e-006 
2.00000000e+000 0.00000000e+000 2.00000000e+001 3.01181817e-010 5.31661547e-008 2.09198893e-007 2.83211068e-007 5.04613527e-007 5.89004333e-007 6.27021325e-007 8.59547186e-007 1.07170693e-006 
2.25000000e+000 3.50000000e+001 2.00000000e+001 1.56006169e-004 1.06112064e-004 6.72737855e-005 5.93195228e-005 4.52209302e-005 4.14702701e-005 3.99416699e-005 3.06550011e-005 2.19052314e-005 
2.25000000e+000 3.48214286e+001 2.00000000e+001 1.27577875e-004 9.34973427e-005 6.08695563e-005 5.40196636e-005 4.17215413e-005 3.84061808e-005 3.70490941e-005 2.87018627e-005 2.07027088e-005 
2.25000000e+000 3.42857143e+001 2.00000000e+001 8.25462372e-005 7.08266529e-005 4.87692673e-005 4.38760307e-005 3.48391009e-005 3.23300834e-005 3.12930403e-005 2.47310362e-005 1.81997689e-005 
2.25000000e+000 3.33928571e+001 2.00000000e+001 4.49490831e-005 4.81302539e-005 3.58202831e-005 3.28396503e-005 2.70910342e-005 2.54205444e-005 2.47196406e-005 2.00794767e-005 1.51887334e-005 
2.25000000e+000 3.21428571e+001 2.00000000e+001 2.10373214e-005 2.98196779e-005 2.44561830e-005 2.29528674e-005 1.98533052e-005 1.88867495e-005 1.84717843e-005 1.55216335e-005 1.21452622e-005 
2.25000000e+000 3.05357143e+001 2.00000000e+001 8.57081291e-006 1.70179953e-005 1.56648530e-005 1.51155455e-005 1.38266697e-005 1.33683288e-005 1.31634224e-005 1.15111830e-005 9.37174671e-006 
2.25000000e+000 2.85714286e+001 2.00000000e+001 3.07087895e-006 9.01809767e-006 9.48047260e-006 9.44385796e-006 9.21030313e-006 9.07155311e-006 9.00192119e-006 8.23884588e-006 7.01715876e-006 
2.25000000e+000 2.62500000e+001 2.00000000e+001 9.76376088e-007 4.47264328e-006 5.46237777e-006 5.63974570e-006 5.91120223e-006 5.94459291e-006 5.95044103e-006 5.73118894e-006 5.13319756e-006 
2.25000000e+000 2.35714286e+001 2.00000000e+001 2.76964931e-007 2.08682068e-006 3.01199323e-006 3.23631022e-006 3.67514949e-006 3.78237419e-006 3.82280286e-006 3.89622179e-006 3.68870223e-006 
2.25000000e+000 2.05357143e+001 2.00000000e+001 7.05516883e-008 9.23296648e-007 1.60403382e-006 1.80153498e-006 2.23623066e-006 2.36125817e-006 2.41214956e-006 2.61713397e-006 2.63348839e-006 
2.25000000e+000 1.71428571e+001 2.00000000e+001 1.62614156e-008 3.90669872e-007 8.33188454e-007 9.82884036e-007 1.34653395e-006 1.46272894e-006 1.51201098e-006 1.75747534e-006 1.89030224e-006 
2.25000000e+000 1.33928571e+001 2.00000000e+001 3.43448186e-009 1.60159756e-007 4.27207875e-007 5.31560457e-007 8.09950145e-007 9.06944696e-007 9.49383312e-007 1.18694659e-006 1.36840461e-006 
2.25000000e+000 9.28571429e+000 2.00000000e+001 6.84488491e-010 6.58876635e-008 2.24056294e-007 2.95137979e-007 5.02936146e-007 5.81102377e-007 6.16212661e-007 8.29427391e-007 1.02396552e-006 
2.25000000e+000 4.82142857e+000 2.00000000e+001 1.43977282e-010 3.03557473e-008 1.31802687e-007 1.83330599e-007 3.46254820e-007 4.11365917e-007 4.41203444e-007 6.32720850e-007 8.26588113e-007 
2.25000000e+000 0.00000000e+000 2.00000000e+001 6.02789274e-011 2.12518784e-008 1.05061468e-007 1.50080263e-007 2.97416555e-007 3.57800155e-007 3.85697678e-007 5.68625512e-007 7.60830815e-007 
2.50000000e+000 3.50000000e+001 2.00000000e+001 1.55719927e-004 1.05787235e-004 6.70082646e-005 5.90678948e-005 4.49949502e-005 4.12517737e-005 3.97263489e-005 3.04639156e-005 2.17446650e-005 
2.50000000e+000 3.48214286e+001 2.00000000e+001 1.25053833e-004 9.21520005e-005 6.00839799e-005 5.33377275e-005 4.12120839e-005 3.79397858e-005 3.65998990e-005 2.83536872e-005 2.04463043e-005 
2.50000000e+000 3.42857143e+001 2.00000000e+001 7.78622285e-005 6.81441519e-005 4.72295605e-005 4.25547131e-005 3.38871985e-005 3.14712144e-005 3.04713569e-005 2.41236316e-005 1.77793674e-005 
2.50000000e+000 3.33928571e+001 2.00000000e+001 4.01454720e-005 4.47778412e-005 3.37859217e-005 3.10747335e-005 2.57979863e-005 2.42501851e-005 2.35987946e-005 1.92492326e-005 1.46179186e-005 
2.50000000e+000 3.21428571e+001 2.00000000e+001 1.75211361e-005 2.65966580e-005 2.23213333e-005 2.10635810e-005 1.84160406e-005 1.75727045e-005 1.72082096e-005 1.45650023e-005 1.14762951e-005 
2.50000000e+000 3.05357143e+001 2.00000000e+001 6.55929756e-006 1.44332509e-005 1.37511058e-005 1.33772869e-005 1.24351190e-005 1.20778017e-005 1.19151494e-005 1.05340933e-005 8.66753918e-006 
2.50000000e+000 2.85714286e+001 2.00000000e+001 2.12903748e-006 7.21626104e-006 7.95817430e-006 8.01745368e-006 7.99573954e-006 7.92526205e-006 7.88508292e-006 7.32726372e-006 6.33375873e-006 
2.50000000e+000 2.62500000e+001 2.00000000e+001 6.04734921e-007 3.35111719e-006 4.36010424e-006 4.56928537e-006 4.93240155e-006 5.00183047e-006 5.02410839e-006 4.93715493e-006 4.50950872e-006 
2.50000000e+000 2.35714286e+001 2.00000000e+001 1.51146958e-007 1.45285249e-006 2.27323688e-006 2.48932863e-006 2.93483844e-006 3.05270485e-006 3.09895273e-006 3.24031636e-006 3.14549345e-006 
2.50000000e+000 2.05357143e+001 2.00000000e+001 3.34533077e-008 5.92547841e-007 1.13776851e-006 1.30824186e-006 1.70105236e-006 1.81995039e-006 1.86935718e-006 2.09370934e-006 2.17361749e-006 
2.50000000e+000 1.71428571e+001 2.00000000e+001 6.60657537e-009 2.29202736e-007 5.51783441e-007 6.69704921e-007 9.70615494e-007 1.07138789e-006 1.11487838e-006 1.34719718e-006 1.50573701e-006 
2.50000000e+000 1.33928571e+001 2.00000000e+001 1.17863722e-009 8.51876607e-008 2.62511857e-007 3.37928002e-007 5.50883562e-007 6.28873346e-007 6.63610197e-007 8.69644526e-007 1.05056723e-006 
2.50000000e+000 9.28571429e+000 2.00000000e+001 1.95442808e-010 3.14780266e-008 1.26963795e-007 1.74156001e-007 3.21798079e-007 3.80554183e-007 4.07475297e-007 5.80529721e-007 7.58232952e-007 
2.50000000e+000 4.82142857e+000 2.00000000e+001 3.35839655e-011 1.29544071e-008 6.89538488e-008 1.00678295e-007 2.09483997e-007 2.55867674e-007 2.77607920e-007 4.25814237e-007 5.94191814e-007 
2.50000000e+000 0.00000000e+000 2.00000000e+001 1.20694366e-011 8.49611895e-009 5.27669799e-008 7.95364982e-008 1.75304027e-007 2.17360587e-007 2.37262485e-007 3.76179835e-007 5.40143047e-007 
END