TITLE="2RS_E_WD245.dat"
VARIABLES= "Density" "Radius" "Height" "0.1053" "0.356" "0.6617" "0.7889" "1.1732" "1.3325" "1.408" "2" "3" 
ZONE T="3D Data" I=11 J=15 K=3 F=POINT
0.00000000e+000 3.50000000e+001 0.00000000e+000 2.75973455e-004 1.85184075e-004 1.17790449e-004 1.04058779e-004 7.96686489e-005 7.31326030e-005 7.04585560e-005 5.40553225e-005 3.83595972e-005 
0.00000000e+000 3.48214286e+001 0.00000000e+000 2.75372198e-004 1.84827627e-004 1.17559403e-004 1.03851216e-004 7.95021890e-005 7.29775104e-005 7.03082201e-005 5.39364539e-005 3.82747090e-005 
0.00000000e+000 3.42857143e+001 0.00000000e+000 2.73915515e-004 1.83846850e-004 1.16904842e-004 1.03259596e-004 7.90229731e-005 7.25299966e-005 6.98740479e-005 5.35917173e-005 3.80280144e-005 
0.00000000e+000 3.33928571e+001 0.00000000e+000 2.71054828e-004 1.81961307e-004 1.15651476e-004 1.02130719e-004 7.81166424e-005 7.16858579e-005 6.90559402e-005 5.29452276e-005 3.75650944e-005 
0.00000000e+000 3.21428571e+001 0.00000000e+000 2.66741105e-004 1.79101735e-004 1.13768168e-004 1.00441151e-004 7.67736847e-005 7.04389367e-005 6.78490083e-005 5.19974613e-005 3.68875363e-005 
0.00000000e+000 3.05357143e+001 0.00000000e+000 2.60504619e-004 1.74982555e-004 1.11088336e-004 9.80491632e-005 7.48953981e-005 6.87012940e-005 6.61695595e-005 5.06879830e-005 3.59528056e-005 
0.00000000e+000 2.85714286e+001 0.00000000e+000 2.50742250e-004 1.68459491e-004 1.06899941e-004 9.43345829e-005 7.20252491e-005 6.60592775e-005 6.36212245e-005 4.87209636e-005 3.45519326e-005 
0.00000000e+000 2.62500000e+001 0.00000000e+000 2.35061031e-004 1.58098312e-004 1.00355795e-004 8.85693240e-005 6.76434430e-005 6.20464673e-005 5.97589241e-005 4.57722237e-005 3.24605747e-005 
0.00000000e+000 2.35714286e+001 0.00000000e+000 2.14411464e-004 1.44395077e-004 9.17440155e-005 8.10017233e-005 6.19299347e-005 5.68254963e-005 5.47383705e-005 4.19577360e-005 2.97604369e-005 
0.00000000e+000 2.05357143e+001 0.00000000e+000 1.87222950e-004 1.26365495e-004 8.04730623e-005 7.11188282e-005 5.45108512e-005 5.00588987e-005 4.82367664e-005 3.70394808e-005 2.62853995e-005 
0.00000000e+000 1.71428571e+001 0.00000000e+000 1.56486608e-004 1.06004859e-004 6.77113856e-005 5.99236552e-005 4.61028356e-005 4.23906238e-005 4.08690745e-005 3.14678974e-005 2.23477283e-005 
0.00000000e+000 1.33928571e+001 0.00000000e+000 1.28065816e-004 8.70372454e-005 5.57300347e-005 4.93827933e-005 3.81389345e-005 3.51165602e-005 3.38762196e-005 2.61669464e-005 1.85977812e-005 
0.00000000e+000 9.28571429e+000 0.00000000e+000 1.04940207e-004 7.18600516e-005 4.60049847e-005 4.07747891e-005 3.15513403e-005 2.90806331e-005 2.80669058e-005 2.17437131e-005 1.54707395e-005 
0.00000000e+000 4.82142857e+000 0.00000000e+000 9.63340523e-005 6.63144997e-005 4.19172288e-005 3.69698764e-005 2.83380370e-005 2.60656562e-005 2.51391068e-005 1.94279115e-005 1.38216257e-005 
0.00000000e+000 0.00000000e+000 0.00000000e+000 9.60093123e-005 6.61612519e-005 4.17241750e-005 3.67203569e-005 2.79720707e-005 2.56810642e-005 2.47499588e-005 1.90616738e-005 1.35431650e-005 
2.50000000e-001 3.50000000e+001 0.00000000e+000 2.06236308e-004 1.49018601e-004 9.84213476e-005 8.78367135e-005 6.87298789e-005 6.35089808e-005 6.13579921e-005 4.78741812e-005 3.45716171e-005 
2.50000000e-001 3.48214286e+001 0.00000000e+000 2.00810596e-004 1.46720615e-004 9.72449201e-005 8.68554935e-005 6.80657386e-005 6.29220287e-005 6.08016195e-005 4.74888378e-005 3.43290272e-005 
2.50000000e-001 3.42857143e+001 0.00000000e+000 1.89177182e-004 1.41596292e-004 9.45689668e-005 8.46100246e-005 6.65236433e-005 6.15525198e-005 5.95007043e-005 4.65756443e-005 3.37458926e-005 
2.50000000e-001 3.33928571e+001 0.00000000e+000 1.73420706e-004 1.34307998e-004 9.06617868e-005 8.13071868e-005 6.42176277e-005 5.94937290e-005 5.75405450e-005 4.51792851e-005 3.28382374e-005 
2.50000000e-001 3.21428571e+001 0.00000000e+000 1.55295599e-004 1.25480266e-004 8.58275224e-005 7.71976207e-005 6.13138531e-005 5.68917111e-005 5.50592648e-005 4.33936410e-005 3.16625887e-005 
2.50000000e-001 3.05357143e+001 0.00000000e+000 1.35977947e-004 1.15460803e-004 8.01996767e-005 7.23834248e-005 5.78683227e-005 5.37922924e-005 5.20987627e-005 4.12401663e-005 3.02247860e-005 
2.50000000e-001 2.85714286e+001 0.00000000e+000 1.16112955e-004 1.04178490e-004 7.36087089e-005 6.66906258e-005 5.37131591e-005 5.00325571e-005 4.84985223e-005 3.85786155e-005 2.84094472e-005 
2.50000000e-001 2.62500000e+001 0.00000000e+000 9.59890739e-005 9.13830794e-005 6.57821679e-005 5.98574375e-005 4.86203882e-005 4.53968768e-005 4.40483000e-005 3.52357271e-005 2.60811943e-005 
2.50000000e-001 2.35714286e+001 0.00000000e+000 7.70875396e-005 7.80058361e-005 5.72564071e-005 5.23417496e-005 4.29122351e-005 4.01730264e-005 3.90221154e-005 3.14076473e-005 2.33710480e-005 
2.50000000e-001 2.05357143e+001 0.00000000e+000 5.94245898e-005 6.39337448e-005 4.78912658e-005 4.40030070e-005 3.64558826e-005 3.42326626e-005 3.32937472e-005 2.69854719e-005 2.01906194e-005 
2.50000000e-001 1.71428571e+001 0.00000000e+000 4.42228656e-005 5.04998696e-005 3.85823447e-005 3.56334009e-005 2.98501187e-005 2.81219701e-005 2.73879671e-005 2.23664839e-005 1.68231379e-005 
2.50000000e-001 1.33928571e+001 0.00000000e+000 3.26481902e-005 3.93565104e-005 3.05887138e-005 2.83801720e-005 2.40175357e-005 2.26983440e-005 2.21350835e-005 1.82097976e-005 1.37613216e-005 
2.50000000e-001 9.28571429e+000 0.00000000e+000 2.45859869e-005 3.11756117e-005 2.45192025e-005 2.28145545e-005 1.94426885e-005 1.84191628e-005 1.79809840e-005 1.48846496e-005 1.12954886e-005 
2.50000000e-001 4.82142857e+000 0.00000000e+000 2.12089083e-005 2.79371249e-005 2.18883274e-005 2.03063148e-005 1.72051851e-005 1.62823264e-005 1.58901030e-005 1.31517746e-005 1.00007603e-005 
2.50000000e-001 0.00000000e+000 0.00000000e+000 2.06343510e-005 2.75645674e-005 2.16205630e-005 2.00296202e-005 1.68890912e-005 1.59594469e-005 1.55659540e-005 1.28505707e-005 9.76666187e-006 
5.00000000e-001 3.50000000e+001 0.00000000e+000 1.92274706e-004 1.36268994e-004 8.98498739e-005 8.02401665e-005 6.29811019e-005 5.82787005e-005 5.63420577e-005 4.41732735e-005 3.21082950e-005 
5.00000000e-001 3.48214286e+001 0.00000000e+000 1.82863883e-004 1.32272448e-004 8.78228256e-005 7.85577356e-005 6.18589406e-005 5.72925025e-005 5.54095993e-005 4.35383258e-005 3.17163302e-005 
5.00000000e-001 3.42857143e+001 0.00000000e+000 1.63595137e-004 1.23691011e-004 8.33851801e-005 7.48550171e-005 5.93592629e-005 5.50870018e-005 5.33206929e-005 4.21002402e-005 3.08178273e-005 
5.00000000e-001 3.33928571e+001 0.00000000e+000 1.39460747e-004 1.12231488e-004 7.72914894e-005 6.97324150e-005 5.58437324e-005 5.19689942e-005 5.03608552e-005 4.00329393e-005 2.95037478e-005 
5.00000000e-001 3.21428571e+001 0.00000000e+000 1.14002328e-004 9.92280016e-005 7.01877673e-005 6.37196831e-005 5.16571175e-005 4.82392529e-005 4.68135670e-005 3.75252410e-005 2.78864937e-005 
5.00000000e-001 3.05357143e+001 0.00000000e+000 8.95583264e-005 8.55767049e-005 6.24799697e-005 5.71422743e-005 4.69993148e-005 4.40685092e-005 4.28381866e-005 3.46758906e-005 2.60179929e-005 
5.00000000e-001 2.85714286e+001 0.00000000e+000 6.75754043e-005 7.18319702e-005 5.43586079e-005 5.01312949e-005 4.19117891e-005 3.94787820e-005 3.84493814e-005 3.14650758e-005 2.38583421e-005 
5.00000000e-001 2.62500000e+001 0.00000000e+000 4.88316338e-005 5.83477001e-005 4.59132856e-005 4.27323946e-005 3.63762952e-005 3.44389780e-005 3.36113779e-005 2.78379317e-005 2.13455339e-005 
5.00000000e-001 2.35714286e+001 0.00000000e+000 3.39782287e-005 4.59988475e-005 3.77228741e-005 3.54531398e-005 3.07668902e-005 2.92869152e-005 2.86472448e-005 2.40306545e-005 1.86392816e-005 
5.00000000e-001 2.05357143e+001 0.00000000e+000 2.26222471e-005 3.48383914e-005 2.98126271e-005 2.83058789e-005 2.50714345e-005 2.40044291e-005 2.35364900e-005 2.00121907e-005 1.57031735e-005 
5.00000000e-001 1.71428571e+001 0.00000000e+000 1.45560047e-005 2.55213337e-005 2.27691904e-005 2.18384061e-005 1.97457130e-005 1.90176714e-005 1.86926457e-005 1.61129279e-005 1.27837827e-005 
5.00000000e-001 1.33928571e+001 0.00000000e+000 9.33008773e-006 1.85596346e-005 1.72046001e-005 1.66545833e-005 1.53484766e-005 1.48651386e-005 1.46449155e-005 1.27884256e-005 1.02472363e-005 
5.00000000e-001 9.28571429e+000 0.00000000e+000 6.16676551e-006 1.38505884e-005 1.32464127e-005 1.29135480e-005 1.20774832e-005 1.17498893e-005 1.15978548e-005 1.02395317e-005 8.27511696e-006 
5.00000000e-001 4.82142857e+000 0.00000000e+000 4.77048960e-006 1.18532652e-005 1.14756594e-005 1.11917356e-005 1.04706968e-005 1.01924029e-005 1.00639970e-005 8.91598051e-006 7.24332272e-006 
5.00000000e-001 0.00000000e+000 0.00000000e+000 4.43474908e-006 1.14841512e-005 1.12033108e-005 1.09254330e-005 1.01973666e-005 9.91796861e-006 9.78987348e-006 8.66330987e-006 7.04323490e-006 
7.50000000e-001 3.50000000e+001 0.00000000e+000 1.87327726e-004 1.30743850e-004 8.55913623e-005 7.63168563e-005 5.97504299e-005 5.52623764e-005 5.34173997e-005 4.18666054e-005 3.04623607e-005 
7.50000000e-001 3.48214286e+001 0.00000000e+000 1.74378940e-004 1.25213909e-004 8.27863958e-005 7.39905045e-005 5.82035931e-005 5.39048396e-005 5.21346713e-005 4.09972154e-005 2.99288026e-005 
7.50000000e-001 3.42857143e+001 0.00000000e+000 1.48903220e-004 1.13676874e-004 7.68012188e-005 6.89977431e-005 5.48416377e-005 5.09425778e-005 4.93308563e-005 3.90763906e-005 2.87361201e-005 
7.50000000e-001 3.33928571e+001 0.00000000e+000 1.18893124e-004 9.89397826e-005 6.89033124e-005 6.23539853e-005 5.02869356e-005 4.69070058e-005 4.55020179e-005 3.64136085e-005 2.70536472e-005 
7.50000000e-001 3.21428571e+001 0.00000000e+000 8.94855601e-005 8.30270795e-005 6.00758662e-005 5.48648578e-005 4.50614923e-005 4.22526086e-005 4.10761210e-005 3.32923548e-005 2.50497067e-005 
7.50000000e-001 3.05357143e+001 0.00000000e+000 6.36728280e-005 6.72907672e-005 5.09679623e-005 4.70577877e-005 3.94982893e-005 3.72662866e-005 3.63220118e-005 2.98842966e-005 2.28201890e-005 
7.50000000e-001 2.85714286e+001 0.00000000e+000 4.28574886e-005 5.26255428e-005 4.20070427e-005 3.92720633e-005 3.37914639e-005 3.21073734e-005 3.13853940e-005 2.62635773e-005 2.03865035e-005 
7.50000000e-001 2.62500000e+001 0.00000000e+000 2.72865331e-005 3.95841709e-005 3.34758692e-005 3.17306063e-005 2.80608854e-005 2.68704761e-005 2.63509652e-005 2.24634150e-005 1.77449497e-005 
7.50000000e-001 2.35714286e+001 0.00000000e+000 1.65338528e-005 2.87539635e-005 2.58769574e-005 2.48940926e-005 2.26729449e-005 2.18928543e-005 2.15437150e-005 1.87311506e-005 1.50682373e-005 
7.50000000e-001 2.05357143e+001 0.00000000e+000 9.51675275e-006 2.00325933e-005 1.92342659e-005 1.87927160e-005 1.76541253e-005 1.71971679e-005 1.69844687e-005 1.50748191e-005 1.23512866e-005 
7.50000000e-001 1.71428571e+001 0.00000000e+000 5.26681851e-006 1.35103039e-005 1.38415008e-005 1.37355268e-005 1.33122025e-005 1.30833768e-005 1.29690740e-005 1.17516596e-005 9.79966393e-006 
7.50000000e-001 1.33928571e+001 0.00000000e+000 2.89031917e-006 9.06999764e-006 9.89069700e-006 9.96033866e-006 9.94264029e-006 9.85463549e-006 9.80273082e-006 9.05880449e-006 7.67681128e-006 
7.50000000e-001 9.28571429e+000 0.00000000e+000 1.63469962e-006 6.28848875e-006 7.24834991e-006 7.38981271e-006 7.56029646e-006 7.54711695e-006 7.52977599e-006 7.07777374e-006 6.08254238e-006 
7.50000000e-001 4.82142857e+000 0.00000000e+000 1.09474177e-006 5.06401524e-006 6.04028750e-006 6.18905393e-006 6.38714017e-006 6.39350848e-006 6.38663659e-006 6.05306303e-006 5.25134817e-006 
7.50000000e-001 0.00000000e+000 0.00000000e+000 9.53121066e-007 4.78461365e-006 5.80531662e-006 5.95942997e-006 6.15701007e-006 6.16350425e-006 6.15713229e-006 5.84043686e-006 5.07923408e-006 
1.00000000e+000 3.50000000e+001 0.00000000e+000 1.84839549e-004 1.27856988e-004 8.32177449e-005 7.40799603e-005 5.78043889e-005 5.34120471e-005 5.16090448e-005 4.03669413e-005 2.93306820e-005 
1.00000000e+000 3.48214286e+001 0.00000000e+000 1.68636235e-004 1.20905693e-004 7.96879946e-005 7.11525329e-005 5.58591456e-005 5.17055161e-005 4.99968598e-005 3.92758580e-005 2.86623625e-005 
1.00000000e+000 3.42857143e+001 0.00000000e+000 1.37878186e-004 1.06766184e-004 7.23181065e-005 6.49998837e-005 5.17131320e-005 4.80526009e-005 4.65395434e-005 3.69092534e-005 2.71949115e-005 
1.00000000e+000 3.33928571e+001 0.00000000e+000 1.03562288e-004 8.93757557e-005 6.29053235e-005 5.70664178e-005 4.62584682e-005 4.32171403e-005 4.19510219e-005 3.37168368e-005 2.51786971e-005 
1.00000000e+000 3.21428571e+001 0.00000000e+000 7.21469416e-005 7.14124813e-005 5.27601093e-005 4.84266769e-005 4.01911698e-005 3.78048095e-005 3.68014810e-005 3.00756844e-005 2.28375772e-005 
1.00000000e+000 3.05357143e+001 0.00000000e+000 4.67832988e-005 5.45788398e-005 4.27407212e-005 3.97854390e-005 3.39651856e-005 3.22090012e-005 3.14604720e-005 2.62257416e-005 2.03092270e-005 
1.00000000e+000 2.85714286e+001 0.00000000e+000 2.82817714e-005 3.98997406e-005 3.34190172e-005 3.16169372e-005 2.78838170e-005 2.66895890e-005 2.61705516e-005 2.23142292e-005 1.76649351e-005 
1.00000000e+000 2.62500000e+001 0.00000000e+000 1.59684985e-005 2.78632955e-005 2.51453699e-005 2.42215063e-005 2.21465135e-005 2.14179099e-005 2.10916030e-005 1.84358911e-005 1.49455591e-005 
1.00000000e+000 2.35714286e+001 0.00000000e+000 8.47570706e-006 1.86737460e-005 1.82795325e-005 1.79559333e-005 1.70732240e-005 1.66968080e-005 1.65186635e-005 1.48284455e-005 1.23248728e-005 
1.00000000e+000 2.05357143e+001 0.00000000e+000 4.23540147e-006 1.19633906e-005 1.27575156e-005 1.27926194e-005 1.26765968e-005 1.25438705e-005 1.24706486e-005 1.15109054e-005 9.81308228e-006 
1.00000000e+000 1.71428571e+001 0.00000000e+000 2.01821260e-006 7.40761685e-006 8.62188244e-006 8.82881668e-006 9.12421619e-006 9.13738313e-006 9.12911011e-006 8.66660710e-006 7.57298074e-006 
1.00000000e+000 1.33928571e+001 0.00000000e+000 9.44849039e-007 4.56355620e-006 5.79564521e-006 6.05754774e-006 6.52090319e-006 6.60645296e-006 6.63216124e-006 6.46878727e-006 5.78426954e-006 
1.00000000e+000 9.28571429e+000 0.00000000e+000 4.51959615e-007 2.91062638e-006 4.01345382e-006 4.27231963e-006 4.76734098e-006 4.87949348e-006 4.91927215e-006 4.91490855e-006 4.48537771e-006 
1.00000000e+000 4.82142857e+000 0.00000000e+000 2.55843395e-007 2.17792640e-006 3.19163364e-006 3.43385628e-006 3.90514014e-006 4.01875929e-006 4.06088292e-006 4.11524957e-006 3.81090905e-006 
1.00000000e+000 0.00000000e+000 0.00000000e+000 2.04846177e-007 1.99340297e-006 3.00819220e-006 3.25065520e-006 3.71750689e-006 3.83029959e-006 3.87239777e-006 3.93737581e-006 3.66289372e-006 
1.25000000e+000 3.50000000e+001 0.00000000e+000 1.83330805e-004 1.26114849e-004 8.17523269e-005 7.26836437e-005 5.65509801e-005 5.22063905e-005 5.04245947e-005 3.93496286e-005 2.85294646e-005 
1.25000000e+000 3.48214286e+001 0.00000000e+000 1.64081259e-004 1.17824050e-004 7.75377225e-005 6.91877376e-005 5.42279799e-005 5.01686323e-005 4.84995867e-005 3.80473796e-005 2.77322390e-005 
1.25000000e+000 3.42857143e+001 0.00000000e+000 1.28723564e-004 1.01345697e-004 6.89087105e-005 6.19769158e-005 4.93611420e-005 4.58791359e-005 4.44392556e-005 3.52664099e-005 2.60071546e-005 
1.25000000e+000 3.33928571e+001 0.00000000e+000 9.12108917e-005 8.17614432e-005 5.82026507e-005 5.29335452e-005 4.31185751e-005 4.03396591e-005 3.91805841e-005 3.16001399e-005 2.36876888e-005 
1.25000000e+000 3.21428571e+001 0.00000000e+000 5.90142321e-005 6.23537302e-005 4.70434426e-005 4.33913581e-005 3.63658112e-005 3.43035501e-005 3.34328157e-005 2.75176809e-005 2.10526035e-005 
1.25000000e+000 3.05357143e+001 0.00000000e+000 3.50120706e-005 4.50648946e-005 3.64609703e-005 3.42050375e-005 2.96641975e-005 2.82598808e-005 2.76564080e-005 2.33221529e-005 1.82790230e-005 
1.25000000e+000 2.85714286e+001 0.00000000e+000 1.90943519e-005 3.08865182e-005 2.70971858e-005 2.59246536e-005 2.33907993e-005 2.25390701e-005 2.21628586e-005 1.92166684e-005 1.54785897e-005 
1.25000000e+000 2.62500000e+001 0.00000000e+000 9.60255918e-006 2.00786080e-005 1.92794101e-005 1.88534518e-005 1.77781209e-005 1.73495598e-005 1.71503205e-005 1.53349008e-005 1.27245315e-005 
1.25000000e+000 2.35714286e+001 0.00000000e+000 4.48353888e-006 1.24417333e-005 1.31908997e-005 1.32126916e-005 1.30749848e-005 1.29375116e-005 1.28626431e-005 1.18901155e-005 1.01826337e-005 
1.25000000e+000 2.05357143e+001 0.00000000e+000 1.95156188e-006 7.33809694e-006 8.64287081e-006 8.88019890e-006 9.24907722e-006 9.28691645e-006 9.28947464e-006 8.89270924e-006 7.86624964e-006 
1.25000000e+000 1.71428571e+001 0.00000000e+000 8.01952302e-007 4.16946514e-006 5.47738747e-006 5.77739346e-006 6.34278401e-006 6.46524443e-006 6.50743729e-006 6.45512115e-006 5.89557637e-006 
1.25000000e+000 1.33928571e+001 0.00000000e+000 3.20109285e-007 2.35018964e-006 3.45206528e-006 3.73816706e-006 4.32448525e-006 4.47396487e-006 4.53090843e-006 4.65387119e-006 4.38193733e-006 
1.25000000e+000 9.28571429e+000 0.00000000e+000 1.28886379e-007 1.36986091e-006 2.24638377e-006 2.49339220e-006 3.02691868e-006 3.17439133e-006 3.23290067e-006 3.42810455e-006 3.31796510e-006 
1.25000000e+000 4.82142857e+000 0.00000000e+000 6.07656881e-008 9.42650204e-007 1.69276330e-006 1.91132867e-006 2.39302762e-006 2.53116196e-006 2.58703134e-006 2.80171800e-006 2.76826205e-006 
1.25000000e+000 0.00000000e+000 0.00000000e+000 4.40259197e-008 8.30507543e-007 1.55878204e-006 1.77311626e-006 2.24457325e-006 2.38033380e-006 2.43546285e-006 2.65441276e-006 2.64149896e-006 
1.50000000e+000 3.50000000e+001 0.00000000e+000 1.82310993e-004 1.24950839e-004 8.07690096e-005 7.17427264e-005 5.56932968e-005 5.13759274e-005 4.96062171e-005 3.86306836e-005 2.79454703e-005 
1.50000000e+000 3.48214286e+001 0.00000000e+000 1.60181047e-004 1.15384599e-004 7.59009196e-005 6.77040675e-005 5.30091043e-005 4.90212910e-005 4.73818612e-005 3.71259883e-005 2.70243289e-005 
1.50000000e+000 3.42857143e+001 0.00000000e+000 1.20765438e-004 9.67762212e-005 6.61131884e-005 5.95168590e-005 4.74732147e-005 4.41398032e-005 4.27602851e-005 3.39572456e-005 2.50565451e-005 
1.50000000e+000 3.33928571e+001 0.00000000e+000 8.08908661e-005 7.53551345e-005 5.42891700e-005 4.95068975e-005 4.05339550e-005 3.79749600e-005 3.69051735e-005 2.98641686e-005 2.24603272e-005 
1.50000000e+000 3.21428571e+001 0.00000000e+000 4.87248433e-005 5.49500574e-005 4.23491117e-005 3.92550359e-005 3.32207907e-005 3.14234182e-005 3.06609048e-005 2.54059716e-005 1.95685355e-005 
1.50000000e+000 3.05357143e+001 0.00000000e+000 2.65219553e-005 3.76342920e-005 3.14552355e-005 2.97367681e-005 2.61877827e-005 2.50581823e-005 2.45681842e-005 2.09433852e-005 1.65952151e-005 
1.50000000e+000 2.85714286e+001 0.00000000e+000 1.30888053e-005 2.42385065e-005 2.22581172e-005 2.15286835e-005 1.98558568e-005 1.92548149e-005 1.89837897e-005 1.67207722e-005 1.36841997e-005 
1.50000000e+000 2.62500000e+001 0.00000000e+000 5.88045745e-006 1.47006965e-005 1.49982250e-005 1.48825182e-005 1.44541963e-005 1.42273079e-005 1.41145254e-005 1.28918114e-005 1.09304583e-005 
1.50000000e+000 2.35714286e+001 0.00000000e+000 2.42240733e-006 8.43927796e-006 9.66961017e-006 9.86913172e-006 1.01456308e-005 1.01510712e-005 1.01393904e-005 9.63487912e-006 8.48495573e-006 
1.50000000e+000 2.05357143e+001 0.00000000e+000 9.20517445e-007 4.58886110e-006 5.95137354e-006 6.25932170e-006 6.83655689e-006 6.96037616e-006 7.00286553e-006 6.93873180e-006 6.35526517e-006 
1.50000000e+000 1.71428571e+001 0.00000000e+000 3.26554102e-007 2.39341779e-006 3.53514159e-006 3.83629183e-006 4.46243144e-006 4.62597109e-006 4.68918155e-006 4.85030116e-006 4.62055776e-006 
1.50000000e+000 1.33928571e+001 0.00000000e+000 1.11132230e-007 1.23274651e-006 2.08477431e-006 2.33597758e-006 2.89628754e-006 3.05742753e-006 3.12257469e-006 3.37117533e-006 3.33645052e-006 
1.50000000e+000 9.28571429e+000 0.00000000e+000 3.75923118e-008 6.53947152e-007 1.26960777e-006 1.46774918e-006 1.93424424e-006 2.07717077e-006 2.13650448e-006 2.40117005e-006 2.46181512e-006 
1.50000000e+000 4.82142857e+000 0.00000000e+000 1.46369171e-008 4.10457102e-007 9.01057280e-007 1.06719318e-006 1.46966549e-006 1.59737138e-006 1.65120197e-006 1.91007825e-006 2.01280711e-006 
1.50000000e+000 0.00000000e+000 0.00000000e+000 9.46214914e-009 3.46012919e-007 8.07728392e-007 9.67171835e-007 1.35523893e-006 1.47925504e-006 1.53173321e-006 1.78949337e-006 1.90491940e-006 
1.75000000e+000 3.50000000e+001 0.00000000e+000 1.81571156e-004 1.24115994e-004 8.00652293e-005 7.10686535e-005 5.50750957e-005 5.07753804e-005 4.90134453e-005 3.81029685e-005 2.75077013e-005 
1.75000000e+000 3.48214286e+001 0.00000000e+000 1.56699103e-004 1.13327036e-004 7.45693376e-005 6.65083155e-005 5.20433567e-005 4.81157249e-005 4.65008969e-005 3.64031399e-005 2.64669132e-005 
1.75000000e+000 3.42857143e+001 0.00000000e+000 1.13673856e-004 9.27614738e-005 6.37060391e-005 5.74125742e-005 4.58817133e-005 4.26796790e-005 4.13532059e-005 3.28693083e-005 2.42694367e-005 
1.75000000e+000 3.33928571e+001 0.00000000e+000 7.20885576e-005 6.97922112e-005 5.09073061e-005 4.65535677e-005 3.83214488e-005 3.59550443e-005 3.49632457e-005 2.83893735e-005 2.14194746e-005 
1.75000000e+000 3.21428571e+001 0.00000000e+000 4.04999239e-005 4.87304591e-005 3.83700722e-005 3.57452624e-005 3.05494147e-005 2.89766624e-005 2.83059234e-005 2.36103833e-005 1.83030318e-005 
1.75000000e+000 3.05357143e+001 0.00000000e+000 2.02678811e-005 3.16777593e-005 2.73494792e-005 2.60543519e-005 2.32970373e-005 2.23891099e-005 2.19909468e-005 1.89447371e-005 1.51683616e-005 
1.75000000e+000 2.85714286e+001 0.00000000e+000 9.07176253e-006 1.92065019e-005 1.84535981e-005 1.80423394e-005 1.70033383e-005 1.65911133e-005 1.63998690e-005 1.46652701e-005 1.21843328e-005 
1.75000000e+000 2.62500000e+001 0.00000000e+000 3.64905952e-006 1.08870471e-005 1.17927711e-005 1.18707424e-005 1.18661624e-005 1.17774166e-005 1.17246786e-005 1.09299849e-005 9.45848006e-006 
1.75000000e+000 2.35714286e+001 0.00000000e+000 1.32904029e-006 5.79996102e-006 7.17288876e-006 7.45646590e-006 7.95447690e-006 8.04453483e-006 8.07136830e-006 7.87523783e-006 7.12184743e-006 
1.75000000e+000 2.05357143e+001 0.00000000e+000 4.41576720e-007 2.91127082e-006 4.15018788e-006 4.46544165e-006 5.10705030e-006 5.26952130e-006 5.33142083e-006 5.46007797e-006 5.16988196e-006 
1.75000000e+000 1.71428571e+001 0.00000000e+000 1.35317089e-007 1.39460121e-006 2.31072844e-006 2.57792618e-006 3.17145488e-006 3.34165451e-006 3.41047623e-006 3.67267539e-006 3.64324745e-006 
1.75000000e+000 1.33928571e+001 0.00000000e+000 3.92576699e-008 6.56030601e-007 1.27371684e-006 1.47544134e-006 1.95667449e-006 2.10630542e-006 2.16884597e-006 2.45732501e-006 2.55242598e-006 
1.75000000e+000 9.28571429e+000 0.00000000e+000 1.11470444e-008 3.15941570e-007 7.23794312e-007 8.70732054e-007 1.24336993e-006 1.36658731e-006 1.41930573e-006 1.68860191e-006 1.83188629e-006 
1.75000000e+000 4.82142857e+000 0.00000000e+000 3.56838202e-009 1.79735365e-007 4.81305495e-007 5.97667311e-007 9.04534740e-007 1.01002162e-006 1.05584084e-006 1.30396694e-006 1.46490152e-006 
1.75000000e+000 0.00000000e+000 0.00000000e+000 2.03362990e-009 1.44158847e-007 4.18548170e-007 5.27557972e-007 8.18272655e-007 9.19281088e-007 9.63351593e-007 1.20640127e-006 1.37373449e-006 
2.00000000e+000 3.50000000e+001 0.00000000e+000 1.81006901e-004 1.23486151e-004 7.95362009e-005 7.05621398e-005 5.46099015e-005 5.03228702e-005 4.85664683e-005 3.77022487e-005 2.71707968e-005 
2.00000000e+000 3.48214286e+001 0.00000000e+000 1.53511590e-004 1.11519406e-004 7.34342483e-005 6.54979401e-005 5.12421538e-005 4.73682327e-005 4.57751741e-005 3.58135194e-005 2.60140469e-005 
2.00000000e+000 3.42857143e+001 0.00000000e+000 1.07257777e-004 8.91441928e-005 6.15662599e-005 5.55515118e-005 4.44917649e-005 4.14096790e-005 4.01314736e-005 3.19341921e-005 2.35982677e-005 
2.00000000e+000 3.33928571e+001 0.00000000e+000 6.44806978e-005 6.48667044e-005 4.79129741e-005 4.39423022e-005 3.63745716e-005 3.41809226e-005 3.32590226e-005 2.71017091e-005 2.05146336e-005 
2.00000000e+000 3.21428571e+001 0.00000000e+000 3.38366694e-005 4.34136218e-005 3.49264222e-005 3.27018600e-005 2.82274354e-005 2.68491989e-005 2.62580441e-005 2.20483711e-005 1.72012056e-005 
2.00000000e+000 3.05357143e+001 0.00000000e+000 1.55937765e-005 2.68206130e-005 2.39162812e-005 2.29588258e-005 2.08435519e-005 2.01179995e-005 1.97956988e-005 1.72320403e-005 1.39375752e-005 
2.00000000e+000 2.85714286e+001 0.00000000e+000 6.34128056e-006 1.53302365e-005 1.54058932e-005 1.52245818e-005 1.46576724e-005 1.43900069e-005 1.42603508e-005 1.29427033e-005 1.09112675e-005 
2.00000000e+000 2.62500000e+001 0.00000000e+000 2.28751961e-006 8.13286556e-006 9.34788111e-006 9.54399249e-006 9.81512076e-006 9.82152048e-006 9.81083681e-006 9.32981073e-006 8.23451975e-006 
2.00000000e+000 2.35714286e+001 0.00000000e+000 7.37773872e-007 4.02619996e-006 5.36994653e-006 5.68411600e-006 6.28819286e-006 6.42637206e-006 6.47605900e-006 6.48309553e-006 6.01472200e-006 
2.00000000e+000 2.05357143e+001 0.00000000e+000 2.14546755e-007 1.86756101e-006 2.92318067e-006 3.21644434e-006 3.84824182e-006 4.02275478e-006 4.09222482e-006 4.32750816e-006 4.23089460e-006 
2.00000000e+000 1.71428571e+001 0.00000000e+000 5.68107399e-008 8.22092835e-007 1.52595059e-006 1.74931189e-006 2.27327109e-006 2.43357284e-006 2.50021685e-006 2.79982351e-006 2.88831147e-006 
2.00000000e+000 1.33928571e+001 0.00000000e+000 1.40472160e-008 3.53141702e-007 7.85767800e-007 9.40405093e-007 1.33197505e-006 1.46143910e-006 1.51687649e-006 1.80138323e-006 1.96120022e-006 
2.00000000e+000 9.28571429e+000 0.00000000e+000 3.34630120e-009 1.54175019e-007 4.15799084e-007 5.20160248e-007 8.03637093e-007 9.03611190e-007 9.47430416e-007 1.19198084e-006 1.36693303e-006 
2.00000000e+000 4.82142857e+000 0.00000000e+000 8.78869792e-010 7.91188079e-008 2.57950377e-007 3.35687672e-007 5.57881623e-007 6.39842681e-007 6.76358956e-007 8.91373881e-007 1.06713776e-006 
2.00000000e+000 0.00000000e+000 0.00000000e+000 4.37073849e-010 6.00607204e-008 2.16883088e-007 2.87764265e-007 4.94060680e-007 5.71286116e-007 6.05879950e-007 8.13305158e-007 9.90670047e-007 
2.25000000e+000 3.50000000e+001 0.00000000e+000 1.80560159e-004 1.22992777e-004 7.91233416e-005 7.01671577e-005 5.42473667e-005 4.99701143e-005 4.82179461e-005 3.73888177e-005 2.69051920e-005 
2.25000000e+000 3.48214286e+001 0.00000000e+000 1.50545908e-004 1.09887486e-004 7.24342046e-005 6.46145416e-005 5.05535880e-005 4.67291733e-005 4.51560750e-005 3.53165887e-005 2.56356954e-005 
2.25000000e+000 3.42857143e+001 0.00000000e+000 1.01393579e-004 8.58313343e-005 5.96232988e-005 5.38678244e-005 4.32467049e-005 4.02760582e-005 3.90426244e-005 3.11089217e-005 2.30116710e-005 
2.25000000e+000 3.33928571e+001 0.00000000e+000 5.78440335e-005 6.04489604e-005 4.52183161e-005 4.15931933e-005 3.46278028e-005 3.25912402e-005 3.17329203e-005 2.59537273e-005 1.97120088e-005 
2.25000000e+000 3.21428571e+001 0.00000000e+000 2.83861363e-005 3.88141022e-005 3.19034386e-005 3.00231089e-005 2.61756925e-005 2.49679914e-005 2.44467707e-005 2.06656982e-005 1.62256106e-005 
2.25000000e+000 3.05357143e+001 0.00000000e+000 1.20630014e-005 2.28122113e-005 2.10062933e-005 2.03198776e-005 1.87298291e-005 1.81560304e-005 1.78971717e-005 1.57417997e-005 1.28604176e-005 
2.25000000e+000 2.85714286e+001 0.00000000e+000 4.46293924e-006 1.23063433e-005 1.29311382e-005 1.29155369e-005 1.27012821e-005 1.25451753e-005 1.24635131e-005 1.14790589e-005 9.81685818e-006 
2.25000000e+000 2.62500000e+001 0.00000000e+000 1.44567897e-006 6.11704194e-006 7.45724415e-006 7.72144745e-006 8.16725318e-006 8.23871624e-006 8.25740984e-006 8.00790838e-006 7.20517840e-006 
2.25000000e+000 2.35714286e+001 0.00000000e+000 4.13377294e-007 2.81713052e-006 4.04966597e-006 4.36402013e-006 5.00423251e-006 5.16723612e-006 5.22962411e-006 5.36881103e-006 5.10647195e-006 
2.25000000e+000 2.05357143e+001 0.00000000e+000 1.05288653e-007 1.20859393e-006 2.07554655e-006 2.33490031e-006 2.92050078e-006 3.09228423e-006 3.16253245e-006 3.45090878e-006 3.48063287e-006 
2.25000000e+000 1.71428571e+001 0.00000000e+000 2.40941900e-008 4.89088260e-007 1.01615686e-006 1.19661799e-006 1.64124725e-006 1.78454982e-006 1.84537541e-006 2.14706194e-006 2.30099700e-006 
2.25000000e+000 1.33928571e+001 0.00000000e+000 5.07610932e-009 1.91847198e-007 4.88690819e-007 6.04013766e-007 9.12753347e-007 1.02038424e-006 1.06740015e-006 1.32731389e-006 1.51302214e-006 
2.25000000e+000 9.28571429e+000 0.00000000e+000 1.01401870e-009 7.58646242e-008 2.40475432e-007 3.12664424e-007 5.22019590e-007 6.00250607e-007 6.35269187e-007 8.44403080e-007 1.02269503e-006 
2.25000000e+000 4.82142857e+000 0.00000000e+000 2.18326766e-010 3.49974215e-008 1.38685083e-007 1.89068170e-007 3.44779251e-007 4.06079345e-007 4.34026143e-007 6.10125915e-007 7.78094485e-007 
2.25000000e+000 0.00000000e+000 0.00000000e+000 9.39373930e-011 2.50230375e-008 1.12384410e-007 1.56965299e-007 2.98306440e-007 3.55025123e-007 3.81055657e-007 5.48296305e-007 7.14422788e-007 
2.50000000e+000 3.50000000e+001 0.00000000e+000 1.80196028e-004 1.22594948e-004 7.87916039e-005 6.98500530e-005 5.39567134e-005 4.96873524e-005 4.79385844e-005 3.71373557e-005 2.66912118e-005 
2.50000000e+000 3.48214286e+001 0.00000000e+000 1.47755844e-004 1.08385998e-004 7.15319908e-005 6.38226714e-005 4.99456959e-005 4.61677498e-005 4.46133275e-005 3.48863799e-005 2.53118066e-005 
2.50000000e+000 3.42857143e+001 0.00000000e+000 9.59948035e-005 8.27630122e-005 5.78329257e-005 5.23203265e-005 4.21108827e-005 3.92448260e-005 3.80533866e-005 3.03655919e-005 2.24885012e-005 
2.50000000e+000 3.33928571e+001 0.00000000e+000 5.20146469e-005 5.64504615e-005 4.27656424e-005 3.94541229e-005 3.30385720e-005 3.11460385e-005 3.03460733e-005 2.49139471e-005 1.89884533e-005 
2.50000000e+000 3.21428571e+001 0.00000000e+000 2.38946229e-005 3.48007003e-005 2.92226427e-005 2.76399587e-005 2.43409177e-005 2.32838756e-005 2.28246180e-005 1.94254205e-005 1.53500730e-005 
2.50000000e+000 3.05357143e+001 0.00000000e+000 9.37373120e-006 1.94747580e-005 1.85151952e-005 1.80469053e-005 1.68884615e-005 1.64417711e-005 1.62363584e-005 1.44296665e-005 1.19065820e-005 
2.50000000e+000 2.85714286e+001 0.00000000e+000 3.15866734e-006 9.92482013e-006 1.09011064e-005 1.10036317e-005 1.10518294e-005 1.09819895e-005 1.09378654e-005 1.02216947e-005 8.86608727e-006 
2.50000000e+000 2.62500000e+001 0.00000000e+000 9.19751982e-007 4.62646839e-006 5.97973552e-006 6.27860954e-006 6.82905517e-006 6.94407673e-006 6.98300621e-006 6.90451682e-006 6.33118169e-006 
2.50000000e+000 2.35714286e+001 0.00000000e+000 2.33377200e-007 1.98389450e-006 3.07221984e-006 3.37003201e-006 4.00433560e-006 4.17718053e-006 4.24561691e-006 4.46820503e-006 4.35490059e-006 
2.50000000e+000 2.05357143e+001 0.00000000e+000 5.20880898e-008 7.87738118e-007 1.48343006e-006 1.70585374e-006 2.22966239e-006 2.39085136e-006 2.45808330e-006 2.76630300e-006 2.87655137e-006 
2.50000000e+000 1.71428571e+001 0.00000000e+000 1.03015754e-008 2.93148118e-007 6.81357052e-007 8.24036394e-007 1.19220676e-006 1.31636612e-006 1.36998083e-006 1.65501447e-006 1.84112126e-006 
2.50000000e+000 1.33928571e+001 0.00000000e+000 1.84859065e-009 1.05000059e-007 3.06003626e-007 3.90492249e-007 6.29100076e-007 7.16373004e-007 7.55170624e-007 9.82525170e-007 1.17161077e-006 
2.50000000e+000 9.28571429e+000 0.00000000e+000 3.09534876e-010 3.75906818e-008 1.39898067e-007 1.88974410e-007 3.40632329e-007 4.00427140e-007 4.27712118e-007 6.00164311e-007 7.67076884e-007 
2.50000000e+000 4.82142857e+000 0.00000000e+000 5.46283357e-011 1.55501267e-008 7.47877983e-008 1.06771223e-007 2.13497667e-007 2.58178344e-007 2.78992463e-007 4.18150715e-007 5.67855143e-007 
2.50000000e+000 0.00000000e+000 0.00000000e+000 2.01893789e-011 1.04253290e-008 5.82353375e-008 8.56190817e-008 1.80112996e-007 2.20630008e-007 2.39657109e-007 3.69638470e-007 5.15206818e-007 
0.00000000e+000 3.50000000e+001 1.00000000e+001 2.21255900e-004 1.49318468e-004 9.50243559e-005 8.39822358e-005 6.44118659e-005 5.91720596e-005 5.70276300e-005 4.38346191e-005 3.11202862e-005 
0.00000000e+000 3.48214286e+001 1.00000000e+001 2.20409857e-004 1.48758343e-004 9.46753154e-005 8.36758488e-005 6.41800342e-005 5.89597897e-005 5.68233060e-005 4.36784314e-005 3.10097134e-005 
0.00000000e+000 3.42857143e+001 1.00000000e+001 2.18344322e-004 1.47359028e-004 9.38023990e-005 8.29095588e-005 6.35999782e-005 5.84285404e-005 5.63118825e-005 4.32872406e-005 3.07329467e-005 
0.00000000e+000 3.33928571e+001 1.00000000e+001 2.15212520e-004 1.45259190e-004 9.24917623e-005 8.17577556e-005 6.27252783e-005 5.76265505e-005 5.55394617e-005 4.26949329e-005 3.03135200e-005 
0.00000000e+000 3.21428571e+001 1.00000000e+001 2.10729544e-004 1.42248564e-004 9.05974120e-005 8.00889849e-005 6.14521876e-005 5.64579782e-005 5.44134858e-005 4.18296474e-005 2.96995640e-005 
0.00000000e+000 3.05357143e+001 1.00000000e+001 2.05338036e-004 1.38614150e-004 8.82995552e-005 7.80619397e-005 5.99012253e-005 5.50331656e-005 5.30401514e-005 4.07724322e-005 2.89485584e-005 
0.00000000e+000 2.85714286e+001 1.00000000e+001 1.98202305e-004 1.33842479e-004 8.52807228e-005 7.53984274e-005 5.78635173e-005 5.31616486e-005 5.12364801e-005 3.93849260e-005 2.79621405e-005 
0.00000000e+000 2.62500000e+001 1.00000000e+001 1.88069482e-004 1.27106786e-004 8.10194544e-005 7.16396187e-005 5.49925895e-005 5.05272247e-005 4.86986317e-005 3.74376778e-005 2.65785084e-005 
0.00000000e+000 2.35714286e+001 1.00000000e+001 1.76778389e-004 1.19647295e-004 7.62984094e-005 6.74727207e-005 5.18073510e-005 4.76043397e-005 4.58829690e-005 3.52781030e-005 2.50442758e-005 
0.00000000e+000 2.05357143e+001 1.00000000e+001 1.62334967e-004 1.10196318e-004 7.03237075e-005 6.22031200e-005 4.77907952e-005 4.39232947e-005 4.23390238e-005 3.25698112e-005 2.31246237e-005 
0.00000000e+000 1.71428571e+001 1.00000000e+001 1.44701395e-004 9.85725812e-005 6.29520676e-005 5.57001775e-005 4.28380856e-005 3.93869157e-005 3.79728327e-005 2.92391467e-005 2.07648948e-005 
0.00000000e+000 1.33928571e+001 1.00000000e+001 1.27589365e-004 8.72969574e-005 5.57543026e-005 4.93333786e-005 3.79618510e-005 3.49146435e-005 3.36662634e-005 2.59477797e-005 1.84315678e-005 
0.00000000e+000 9.28571429e+000 1.00000000e+001 1.13648275e-004 7.82241351e-005 4.98695345e-005 4.40927783e-005 3.38891076e-005 3.11655060e-005 3.00510613e-005 2.31694819e-005 1.64614843e-005 
0.00000000e+000 4.82142857e+000 1.00000000e+001 1.07692693e-004 7.43453128e-005 4.70495898e-005 4.14732242e-005 3.16741596e-005 2.90840736e-005 2.80283074e-005 2.15616913e-005 1.53119008e-005 
0.00000000e+000 0.00000000e+000 1.00000000e+001 1.06762567e-004 7.37558828e-005 4.66134936e-005 4.10368148e-005 3.12247741e-005 2.86391391e-005 2.75871946e-005 2.11777291e-005 1.50264150e-005 
2.50000000e-001 3.50000000e+001 1.00000000e+001 1.59355838e-004 1.17023669e-004 7.76572508e-005 6.94151331e-005 5.45525614e-005 5.04877854e-005 4.88112566e-005 3.82389032e-005 2.76863569e-005 
2.50000000e-001 3.48214286e+001 1.00000000e+001 1.54586984e-004 1.14876273e-004 7.65348974e-005 6.84755751e-005 5.39125067e-005 4.99209474e-005 4.82734267e-005 3.78633274e-005 2.74458732e-005 
2.50000000e-001 3.42857143e+001 1.00000000e+001 1.44605703e-004 1.10224537e-004 7.40701531e-005 6.64046095e-005 5.24896556e-005 4.86572906e-005 4.70729541e-005 3.70183283e-005 2.69001340e-005 
2.50000000e-001 3.33928571e+001 1.00000000e+001 1.31911540e-004 1.04080635e-004 7.07619129e-005 6.36122523e-005 5.05512194e-005 4.69299728e-005 4.54296334e-005 3.58511346e-005 2.61391939e-005 
2.50000000e-001 3.21428571e+001 1.00000000e+001 1.17702228e-004 9.68259188e-005 6.67506260e-005 6.02009754e-005 4.81433543e-005 4.47731112e-005 4.33730526e-005 3.43698931e-005 2.51584139e-005 
2.50000000e-001 3.05357143e+001 1.00000000e+001 1.03273589e-004 8.90977804e-005 6.23873002e-005 5.64693002e-005 4.54767008e-005 4.23753285e-005 4.10830422e-005 3.27041207e-005 2.40439782e-005 
2.50000000e-001 2.85714286e+001 1.00000000e+001 8.90883637e-005 8.09803312e-005 5.76599754e-005 5.23919958e-005 4.25088615e-005 3.96915431e-005 3.85136775e-005 3.08068999e-005 2.27528052e-005 
2.50000000e-001 2.62500000e+001 1.00000000e+001 7.52209755e-005 7.22759009e-005 5.23682496e-005 4.77749863e-005 3.90655119e-005 3.65552241e-005 3.55019380e-005 2.85415647e-005 2.11785033e-005 
2.50000000e-001 2.35714286e+001 1.00000000e+001 6.27846975e-005 6.39447405e-005 4.71626668e-005 4.31996946e-005 3.56011486e-005 3.33858801e-005 3.24529054e-005 2.62231661e-005 1.95488981e-005 
2.50000000e-001 2.05357143e+001 1.00000000e+001 5.12056341e-005 5.53966605e-005 4.15984260e-005 3.82596880e-005 3.17860195e-005 2.98764320e-005 2.90690209e-005 2.36156203e-005 1.76889033e-005 
2.50000000e-001 1.71428571e+001 1.00000000e+001 4.07605792e-005 4.67829597e-005 3.57369355e-005 3.29997015e-005 2.76376749e-005 2.60381301e-005 2.53591137e-005 2.07159683e-005 1.55879541e-005 
2.50000000e-001 1.33928571e+001 1.00000000e+001 3.23495634e-005 3.93088050e-005 3.04900955e-005 2.82516027e-005 2.38280028e-005 2.24962252e-005 2.19289941e-005 1.80059089e-005 1.36048987e-005 
2.50000000e-001 9.28571429e+000 1.00000000e+001 2.63086397e-005 3.36939726e-005 2.64328415e-005 2.45449337e-005 2.07920573e-005 1.96576266e-005 1.91737949e-005 1.58045204e-005 1.19830831e-005 
2.50000000e-001 4.82142857e+000 1.00000000e+001 2.33164153e-005 3.10222677e-005 2.43923742e-005 2.26293479e-005 1.91247110e-005 1.80733492e-005 1.76264761e-005 1.45331211e-005 1.10392563e-005 
2.50000000e-001 0.00000000e+000 1.00000000e+001 2.25281302e-005 3.04088566e-005 2.39649876e-005 2.22224570e-005 1.87396736e-005 1.76968582e-005 1.72545089e-005 1.42100833e-005 1.07941186e-005 
5.00000000e-001 3.50000000e+001 1.00000000e+001 1.47179725e-004 1.05813610e-004 7.00725303e-005 6.26781926e-005 4.94268829e-005 4.58164201e-005 4.43281027e-005 3.49177261e-005 2.54698303e-005 
5.00000000e-001 3.48214286e+001 1.00000000e+001 1.39193448e-004 1.02281679e-004 6.82558587e-005 6.11658483e-005 4.84116929e-005 4.49222377e-005 4.34817732e-005 3.43368601e-005 2.51063824e-005 
5.00000000e-001 3.42857143e+001 1.00000000e+001 1.23381813e-004 9.49459665e-005 6.44149257e-005 5.79538246e-005 4.62342524e-005 4.29983753e-005 4.16584267e-005 3.30748346e-005 2.43094796e-005 
5.00000000e-001 3.33928571e+001 1.00000000e+001 1.04615553e-004 8.57146557e-005 5.94723854e-005 5.37965450e-005 4.33805721e-005 4.04672421e-005 3.92555599e-005 3.13945884e-005 2.32369353e-005 
5.00000000e-001 3.21428571e+001 1.00000000e+001 8.53567615e-005 7.55141497e-005 5.38389383e-005 4.90185466e-005 4.00408781e-005 3.74882911e-005 3.64207287e-005 2.93821602e-005 2.19304193e-005 
5.00000000e-001 3.05357143e+001 1.00000000e+001 6.74606228e-005 6.52743349e-005 4.80164131e-005 4.40433081e-005 3.65081689e-005 3.43221123e-005 3.34016251e-005 2.72123529e-005 2.05032798e-005 
5.00000000e-001 2.85714286e+001 1.00000000e+001 5.17376881e-005 5.53957463e-005 4.21839066e-005 3.90097644e-005 3.28562021e-005 3.10271557e-005 3.02507550e-005 2.49072228e-005 1.89561529e-005 
5.00000000e-001 2.62500000e+001 1.00000000e+001 3.84386004e-005 4.59802735e-005 3.63335081e-005 3.38906755e-005 2.90297643e-005 2.75431010e-005 2.69060645e-005 2.24006158e-005 1.72270770e-005 
5.00000000e-001 2.35714286e+001 1.00000000e+001 2.79256550e-005 3.77017186e-005 3.09807869e-005 2.91587032e-005 2.54161472e-005 2.42319177e-005 2.37188475e-005 1.99734426e-005 1.55241069e-005 
5.00000000e-001 2.05357143e+001 1.00000000e+001 1.96843068e-005 3.02283524e-005 2.58632578e-005 2.45679068e-005 2.18030232e-005 2.08918135e-005 2.04918466e-005 1.74604568e-005 1.37173517e-005 
5.00000000e-001 1.71428571e+001 1.00000000e+001 1.35115530e-005 2.36706356e-005 2.10754178e-005 2.02023887e-005 1.82504595e-005 1.75754779e-005 1.72746642e-005 1.48927396e-005 1.18212473e-005 
5.00000000e-001 1.33928571e+001 1.00000000e+001 9.24230558e-006 1.85030254e-005 1.71113880e-005 1.65414301e-005 1.51911608e-005 1.46976373e-005 1.44739823e-005 1.26160819e-005 1.01097122e-005 
5.00000000e-001 9.28571429e+000 1.00000000e+001 6.52629927e-006 1.48684838e-005 1.42059502e-005 1.38256361e-005 1.28619050e-005 1.24901147e-005 1.23190930e-005 1.08352746e-005 8.75352290e-006 
5.00000000e-001 4.82142857e+000 1.00000000e+001 5.15758232e-006 1.30370692e-005 1.26969981e-005 1.23897782e-005 1.15748589e-005 1.12548237e-005 1.11072177e-005 9.80991061e-006 7.96680279e-006 
5.00000000e-001 0.00000000e+000 1.00000000e+001 4.75421926e-006 1.25377345e-005 1.23211582e-005 1.20342204e-005 1.12468242e-005 1.09354580e-005 1.07920023e-005 9.53491920e-006 7.75391724e-006 
7.50000000e-001 3.50000000e+001 1.00000000e+001 1.42860304e-004 1.00986086e-004 6.63347108e-005 5.92274603e-005 4.65696492e-005 4.31437748e-005 4.17346068e-005 3.28627230e-005 2.39983592e-005 
7.50000000e-001 3.48214286e+001 1.00000000e+001 1.32033421e-004 9.62084655e-005 6.38847314e-005 5.71904126e-005 4.52073534e-005 4.19457222e-005 4.06014992e-005 3.20893422e-005 2.35184969e-005 
7.50000000e-001 3.42857143e+001 1.00000000e+001 1.11550893e-004 8.66013589e-005 5.88449763e-005 5.29762134e-005 4.23550886e-005 3.94281325e-005 3.82166629e-005 3.04458963e-005 2.24883720e-005 
7.50000000e-001 3.33928571e+001 1.00000000e+001 8.86111942e-005 7.49763064e-005 5.25676616e-005 4.76886802e-005 3.87210072e-005 3.62055617e-005 3.51580130e-005 2.83127588e-005 2.11345176e-005 
7.50000000e-001 3.21428571e+001 1.00000000e+001 6.67103205e-005 6.27547719e-005 4.57155008e-005 4.18607111e-005 3.46321999e-005 3.25569553e-005 3.16857403e-005 2.58509834e-005 1.95435697e-005 
7.50000000e-001 3.05357143e+001 1.00000000e+001 4.79425502e-005 5.10950136e-005 3.89196783e-005 3.60249032e-005 3.04559024e-005 2.88083028e-005 2.81094061e-005 2.32773961e-005 1.78544786e-005 
7.50000000e-001 2.85714286e+001 1.00000000e+001 3.29737158e-005 4.05419463e-005 3.24742873e-005 3.04240196e-005 2.63461168e-005 2.50912616e-005 2.45517790e-005 2.06659786e-005 1.61024539e-005 
7.50000000e-001 2.62500000e+001 1.00000000e+001 2.16981487e-005 3.12796158e-005 2.64686024e-005 2.51228717e-005 2.23237309e-005 2.14158766e-005 2.10186721e-005 1.80018379e-005 1.42601219e-005 
7.50000000e-001 2.35714286e+001 1.00000000e+001 1.37700737e-005 2.36932974e-005 2.12812209e-005 2.04832877e-005 1.87068488e-005 1.80847054e-005 1.78057746e-005 1.55303981e-005 1.25149821e-005 
7.50000000e-001 2.05357143e+001 1.00000000e+001 8.38545169e-006 1.74790423e-005 1.67201828e-005 1.63303500e-005 1.53473229e-005 1.49564986e-005 1.47746811e-005 1.31327484e-005 1.07696506e-005 
7.50000000e-001 1.71428571e+001 1.00000000e+001 4.93117526e-006 1.25800083e-005 1.28303546e-005 1.27171578e-005 1.23006427e-005 1.20844768e-005 1.19773454e-005 1.08493902e-005 9.04974088e-006 
7.50000000e-001 1.33928571e+001 1.00000000e+001 2.86465091e-006 9.03834231e-006 9.82600394e-006 9.87971379e-006 9.82452135e-006 9.72679179e-006 9.67134426e-006 8.92034150e-006 7.56061436e-006 
7.50000000e-001 9.28571429e+000 1.00000000e+001 1.71109915e-006 6.70671735e-006 7.73466685e-006 7.87505608e-006 8.01919356e-006 7.99198450e-006 7.96813044e-006 7.46491357e-006 6.41616399e-006 
7.50000000e-001 4.82142857e+000 1.00000000e+001 1.16391658e-006 5.51679918e-006 6.63536924e-006 6.80641379e-006 7.02190324e-006 7.02336092e-006 7.01304592e-006 6.63125585e-006 5.75517996e-006 
7.50000000e-001 0.00000000e+000 1.00000000e+001 1.00341605e-006 5.16955990e-006 6.33482496e-006 6.51705367e-006 6.74998721e-006 6.75744267e-006 6.75003176e-006 6.39794584e-006 5.57002703e-006 
1.00000000e+000 3.50000000e+001 1.00000000e+001 1.40680096e-004 9.84634513e-005 6.42583104e-005 5.72680703e-005 4.48574844e-005 4.15130835e-005 4.01397277e-005 3.15341049e-005 2.29920433e-005 
1.00000000e+000 3.48214286e+001 1.00000000e+001 1.27254163e-004 9.25349296e-005 6.12197711e-005 5.47423913e-005 4.31702212e-005 4.00300040e-005 3.87373990e-005 3.05789799e-005 2.24015354e-005 
1.00000000e+000 3.42857143e+001 1.00000000e+001 1.02842687e-004 8.09445559e-005 5.51151108e-005 4.96334110e-005 3.97082183e-005 3.69738492e-005 3.58423740e-005 2.85851960e-005 2.11545755e-005 
1.00000000e+000 3.33928571e+001 1.00000000e+001 7.68950971e-005 6.74038653e-005 4.77278895e-005 4.33963333e-005 3.54036002e-005 3.31530131e-005 3.22146114e-005 2.60517281e-005 1.95471312e-005 
1.00000000e+000 3.21428571e+001 1.00000000e+001 5.37028028e-005 5.37792578e-005 3.99548538e-005 3.67588735e-005 3.07130803e-005 2.89600122e-005 2.82215110e-005 2.32116315e-005 1.77093448e-005 
1.00000000e+000 3.05357143e+001 1.00000000e+001 3.52988236e-005 4.13877645e-005 3.25328917e-005 3.03453273e-005 2.60692955e-005 2.47791239e-005 2.42280306e-005 2.03202877e-005 1.58041362e-005 
1.00000000e+000 2.85714286e+001 1.00000000e+001 2.18993810e-005 3.07978121e-005 2.58159115e-005 2.44580717e-005 2.16795039e-005 2.07922213e-005 2.04057611e-005 1.74902894e-005 1.38939328e-005 
1.00000000e+000 2.62500000e+001 1.00000000e+001 1.28294053e-005 2.21350317e-005 1.99211923e-005 1.91981480e-005 1.76067245e-005 1.70509378e-005 1.68016288e-005 1.47418199e-005 1.19773537e-005 
1.00000000e+000 2.35714286e+001 1.00000000e+001 7.14493439e-006 1.55016817e-005 1.50902506e-005 1.48159437e-005 1.40988087e-005 1.37973345e-005 1.36546393e-005 1.22839150e-005 1.02207732e-005 
1.00000000e+000 2.05357143e+001 1.00000000e+001 3.77172614e-006 1.05131979e-005 1.11334598e-005 1.11500043e-005 1.10339459e-005 1.09180303e-005 1.08546306e-005 1.00247323e-005 8.54873849e-006 
1.00000000e+000 1.71428571e+001 1.00000000e+001 1.90175385e-006 6.93171592e-006 8.01373131e-006 8.19115749e-006 8.43744928e-006 8.44343552e-006 8.43355873e-006 7.99830359e-006 6.98827604e-006 
1.00000000e+000 1.33928571e+001 1.00000000e+001 9.35503225e-007 4.54810553e-006 5.75514003e-006 6.00459078e-006 6.43641639e-006 6.51289085e-006 6.53509566e-006 6.36076915e-006 5.68851051e-006 
1.00000000e+000 9.28571429e+000 1.00000000e+001 4.67674206e-007 3.08425694e-006 4.26201218e-006 4.53241716e-006 5.03722895e-006 5.14809415e-006 5.18685656e-006 5.16721459e-006 4.71849852e-006 
1.00000000e+000 4.82142857e+000 1.00000000e+001 2.67478678e-007 2.35008106e-006 3.48101101e-006 3.75150803e-006 4.26968921e-006 4.39181954e-006 4.43667668e-006 4.48894539e-006 4.16160430e-006 
1.00000000e+000 0.00000000e+000 1.00000000e+001 2.11802212e-007 2.13158951e-006 3.25706522e-006 3.52932840e-006 4.05117636e-006 4.17572939e-006 4.22195849e-006 4.29306290e-006 4.00124928e-006 
1.25000000e+000 3.50000000e+001 1.00000000e+001 1.39355599e-004 9.69373898e-005 6.29766158e-005 5.60462271e-005 4.37576234e-005 4.04537680e-005 3.90984317e-005 3.06363114e-005 2.22825549e-005 
1.25000000e+000 3.48214286e+001 1.00000000e+001 1.23509055e-004 8.99277152e-005 5.93833069e-005 5.30594731e-005 4.17628419e-005 3.87006791e-005 3.74409438e-005 2.95083511e-005 2.15863536e-005 
1.25000000e+000 3.42857143e+001 1.00000000e+001 9.57100901e-005 7.65677895e-005 5.23164081e-005 4.71391307e-005 3.77434060e-005 3.51508167e-005 3.40776654e-005 2.71905101e-005 2.01369617e-005 
1.25000000e+000 3.33928571e+001 1.00000000e+001 6.75638028e-005 6.14589063e-005 4.39897324e-005 4.00915754e-005 3.28560520e-005 3.08071359e-005 2.99513410e-005 2.43010604e-005 1.83002814e-005 
1.25000000e+000 3.21428571e+001 1.00000000e+001 4.39209663e-005 4.68612368e-005 3.55160434e-005 3.28258387e-005 2.76799446e-005 2.61698609e-005 2.55312067e-005 2.11420576e-005 1.62484849e-005 
1.25000000e+000 3.05357143e+001 1.00000000e+001 2.64982891e-005 3.41802512e-005 2.77128668e-005 2.60393069e-005 2.27035984e-005 2.16738901e-005 2.12306386e-005 1.80037187e-005 1.41667316e-005 
1.25000000e+000 2.85714286e+001 1.00000000e+001 1.48820027e-005 2.39164337e-005 2.09509189e-005 2.00593236e-005 1.81661204e-005 1.75329968e-005 1.72529373e-005 1.50264764e-005 1.21386067e-005 
1.25000000e+000 2.62500000e+001 1.00000000e+001 7.78613908e-006 1.60482647e-005 1.53256071e-005 1.49817541e-005 1.41460317e-005 1.38174905e-005 1.36647031e-005 1.22521225e-005 1.01813051e-005 
1.25000000e+000 2.35714286e+001 1.00000000e+001 3.81710607e-006 1.04088749e-005 1.09432788e-005 1.09463714e-005 1.08206263e-005 1.07084878e-005 1.06477671e-005 9.85275781e-006 8.43968413e-006 
1.25000000e+000 2.05357143e+001 1.00000000e+001 1.75135754e-006 6.49519542e-006 7.57868295e-006 7.77078029e-006 8.06886744e-006 8.09769590e-006 8.09859904e-006 7.74900163e-006 6.85167071e-006 
1.25000000e+000 1.71428571e+001 1.00000000e+001 7.58246929e-007 3.92049579e-006 5.10777119e-006 5.37472122e-006 5.87403823e-006 5.98093934e-006 6.01751597e-006 5.95875518e-006 5.43902422e-006 
1.25000000e+000 1.33928571e+001 1.00000000e+001 3.15906419e-007 2.34229281e-006 3.42752272e-006 3.70444920e-006 4.26546972e-006 4.40695876e-006 4.46068013e-006 4.57105365e-006 4.30428318e-006 
1.25000000e+000 9.28571429e+000 1.00000000e+001 1.31743313e-007 1.44217976e-006 2.37414446e-006 2.63355764e-006 3.18629107e-006 3.33714571e-006 3.39679165e-006 3.59290637e-006 3.48113046e-006 
1.25000000e+000 4.82142857e+000 1.00000000e+001 6.24672934e-008 1.00747151e-006 1.83304471e-006 2.07438564e-006 2.60208161e-006 2.75183081e-006 2.81218862e-006 3.04300524e-006 3.01221217e-006 
1.25000000e+000 0.00000000e+000 1.00000000e+001 4.47123395e-008 8.78959868e-007 1.67466147e-006 1.91135023e-006 2.43144528e-006 2.58039922e-006 2.64074492e-006 2.88069374e-006 2.87432637e-006 
1.50000000e+000 3.50000000e+001 1.00000000e+001 1.38459562e-004 9.59152325e-005 6.21154631e-005 5.52223148e-005 4.30056079e-005 3.97250070e-005 3.83799827e-005 3.00033340e-005 2.17669895e-005 
1.50000000e+000 3.48214286e+001 1.00000000e+001 1.20334488e-004 8.78793083e-005 5.79940731e-005 5.17963394e-005 4.07173539e-005 3.77140743e-005 3.64787602e-005 2.87099314e-005 2.09693209e-005 
1.50000000e+000 3.42857143e+001 1.00000000e+001 8.95727902e-005 7.29181142e-005 5.00466022e-005 4.51313716e-005 3.61830911e-005 3.37073065e-005 3.26817461e-005 2.60901705e-005 1.93299944e-005 
1.50000000e+000 3.33928571e+001 1.00000000e+001 5.98283719e-005 5.65079697e-005 4.09140165e-005 3.73831603e-005 3.07839001e-005 2.89021919e-005 2.81145222e-005 2.28819272e-005 1.72851613e-005 
1.50000000e+000 3.21428571e+001 1.00000000e+001 3.62860811e-005 4.12508660e-005 3.19068137e-005 2.96283966e-005 2.52142073e-005 2.39008011e-005 2.33427948e-005 1.94532754e-005 1.50475571e-005 
1.50000000e+000 3.05357143e+001 1.00000000e+001 2.01422492e-005 2.85733300e-005 2.38977364e-005 2.26184519e-005 2.00084205e-005 1.91805777e-005 1.88209965e-005 1.61253196e-005 1.28227457e-005 
1.50000000e+000 2.85714286e+001 1.00000000e+001 1.02643932e-005 1.88374657e-005 1.72394365e-005 1.66773266e-005 1.54197988e-005 1.49720108e-005 1.47699336e-005 1.30573256e-005 1.07103538e-005 
1.50000000e+000 2.62500000e+001 1.00000000e+001 4.80573642e-006 1.18219202e-005 1.19699670e-005 1.18652688e-005 1.15215837e-005 1.13459167e-005 1.12587668e-005 1.03015352e-005 8.73978578e-006 
1.50000000e+000 2.35714286e+001 1.00000000e+001 2.07814065e-006 7.11261426e-006 8.06464002e-006 8.21379441e-006 8.42091533e-006 8.42258420e-006 8.41217757e-006 7.99285143e-006 7.03413067e-006 
1.50000000e+000 2.05357143e+001 1.00000000e+001 8.30170557e-007 4.08848411e-006 5.24459429e-006 5.50112929e-006 5.98119868e-006 6.08365967e-006 6.11866463e-006 6.05362226e-006 5.53794051e-006 
1.50000000e+000 1.71428571e+001 1.00000000e+001 3.08933041e-007 2.25981908e-006 3.30768767e-006 3.57940630e-006 4.14039221e-006 4.28605025e-006 4.34225207e-006 4.48033501e-006 4.26334926e-006 
1.50000000e+000 1.33928571e+001 1.00000000e+001 1.09075729e-007 1.22806459e-006 2.06981246e-006 2.31457721e-006 2.85544057e-006 3.00989502e-006 3.07224918e-006 3.30829544e-006 3.27412824e-006 
1.50000000e+000 9.28571429e+000 1.00000000e+001 3.79278130e-008 6.83914483e-007 1.33544320e-006 1.54350326e-006 2.02859963e-006 2.17601747e-006 2.23710448e-006 2.50897563e-006 2.57616070e-006 
1.50000000e+000 4.82142857e+000 1.00000000e+001 1.47944668e-008 4.34496335e-007 9.68751160e-007 1.15060772e-006 1.58930391e-006 1.72766290e-006 1.78587276e-006 2.06567425e-006 2.18237083e-006 
1.50000000e+000 0.00000000e+000 1.00000000e+001 9.43999109e-009 3.62451549e-007 8.61065768e-007 1.03513238e-006 1.45932827e-006 1.59457897e-006 1.65174612e-006 1.93299206e-006 2.06480342e-006 
1.75000000e+000 3.50000000e+001 1.00000000e+001 1.37809248e-004 9.51807715e-005 6.14981066e-005 5.46312851e-005 4.24634096e-005 3.91980439e-005 3.78597124e-005 2.95392690e-005 2.13812947e-005 
1.75000000e+000 3.48214286e+001 1.00000000e+001 1.17523867e-004 8.61639392e-005 5.68705917e-005 5.07840735e-005 3.98932992e-005 3.69393576e-005 3.57242450e-005 2.80866397e-005 2.04857800e-005 
1.75000000e+000 3.42857143e+001 1.00000000e+001 8.41471368e-005 6.97399314e-005 4.81098717e-005 4.34296027e-005 3.48796865e-005 3.25064454e-005 3.15224002e-005 2.51837610e-005 1.86673588e-005 
1.75000000e+000 3.33928571e+001 1.00000000e+001 5.32675296e-005 5.22422489e-005 3.82795373e-005 3.50700535e-005 2.90270441e-005 2.72907247e-005 2.65621137e-005 2.16881070e-005 1.64325889e-005 
1.75000000e+000 3.21428571e+001 1.00000000e+001 3.01941140e-005 3.65626636e-005 2.88692731e-005 2.69359188e-005 2.31377923e-005 2.19902000e-005 2.15001552e-005 1.80307848e-005 1.40333103e-005 
1.75000000e+000 3.05357143e+001 1.00000000e+001 1.54475120e-005 2.40864131e-005 2.07821176e-005 1.98135685e-005 1.77820499e-005 1.71165688e-005 1.68244355e-005 1.45596685e-005 1.16935639e-005 
1.75000000e+000 2.85714286e+001 1.00000000e+001 7.15432156e-006 1.49837001e-005 1.43239724e-005 1.40000824e-005 1.32122178e-005 1.29041085e-005 1.27611569e-005 1.14451260e-005 9.52460095e-006 
1.75000000e+000 2.62500000e+001 1.00000000e+001 3.00170077e-006 8.80621898e-006 9.45099107e-006 9.49811845e-006 9.48015899e-006 9.40981351e-006 9.36844739e-006 8.74062979e-006 7.56258416e-006 
1.75000000e+000 2.35714286e+001 1.00000000e+001 1.14655429e-006 4.92093550e-006 6.01384075e-006 6.23489094e-006 6.62398728e-006 6.69382620e-006 6.71437031e-006 6.54387953e-006 5.90870126e-006 
1.75000000e+000 2.05357143e+001 1.00000000e+001 3.99240845e-007 2.60848317e-006 3.67486512e-006 3.94151967e-006 4.48196406e-006 4.61829456e-006 4.67015230e-006 4.77132610e-006 4.50890621e-006 
1.75000000e+000 1.71428571e+001 1.00000000e+001 1.27780523e-007 1.32095270e-006 2.16882517e-006 2.41218142e-006 2.94856765e-006 3.10153223e-006 3.16330923e-006 3.39578892e-006 3.36307915e-006 
1.75000000e+000 1.33928571e+001 1.00000000e+001 3.82497062e-008 6.52819407e-007 1.26430733e-006 1.46165380e-006 1.92839341e-006 2.07263879e-006 2.13286022e-006 2.40980199e-006 2.50272719e-006 
1.75000000e+000 9.28571429e+000 1.00000000e+001 1.10930416e-008 3.28166054e-007 7.57682955e-007 9.11678124e-007 1.29928204e-006 1.42667141e-006 1.48110640e-006 1.75916489e-006 1.91208203e-006 
1.75000000e+000 4.82142857e+000 1.00000000e+001 3.54615413e-009 1.88443296e-007 5.13761297e-007 6.40136906e-007 9.72814599e-007 1.08676740e-006 1.13620831e-006 1.40414386e-006 1.58264876e-006 
1.75000000e+000 0.00000000e+000 1.00000000e+001 1.99325512e-009 1.49467333e-007 4.42745682e-007 5.60607531e-007 8.75884076e-007 9.85393584e-007 1.03315262e-006 1.29707830e-006 1.48328123e-006 
2.00000000e+000 3.50000000e+001 1.00000000e+001 1.37313152e-004 9.46259650e-005 6.10333615e-005 5.41865704e-005 4.20550847e-005 3.88007645e-005 3.74672381e-005 2.91870046e-005 2.10848156e-005 
2.00000000e+000 3.48214286e+001 1.00000000e+001 1.14968728e-004 8.46669190e-005 5.59183721e-005 4.99333859e-005 3.92129757e-005 3.63028950e-005 3.51055903e-005 2.75804609e-005 2.00945866e-005 
2.00000000e+000 3.42857143e+001 1.00000000e+001 7.92696159e-005 6.68975557e-005 4.64015289e-005 4.19362053e-005 3.37502189e-005 3.14700752e-005 3.05235904e-005 2.44106435e-005 1.81065283e-005 
2.00000000e+000 3.33928571e+001 1.00000000e+001 4.76201489e-005 4.84884417e-005 3.59634636e-005 3.30398516e-005 2.74932064e-005 2.58866051e-005 2.52106337e-005 2.06543685e-005 1.56976318e-005 
2.00000000e+000 3.21428571e+001 1.00000000e+001 2.52614913e-005 3.25696879e-005 2.62543556e-005 2.46146127e-005 2.13449916e-005 2.03404378e-005 1.99090817e-005 1.68027687e-005 1.31573830e-005 
2.00000000e+000 3.05357143e+001 1.00000000e+001 1.19268282e-005 2.04289219e-005 1.81836908e-005 1.74634381e-005 1.59012550e-005 1.53691991e-005 1.51326903e-005 1.32262715e-005 1.07262999e-005 
2.00000000e+000 2.85714286e+001 1.00000000e+001 5.02612007e-006 1.20051281e-005 1.19870583e-005 1.18367729e-005 1.14006451e-005 1.11997845e-005 1.11025713e-005 1.00995864e-005 8.52337444e-006 
2.00000000e+000 2.62500000e+001 1.00000000e+001 1.89167001e-006 6.61412515e-006 7.52259168e-006 7.66434389e-006 7.86133393e-006 7.86417539e-006 7.85511578e-006 7.46983103e-006 6.58687178e-006 
2.00000000e+000 2.35714286e+001 1.00000000e+001 6.38888866e-007 3.43617935e-006 4.52474932e-006 4.77454907e-006 5.25427652e-006 5.36362569e-006 5.40281725e-006 5.39774543e-006 4.99605024e-006 
2.00000000e+000 2.05357143e+001 1.00000000e+001 1.94066448e-007 1.68111561e-006 2.59979306e-006 2.85066423e-006 3.38784597e-006 3.53554891e-006 3.59426783e-006 3.78870589e-006 3.69432033e-006 
2.00000000e+000 1.71428571e+001 1.00000000e+001 5.34417919e-008 7.80370362e-007 1.43613102e-006 1.64108189e-006 2.11778222e-006 2.26276831e-006 2.32296775e-006 2.59166380e-006 2.66795505e-006 
2.00000000e+000 1.33928571e+001 1.00000000e+001 1.35658080e-008 3.50768912e-007 7.79583441e-007 9.31286590e-007 1.31226087e-006 1.43749896e-006 1.49106731e-006 1.76550045e-006 1.92170654e-006 
2.00000000e+000 9.28571429e+000 1.00000000e+001 3.28272346e-009 1.59010909e-007 4.33151000e-007 5.42222357e-007 8.36732967e-007 9.40102039e-007 9.85365791e-007 1.23814591e-006 1.42319153e-006 
2.00000000e+000 4.82142857e+000 1.00000000e+001 8.58687953e-010 8.21576597e-008 2.73372319e-007 3.57171038e-007 5.96710743e-007 6.84909215e-007 7.24181021e-007 9.55742565e-007 1.14880901e-006 
2.00000000e+000 0.00000000e+000 1.00000000e+001 4.20921516e-010 6.16393415e-008 2.27657019e-007 3.03619290e-007 5.25708986e-007 6.08944898e-007 6.46234300e-007 8.70373088e-007 1.06554171e-006 
2.25000000e+000 3.50000000e+001 1.00000000e+001 1.36920308e-004 9.41910028e-005 6.06702518e-005 5.38393813e-005 4.17365785e-005 3.84908249e-005 3.71609988e-005 2.89114291e-005 2.08512072e-005 
2.25000000e+000 3.48214286e+001 1.00000000e+001 1.12605390e-004 8.33235369e-005 5.50840171e-005 4.91934903e-005 3.86310232e-005 3.57612062e-005 3.45801661e-005 2.71555877e-005 1.97690026e-005 
2.25000000e+000 3.42857143e+001 1.00000000e+001 7.48350800e-005 6.43106629e-005 4.48606102e-005 4.05941963e-005 3.27453493e-005 3.05512751e-005 2.96394594e-005 2.37329505e-005 1.76196307e-005 
2.25000000e+000 3.33928571e+001 1.00000000e+001 4.27084995e-005 4.51381815e-005 3.38913133e-005 3.12245229e-005 2.61259911e-005 2.46368211e-005 2.40085151e-005 1.97392185e-005 1.50504349e-005 
2.25000000e+000 3.21428571e+001 1.00000000e+001 2.12253785e-005 2.91242523e-005 2.39681103e-005 2.25804878e-005 1.97691988e-005 1.88896951e-005 1.85097544e-005 1.57225133e-005 1.23870805e-005 
2.25000000e+000 3.05357143e+001 1.00000000e+001 9.25736996e-006 1.74089423e-005 1.59845080e-005 1.54640639e-005 1.42862764e-005 1.38652346e-005 1.36752211e-005 1.20715640e-005 9.88451483e-006 
2.25000000e+000 2.85714286e+001 1.00000000e+001 3.55289641e-006 9.67271901e-006 1.00866497e-005 1.00626709e-005 9.89099985e-006 9.77324288e-006 9.71179339e-006 8.95944398e-006 7.66600857e-006 
2.25000000e+000 2.62500000e+001 1.00000000e+001 1.20044815e-006 4.99943669e-006 6.02506042e-006 6.22299961e-006 6.55863204e-006 6.61208347e-006 6.62580986e-006 6.42071210e-006 5.76796204e-006 
2.25000000e+000 2.35714286e+001 1.00000000e+001 3.58761451e-007 2.41659641e-006 3.42807836e-006 3.68144660e-006 4.19555142e-006 4.32594914e-006 4.37575715e-006 4.47964479e-006 4.24777832e-006 
2.25000000e+000 2.05357143e+001 1.00000000e+001 9.51154896e-008 1.09194398e-006 1.85316160e-006 2.07708132e-006 2.57890730e-006 2.72532481e-006 2.78511372e-006 3.02726940e-006 3.04342999e-006 
2.25000000e+000 1.71428571e+001 1.00000000e+001 2.25418750e-008 4.64818873e-007 9.58458463e-007 1.12506843e-006 1.53188081e-006 1.66217076e-006 1.71739345e-006 1.98982132e-006 2.12715711e-006 
2.25000000e+000 1.33928571e+001 1.00000000e+001 4.85294003e-009 1.90070143e-007 4.84438930e-007 5.97793660e-007 8.98859127e-007 1.00322951e-006 1.04876862e-006 1.30017434e-006 1.48168013e-006 
2.25000000e+000 9.28571429e+000 1.00000000e+001 9.80147040e-010 7.76734769e-008 2.49267065e-007 3.24467958e-007 5.41543207e-007 6.22349012e-007 6.58492794e-007 8.74554912e-007 1.06214612e-006 
2.25000000e+000 4.82142857e+000 1.00000000e+001 2.09719070e-010 3.59930036e-008 1.45922602e-007 1.99841009e-007 3.66758373e-007 4.32439341e-007 4.62377789e-007 6.51385179e-007 8.34665118e-007 
2.25000000e+000 0.00000000e+000 1.00000000e+001 8.88967972e-011 2.54205561e-008 1.17062136e-007 1.64439893e-007 3.15536278e-007 3.76314386e-007 4.04221924e-007 5.84047072e-007 7.65454822e-007 
2.50000000e+000 3.50000000e+001 1.00000000e+001 1.36600066e-004 9.38400685e-005 6.03782392e-005 5.35603972e-005 4.14810077e-005 3.82421889e-005 3.69153454e-005 2.86902432e-005 2.06630224e-005 
2.50000000e+000 3.48214286e+001 1.00000000e+001 1.10393293e-004 8.20942028e-005 5.43351402e-005 4.85335438e-005 3.81195603e-005 3.52873839e-005 3.41215022e-005 2.67891778e-005 1.94912655e-005 
2.50000000e+000 3.42857143e+001 1.00000000e+001 7.07705265e-005 6.19275593e-005 4.34488981e-005 3.93679581e-005 3.18341147e-005 2.97204634e-005 2.88410231e-005 2.31262071e-005 1.71879772e-005 
2.50000000e+000 3.33928571e+001 1.00000000e+001 3.84038052e-005 4.21180279e-005 3.20144182e-005 2.95799078e-005 2.48889489e-005 2.35070380e-005 2.29223099e-005 1.89152970e-005 1.44706809e-005 
2.50000000e+000 3.21428571e+001 1.00000000e+001 1.78964913e-005 2.61230851e-005 2.19469406e-005 2.07771104e-005 1.83660298e-005 1.75967587e-005 1.72622648e-005 1.47584902e-005 1.16997455e-005 
2.50000000e+000 3.05357143e+001 1.00000000e+001 7.21629472e-006 1.48916390e-005 1.41031820e-005 1.37440484e-005 1.28826824e-005 1.25546749e-005 1.24038382e-005 1.10585878e-005 9.14247349e-006 
2.50000000e+000 2.85714286e+001 1.00000000e+001 2.52406061e-006 7.82846131e-006 8.52459976e-006 8.59165809e-006 8.61824366e-006 8.56505639e-006 8.53169425e-006 7.98170960e-006 6.92329933e-006 
2.50000000e+000 2.62500000e+001 1.00000000e+001 7.66074825e-007 3.79819956e-006 4.84959222e-006 5.07763697e-006 5.49838959e-006 5.58618914e-006 5.61579427e-006 5.54482832e-006 5.07339097e-006 
2.50000000e+000 2.35714286e+001 1.00000000e+001 2.02707242e-007 1.70925124e-006 2.61163684e-006 2.85424072e-006 3.36815570e-006 3.50756639e-006 3.56266857e-006 3.73650366e-006 3.62847227e-006 
2.50000000e+000 2.05357143e+001 1.00000000e+001 4.69249723e-008 7.13683292e-007 1.32898029e-006 1.52251676e-006 1.97447133e-006 2.11270957e-006 2.17027645e-006 2.43160405e-006 2.51903966e-006 
2.50000000e+000 1.71428571e+001 1.00000000e+001 9.57241870e-009 2.78679420e-007 6.43743681e-007 7.76147493e-007 1.11463689e-006 1.22803485e-006 1.27692460e-006 1.53564932e-006 1.70353728e-006 
2.50000000e+000 1.33928571e+001 1.00000000e+001 1.74785988e-009 1.03689832e-007 3.02970213e-007 3.86120062e-007 6.19176343e-007 7.03957457e-007 7.41602309e-007 9.61925049e-007 1.14673056e-006 
2.50000000e+000 9.28571429e+000 1.00000000e+001 2.94695744e-010 3.81971711e-008 1.44275151e-007 1.95213822e-007 3.52077876e-007 4.13738793e-007 4.41858822e-007 6.19794964e-007 7.94711273e-007 
2.50000000e+000 4.82142857e+000 1.00000000e+001 5.15907607e-011 1.58388203e-008 7.81257815e-008 1.12109721e-007 2.25864985e-007 2.73519851e-007 2.95723037e-007 4.44518391e-007 6.06975624e-007 
2.50000000e+000 0.00000000e+000 1.00000000e+001 1.87766306e-011 1.04840100e-008 6.01950141e-008 8.90619893e-008 1.89390557e-007 2.32556351e-007 2.52844817e-007 3.91916350e-007 5.49883677e-007 
0.00000000e+000 3.50000000e+001 2.00000000e+001 2.22311294e-004 1.49222847e-004 9.39879884e-005 8.27312593e-005 6.28110133e-005 5.75129029e-005 5.53525395e-005 4.22285351e-005 2.98457054e-005 
0.00000000e+000 3.48214286e+001 2.00000000e+001 2.20949216e-004 1.48317229e-004 9.34225846e-005 8.22354825e-005 6.24387748e-005 5.71734283e-005 5.50263848e-005 4.19821525e-005 2.96724417e-005 
0.00000000e+000 3.42857143e+001 2.00000000e+001 2.17009958e-004 1.45716009e-004 9.17994706e-005 8.08123034e-005 6.13703533e-005 5.61990955e-005 5.40902974e-005 4.12750863e-005 2.91751926e-005 
0.00000000e+000 3.33928571e+001 2.00000000e+001 2.10682777e-004 1.41527903e-004 8.91847704e-005 7.85194269e-005 5.96486488e-005 5.46289058e-005 5.25817045e-005 4.01353970e-005 2.83735389e-005 
0.00000000e+000 3.21428571e+001 2.00000000e+001 2.02478154e-004 1.36101362e-004 8.57967589e-005 7.55484653e-005 5.74180014e-005 5.25946360e-005 5.06272625e-005 3.86589518e-005 2.73349670e-005 
0.00000000e+000 3.05357143e+001 2.00000000e+001 1.92775395e-004 1.29686539e-004 8.17898542e-005 7.20342747e-005 5.47786850e-005 5.01874411e-005 4.83144270e-005 3.69112454e-005 2.61051899e-005 
0.00000000e+000 2.85714286e+001 2.00000000e+001 1.82127951e-004 1.22656920e-004 7.73953187e-005 6.81786517e-005 5.18803661e-005 4.75432928e-005 4.57736354e-005 3.49900494e-005 2.47527948e-005 
0.00000000e+000 2.62500000e+001 2.00000000e+001 1.70761387e-004 1.15186959e-004 7.27224614e-005 6.40761365e-005 4.87900154e-005 4.47218204e-005 4.30615658e-005 3.29355945e-005 2.33051961e-005 
0.00000000e+000 2.35714286e+001 2.00000000e+001 1.60754691e-004 1.08674035e-004 6.86526272e-005 6.05021517e-005 4.60940243e-005 4.22588001e-005 4.06933477e-005 3.11383505e-005 2.20378113e-005 
0.00000000e+000 2.05357143e+001 2.00000000e+001 1.51612852e-004 1.02786709e-004 6.49710687e-005 5.72639740e-005 4.36380993e-005 4.00107243e-005 3.85300123e-005 2.94893529e-005 2.08730487e-005 
0.00000000e+000 1.71428571e+001 2.00000000e+001 1.42794796e-004 9.71216346e-005 6.13982359e-005 5.41083372e-005 4.12191814e-005 3.77894141e-005 3.63896827e-005 2.78477650e-005 1.97110898e-005 
0.00000000e+000 1.33928571e+001 2.00000000e+001 1.35034829e-004 9.21399058e-005 5.82185104e-005 5.12842145e-005 3.90240675e-005 3.57653425e-005 3.44362137e-005 2.63377368e-005 1.86387417e-005 
0.00000000e+000 9.28571429e+000 2.00000000e+001 1.29533098e-004 8.86067942e-005 5.59336408e-005 4.92397406e-005 3.74025453e-005 3.42608942e-005 3.29806436e-005 2.51991922e-005 1.78264824e-005 
0.00000000e+000 4.82142857e+000 2.00000000e+001 1.26224641e-004 8.64727855e-005 5.45509214e-005 4.79951919e-005 3.63935519e-005 3.33176389e-005 3.20651980e-005 2.44719250e-005 1.73038574e-005 
0.00000000e+000 0.00000000e+000 2.00000000e+001 1.25158615e-004 8.57977658e-005 5.41266646e-005 4.76152546e-005 3.60832591e-005 3.30259341e-005 3.17813851e-005 2.42433645e-005 1.71386232e-005 
2.50000000e-001 3.50000000e+001 2.00000000e+001 1.69527154e-004 1.21529840e-004 7.90782307e-005 7.02175258e-005 5.43235667e-005 5.00308934e-005 4.82711334e-005 3.73961940e-005 2.68783580e-005 
2.50000000e-001 3.48214286e+001 2.00000000e+001 1.64079446e-004 1.18998582e-004 7.77339398e-005 6.90877919e-005 5.35482501e-005 4.93427931e-005 4.76176310e-005 3.69364586e-005 2.65794762e-005 
2.50000000e-001 3.42857143e+001 2.00000000e+001 1.51952770e-004 1.13064935e-004 7.45039549e-005 6.63549114e-005 5.16449047e-005 4.76458165e-005 4.60028113e-005 3.57863233e-005 2.58210137e-005 
2.50000000e-001 3.33928571e+001 2.00000000e+001 1.36092507e-004 1.04888727e-004 6.99488832e-005 6.24770927e-005 4.89084064e-005 4.51962104e-005 4.36678152e-005 3.41055911e-005 2.46995731e-005 
2.50000000e-001 3.21428571e+001 2.00000000e+001 1.18631501e-004 9.54442212e-005 6.45840169e-005 5.78871105e-005 4.56355405e-005 4.22573469e-005 4.08627596e-005 3.20702091e-005 2.33296277e-005 
2.50000000e-001 3.05357143e+001 2.00000000e+001 1.01160335e-004 8.54946000e-005 5.88153527e-005 5.29257268e-005 4.20588237e-005 3.90350467e-005 3.77828762e-005 2.98163204e-005 2.17987743e-005 
2.50000000e-001 2.85714286e+001 2.00000000e+001 8.47617850e-005 7.56580778e-005 5.29975172e-005 4.78965929e-005 3.83946077e-005 3.57234255e-005 3.46133744e-005 2.74780172e-005 2.01972661e-005 
2.50000000e-001 2.62500000e+001 2.00000000e+001 7.00157726e-005 6.63016018e-005 4.73428072e-005 4.29807451e-005 3.47689069e-005 3.24342921e-005 3.14603691e-005 2.51293956e-005 1.85732329e-005 
2.50000000e-001 2.35714286e+001 2.00000000e+001 5.77629481e-005 5.82880045e-005 4.24662046e-005 3.87348730e-005 3.16270047e-005 2.95810145e-005 2.87239268e-005 2.30854855e-005 1.71571137e-005 
2.50000000e-001 2.05357143e+001 2.00000000e+001 4.76953478e-005 5.14274084e-005 3.82353029e-005 3.50370999e-005 2.88655167e-005 2.70656880e-005 2.63085101e-005 2.12678037e-005 1.58902057e-005 
2.50000000e-001 1.71428571e+001 2.00000000e+001 3.94672032e-005 4.54772541e-005 3.44689950e-005 3.17193689e-005 2.63424092e-005 2.47545234e-005 2.40839064e-005 1.95710851e-005 1.46943451e-005 
2.50000000e-001 1.33928571e+001 2.00000000e+001 3.30895092e-005 4.06275573e-005 3.13260844e-005 2.89297081e-005 2.41824306e-005 2.27649335e-005 2.21643867e-005 1.80880196e-005 1.36382969e-005 
2.50000000e-001 9.28571429e+000 2.00000000e+001 2.86293169e-005 3.71545213e-005 2.90530902e-005 2.69030071e-005 2.25926163e-005 2.12941573e-005 2.07428474e-005 1.69792900e-005 1.28447436e-005 
2.50000000e-001 4.82142857e+000 2.00000000e+001 2.59472756e-005 3.50293567e-005 2.76585658e-005 2.56557634e-005 2.16017586e-005 2.03730310e-005 1.98507123e-005 1.62755692e-005 1.23377268e-005 
2.50000000e-001 0.00000000e+000 2.00000000e+001 2.50383120e-005 3.43154985e-005 2.72003306e-005 2.52484672e-005 2.12798967e-005 2.00736787e-005 1.95606772e-005 1.60462284e-005 1.21726692e-005 
5.00000000e-001 3.50000000e+001 2.00000000e+001 1.59293041e-004 1.12120873e-004 7.27007830e-005 6.45463586e-005 4.99923870e-005 4.60778578e-005 4.44749263e-005 3.45729613e-005 2.49888737e-005 
5.00000000e-001 3.48214286e+001 2.00000000e+001 1.50401237e-004 1.08139384e-004 7.06442186e-005 6.28332127e-005 4.88412587e-005 4.50634640e-005 4.35145508e-005 3.39112872e-005 2.45699301e-005 
5.00000000e-001 3.42857143e+001 2.00000000e+001 1.32014212e-004 9.93957794e-005 6.60036228e-005 5.89390099e-005 4.61823630e-005 4.27086792e-005 4.12803723e-005 3.23509425e-005 2.35661136e-005 
5.00000000e-001 3.33928571e+001 2.00000000e+001 1.09865399e-004 8.81134909e-005 5.98399536e-005 5.37271769e-005 4.25654030e-005 3.94894097e-005 3.82194910e-005 3.01848457e-005 2.21518049e-005 
5.00000000e-001 3.21428571e+001 2.00000000e+001 8.75129455e-005 7.58583490e-005 5.29536681e-005 4.78627496e-005 3.84348322e-005 3.57967018e-005 3.47018842e-005 2.76669915e-005 2.04874582e-005 
5.00000000e-001 3.05357143e+001 2.00000000e+001 6.72069649e-005 6.37713276e-005 4.59510078e-005 4.18532814e-005 3.41340407e-005 3.19334580e-005 3.10144034e-005 2.49950226e-005 1.86979902e-005 
5.00000000e-001 2.85714286e+001 2.00000000e+001 5.00404674e-005 5.25975089e-005 3.92676971e-005 3.60724898e-005 2.99291411e-005 2.81381194e-005 2.73843783e-005 2.23323537e-005 1.68919444e-005 
5.00000000e-001 2.62500000e+001 2.00000000e+001 3.62896298e-005 4.27193295e-005 3.31502349e-005 3.07350753e-005 2.59756708e-005 2.45501909e-005 2.39447890e-005 1.97739199e-005 1.51315876e-005 
5.00000000e-001 2.35714286e+001 2.00000000e+001 2.59289800e-005 3.46120390e-005 2.80130952e-005 2.62310033e-005 2.26081763e-005 2.14860769e-005 2.10041911e-005 1.75732519e-005 1.36097275e-005 
5.00000000e-001 2.05357143e+001 2.00000000e+001 1.83311614e-005 2.80520499e-005 2.37334613e-005 2.24524771e-005 1.97414410e-005 1.88660887e-005 1.84851459e-005 1.56674729e-005 1.22789401e-005 
5.00000000e-001 1.71428571e+001 2.00000000e+001 1.28935168e-005 2.27844024e-005 2.01554607e-005 1.92595475e-005 1.72618784e-005 1.65837503e-005 1.62841396e-005 1.39725943e-005 1.10756461e-005 
5.00000000e-001 1.33928571e+001 2.00000000e+001 9.16533076e-006 1.87609426e-005 1.73202309e-005 1.67043349e-005 1.52336871e-005 1.47043358e-005 1.44665885e-005 1.25499058e-005 1.00504484e-005 
5.00000000e-001 9.28571429e+000 2.00000000e+001 6.78560590e-006 1.59666648e-005 1.53055835e-005 1.48773864e-005 1.37623606e-005 1.33347196e-005 1.31395369e-005 1.15002400e-005 9.28843901e-006 
5.00000000e-001 4.82142857e+000 2.00000000e+001 5.45041821e-006 1.42922544e-005 1.40807089e-005 1.37618294e-005 1.28528132e-005 1.24843535e-005 1.23140611e-005 1.08403543e-005 8.80577078e-006 
5.00000000e-001 0.00000000e+000 2.00000000e+001 5.01103459e-006 1.37265828e-005 1.36700370e-005 1.33891074e-005 1.25502527e-005 1.22015750e-005 1.20395755e-005 1.06209846e-005 8.64577192e-006 
7.50000000e-001 3.50000000e+001 2.00000000e+001 1.55571772e-004 1.08064627e-004 6.95821309e-005 6.16685084e-005 4.76055435e-005 4.38426315e-005 4.23046759e-005 3.28465721e-005 2.37482483e-005 
7.50000000e-001 3.48214286e+001 2.00000000e+001 1.43595934e-004 1.02758204e-004 6.68667770e-005 5.94137763e-005 4.61026045e-005 4.25219552e-005 4.10559100e-005 3.19937133e-005 2.32146925e-005 
7.50000000e-001 3.42857143e+001 2.00000000e+001 1.20080003e-004 9.15902682e-005 6.09780556e-005 5.44848166e-005 4.27601312e-005 3.95691977e-005 3.82575705e-005 3.00550271e-005 2.19815288e-005 
7.50000000e-001 3.33928571e+001 2.00000000e+001 9.35040110e-005 7.78479405e-005 5.34787921e-005 4.81517198e-005 3.83837744e-005 3.56809295e-005 3.45636720e-005 2.74572109e-005 2.03013288e-005 
7.50000000e-001 3.21428571e+001 2.00000000e+001 6.86026101e-005 6.36462669e-005 4.54410566e-005 4.13018555e-005 3.35605970e-005 3.13717775e-005 3.04603161e-005 2.45302581e-005 1.83795304e-005 
7.50000000e-001 3.05357143e+001 2.00000000e+001 4.78390834e-005 5.03918429e-005 3.76284258e-005 3.45767424e-005 2.87267037e-005 2.70267089e-005 2.63121453e-005 2.15253575e-005 1.63743273e-005 
7.50000000e-001 2.85714286e+001 2.00000000e+001 3.19087077e-005 3.88466243e-005 3.05164301e-005 2.83888373e-005 2.41810157e-005 2.29145841e-005 2.23758505e-005 1.86280965e-005 1.44090498e-005 
7.50000000e-001 2.62500000e+001 2.00000000e+001 2.04628942e-005 2.92861833e-005 2.43340632e-005 2.29460356e-005 2.00851202e-005 1.91829215e-005 1.87930488e-005 1.59434279e-005 1.25544687e-005 
7.50000000e-001 2.35714286e+001 2.00000000e+001 1.27401297e-005 2.18539751e-005 1.93257750e-005 1.84969523e-005 1.66793114e-005 1.60654019e-005 1.57941338e-005 1.36718982e-005 1.09706016e-005 
7.50000000e-001 2.05357143e+001 2.00000000e+001 7.73719823e-006 1.62075369e-005 1.53341007e-005 1.49116941e-005 1.38737676e-005 1.34810460e-005 1.33015456e-005 1.17549316e-005 9.61521192e-006 
7.50000000e-001 1.71428571e+001 2.00000000e+001 4.61575185e-006 1.19988269e-005 1.21814972e-005 1.20394935e-005 1.15585586e-005 1.13294923e-005 1.12186973e-005 1.01177474e-005 8.43298144e-006 
7.50000000e-001 1.33928571e+001 2.00000000e+001 2.75044858e-006 8.99707204e-006 9.80635390e-006 9.84652819e-006 9.74104578e-006 9.62649474e-006 9.56438870e-006 8.79096603e-006 7.45646982e-006 
7.50000000e-001 9.28571429e+000 2.00000000e+001 1.69973359e-006 7.01506813e-006 8.17035627e-006 8.32116529e-006 8.45108446e-006 8.41067564e-006 8.38044910e-006 7.82842800e-006 6.74027123e-006 
7.50000000e-001 4.82142857e+000 2.00000000e+001 1.16822941e-006 5.87214702e-006 7.19703877e-006 7.40707183e-006 7.66546299e-006 7.66645429e-006 7.65419575e-006 7.23076441e-006 6.29124360e-006 
7.50000000e-001 0.00000000e+000 2.00000000e+001 1.00329185e-006 5.49151598e-006 6.87064875e-006 7.10061404e-006 7.40209417e-006 7.41689060e-006 7.41062204e-006 7.03021009e-006 6.14086831e-006 
1.00000000e+000 3.50000000e+001 2.00000000e+001 1.53653741e-004 1.05916139e-004 6.78442229e-005 6.00336795e-005 4.61814072e-005 4.24861610e-005 4.09777825e-005 3.17387674e-005 2.29066724e-005 
1.00000000e+000 3.48214286e+001 2.00000000e+001 1.38833642e-004 9.93734385e-005 6.45104230e-005 5.72695684e-005 4.43460498e-005 4.08756228e-005 3.94558941e-005 3.07039810e-005 2.22634051e-005 
1.00000000e+000 3.42857143e+001 2.00000000e+001 1.10950466e-004 8.60589999e-005 5.74984322e-005 5.14051293e-005 4.03792174e-005 3.73748851e-005 3.61398159e-005 2.84148727e-005 2.08155420e-005 
1.00000000e+000 3.33928571e+001 2.00000000e+001 8.11555791e-005 7.03169942e-005 4.88721543e-005 4.41168403e-005 3.53427168e-005 3.29014413e-005 3.18907492e-005 2.54321960e-005 1.88940622e-005 
1.00000000e+000 3.21428571e+001 2.00000000e+001 5.50836148e-005 5.47612750e-005 3.99594784e-005 3.65029830e-005 2.99606084e-005 2.80890144e-005 2.73068478e-005 2.21597817e-005 1.67483669e-005 
1.00000000e+000 3.05357143e+001 2.00000000e+001 3.50338185e-005 4.09631285e-005 3.16428238e-005 2.93096499e-005 2.47454969e-005 2.33912289e-005 2.28181983e-005 1.88952445e-005 1.45662794e-005 
1.00000000e+000 2.85714286e+001 2.00000000e+001 2.10248932e-005 2.96053064e-005 2.43996012e-005 2.29589897e-005 2.00131130e-005 1.90941722e-005 1.86987225e-005 1.58394510e-005 1.24824824e-005 
1.00000000e+000 2.62500000e+001 2.00000000e+001 1.19722646e-005 2.07727731e-005 1.84021054e-005 1.76208128e-005 1.59122938e-005 1.53374562e-005 1.50838687e-005 1.30983606e-005 1.05714319e-005 
1.00000000e+000 2.35714286e+001 2.00000000e+001 6.52384861e-006 1.43062883e-005 1.37405137e-005 1.34158678e-005 1.25985234e-005 1.22803958e-005 1.21337858e-005 1.08249157e-005 8.96362444e-006 
1.00000000e+000 2.05357143e+001 2.00000000e+001 3.41859756e-006 9.71531142e-006 1.01986056e-005 1.01709842e-005 9.96233266e-006 9.82744044e-006 9.75823600e-006 8.95651057e-006 7.61724253e-006 
1.00000000e+000 1.71428571e+001 2.00000000e+001 1.73548241e-006 6.54441721e-006 7.55464489e-006 7.70357928e-006 7.88138459e-006 7.86998981e-006 7.85393685e-006 7.41844414e-006 6.48004442e-006 
1.00000000e+000 1.33928571e+001 2.00000000e+001 8.67106704e-007 4.44421466e-006 5.66492635e-006 5.90844315e-006 6.31249405e-006 6.37899263e-006 6.39722055e-006 6.21238035e-006 5.56707284e-006 
1.00000000e+000 9.28571429e+000 2.00000000e+001 4.43625393e-007 3.14247771e-006 4.41459640e-006 4.70337856e-006 5.22910473e-006 5.34120186e-006 5.37998261e-006 5.35470743e-006 4.90775467e-006 
1.00000000e+000 4.82142857e+000 2.00000000e+001 2.55023422e-007 2.42888148e-006 3.69297011e-006 4.00004278e-006 4.58240138e-006 4.71767072e-006 4.76714665e-006 4.83004690e-006 4.49923644e-006 
1.00000000e+000 0.00000000e+000 2.00000000e+001 2.00957439e-007 2.19725099e-006 3.45349091e-006 3.76589173e-006 4.36592133e-006 4.50863305e-006 4.56157005e-006 4.65354095e-006 4.36178091e-006 
1.25000000e+000 3.50000000e+001 2.00000000e+001 1.52474146e-004 1.04596399e-004 6.67616961e-005 5.90074317e-005 4.52652849e-005 4.16050074e-005 4.01119712e-005 3.09927566e-005 2.23164125e-005 
1.25000000e+000 3.48214286e+001 2.00000000e+001 1.34990757e-004 9.68846710e-005 6.28407221e-005 5.57591484e-005 4.31131012e-005 3.97179418e-005 3.83294140e-005 2.97838226e-005 2.15677034e-005 
1.25000000e+000 3.42857143e+001 2.00000000e+001 1.03314391e-004 8.16364937e-005 5.48034283e-005 4.90379134e-005 3.85701469e-005 3.57103530e-005 3.45339594e-005 2.71680613e-005 1.99180657e-005 
1.25000000e+000 3.33928571e+001 2.00000000e+001 7.11696147e-005 6.42415761e-005 4.52123565e-005 4.09250939e-005 3.29539642e-005 3.07204065e-005 2.97938015e-005 2.38403022e-005 1.77769736e-005 
1.25000000e+000 3.21428571e+001 2.00000000e+001 4.48098078e-005 4.77564755e-005 3.56333434e-005 3.27169708e-005 2.71193345e-005 2.54959354e-005 2.48146330e-005 2.02758688e-005 1.54367134e-005 
1.25000000e+000 3.05357143e+001 2.00000000e+001 2.60621461e-005 3.38247594e-005 2.70319296e-005 2.52369267e-005 2.16403459e-005 2.05468182e-005 2.00805670e-005 1.68122327e-005 1.31113747e-005 
1.25000000e+000 2.85714286e+001 2.00000000e+001 1.41078574e-005 2.29694104e-005 1.98533515e-005 1.88903913e-005 1.68346819e-005 1.61640534e-005 1.58714067e-005 1.36590075e-005 1.09436914e-005 
1.25000000e+000 2.62500000e+001 2.00000000e+001 7.14930498e-006 1.50312821e-005 1.41838022e-005 1.37849833e-005 1.28232783e-005 1.24663726e-005 1.23043123e-005 1.09155953e-005 9.00765775e-006 
1.25000000e+000 2.35714286e+001 2.00000000e+001 3.41806587e-006 9.57399622e-006 9.96933198e-006 9.92198494e-006 9.68264704e-006 9.54394233e-006 9.47415641e-006 8.69085211e-006 7.40650650e-006 
1.25000000e+000 2.05357143e+001 2.00000000e+001 1.54970644e-006 5.96356720e-006 6.92475447e-006 7.07440894e-006 7.27442215e-006 7.27809953e-006 7.26980723e-006 6.91218938e-006 6.09517790e-006 
1.25000000e+000 1.71428571e+001 2.00000000e+001 6.71266350e-007 3.65731196e-006 4.77856835e-006 5.02011976e-006 5.45507185e-006 5.54355905e-006 5.57304746e-006 5.49866511e-006 5.02051663e-006 
1.25000000e+000 1.33928571e+001 2.00000000e+001 2.81861978e-007 2.24535965e-006 3.32750046e-006 3.59915596e-006 4.13887561e-006 4.27269413e-006 4.32331401e-006 4.42556003e-006 4.18098544e-006 
1.25000000e+000 9.28571429e+000 2.00000000e+001 1.19259918e-007 1.43126233e-006 2.41150898e-006 2.68416242e-006 3.25851104e-006 3.41372188e-006 3.47500325e-006 3.67954152e-006 3.58514952e-006 
1.25000000e+000 4.82142857e+000 2.00000000e+001 5.65833455e-008 1.01109794e-006 1.90213169e-006 2.16717012e-006 2.74563502e-006 2.90903773e-006 2.97483982e-006 3.23099769e-006 3.22084653e-006 
1.25000000e+000 0.00000000e+000 2.00000000e+001 4.02677272e-008 8.79274700e-007 1.73600654e-006 1.99741065e-006 2.57523194e-006 2.74084787e-006 2.80795544e-006 3.08042385e-006 3.09817509e-006 
1.50000000e+000 3.50000000e+001 2.00000000e+001 1.51670148e-004 1.03701350e-004 6.60266492e-005 5.83091141e-005 4.46357872e-005 4.09966188e-005 3.95127726e-005 3.04668336e-005 2.18885622e-005 
1.50000000e+000 3.48214286e+001 2.00000000e+001 1.31669456e-004 9.48747384e-005 6.15437735e-005 5.45970935e-005 4.21795665e-005 3.88440207e-005 3.74798406e-005 2.90903031e-005 2.10381010e-005 
1.50000000e+000 3.42857143e+001 2.00000000e+001 9.66596994e-005 7.78647991e-005 5.25609457e-005 4.70833785e-005 3.71004304e-005 3.43638213e-005 3.32370281e-005 2.61681048e-005 1.91979724e-005 
1.50000000e+000 3.33928571e+001 2.00000000e+001 6.28240168e-005 5.90914225e-005 4.21355919e-005 3.82517575e-005 3.09707404e-005 2.89142079e-005 2.80589647e-005 2.25289662e-005 1.68561356e-005 
1.50000000e+000 3.21428571e+001 2.00000000e+001 3.67619054e-005 4.19944805e-005 3.20520379e-005 2.95823822e-005 2.47691011e-005 2.33516474e-005 2.27539270e-005 1.87171501e-005 1.43466067e-005 
1.50000000e+000 3.05357143e+001 2.00000000e+001 1.95874869e-005 2.82057446e-005 2.33255169e-005 2.19502904e-005 1.91169178e-005 1.82305696e-005 1.78492824e-005 1.51037965e-005 1.19065804e-005 
1.50000000e+000 2.85714286e+001 2.00000000e+001 9.57928392e-006 1.80237919e-005 1.63391764e-005 1.57206013e-005 1.43201774e-005 1.38354911e-005 1.36201890e-005 1.19011179e-005 9.68369274e-006 
1.50000000e+000 2.62500000e+001 2.00000000e+001 4.32614305e-006 1.10162923e-005 1.10718912e-005 1.09206209e-005 1.04597768e-005 1.02537164e-005 1.01556091e-005 9.19558456e-006 7.74788861e-006 
1.50000000e+000 2.35714286e+001 2.00000000e+001 1.81740311e-006 6.49935153e-006 7.33448946e-006 7.43892920e-006 7.53739527e-006 7.50989207e-006 7.48857487e-006 7.05438524e-006 6.17673524e-006 
1.50000000e+000 2.05357143e+001 2.00000000e+001 7.14094664e-007 3.71917453e-006 4.77213476e-006 4.99171508e-006 5.38085323e-006 5.45730063e-006 5.48216132e-006 5.39087972e-006 4.91918170e-006 
1.50000000e+000 1.71428571e+001 2.00000000e+001 2.64360273e-007 2.07896163e-006 3.06823088e-006 3.31817865e-006 3.82202706e-006 3.95005604e-006 3.99916544e-006 4.11393780e-006 3.91826880e-006 
1.50000000e+000 1.33928571e+001 2.00000000e+001 9.34667635e-008 1.15390906e-006 1.98131363e-006 2.22011159e-006 2.74139204e-006 2.88894794e-006 2.94846225e-006 3.17562716e-006 3.15715480e-006 
1.50000000e+000 9.28571429e+000 2.00000000e+001 3.27463741e-008 6.61038713e-007 1.33019994e-006 1.54516351e-006 2.04389090e-006 2.19486234e-006 2.25742976e-006 2.53947739e-006 2.62720792e-006 
1.50000000e+000 4.82142857e+000 2.00000000e+001 1.27333675e-008 4.23453554e-007 9.83312641e-007 1.17784753e-006 1.64878904e-006 1.79738700e-006 1.85993690e-006 2.16436629e-006 2.30794422e-006 
1.50000000e+000 0.00000000e+000 2.00000000e+001 8.07208256e-009 3.51906153e-007 8.72723801e-007 1.05948416e-006 1.51906348e-006 1.66625697e-006 1.72855117e-006 2.03914969e-006 2.20067602e-006 
1.75000000e+000 3.50000000e+001 2.00000000e+001 1.51083650e-004 1.03052283e-004 6.54946039e-005 5.78036533e-005 4.41789660e-005 4.05542706e-005 3.90766587e-005 3.00803637e-005 2.15685669e-005 
1.75000000e+000 3.48214286e+001 2.00000000e+001 1.28688246e-004 9.31562074e-005 6.04710059e-005 5.36450274e-005 4.14294685e-005 3.81454104e-005 3.68020411e-005 2.85418218e-005 2.06195533e-005 
1.75000000e+000 3.42857143e+001 2.00000000e+001 9.07271016e-005 7.45288487e-005 5.06097713e-005 4.53930218e-005 3.58479730e-005 3.32216706e-005 3.21390893e-005 2.53305550e-005 1.85987988e-005 
1.75000000e+000 3.33928571e+001 2.00000000e+001 5.57154572e-005 5.46017692e-005 3.94583633e-005 3.59305712e-005 2.92603328e-005 2.73602778e-005 2.65680079e-005 2.14088482e-005 1.60726590e-005 
1.75000000e+000 3.21428571e+001 2.00000000e+001 3.03423503e-005 3.71373066e-005 2.89990573e-005 2.69066827e-005 2.27615620e-005 2.15204339e-005 2.09943164e-005 1.73871468e-005 1.34156407e-005 
1.75000000e+000 3.05357143e+001 2.00000000e+001 1.48296534e-005 2.36798447e-005 2.02655657e-005 1.92239521e-005 1.70069343e-005 1.62899898e-005 1.59783860e-005 1.36643610e-005 1.08850332e-005 
1.75000000e+000 2.85714286e+001 2.00000000e+001 6.55962093e-006 1.42542534e-005 1.35532893e-005 1.31865203e-005 1.22783458e-005 1.19365444e-005 1.17810524e-005 1.04495467e-005 8.63038154e-006 
1.75000000e+000 2.62500000e+001 2.00000000e+001 2.64257818e-006 8.14527746e-006 8.71955887e-006 8.72841480e-006 8.60711763e-006 8.50751565e-006 8.45507031e-006 7.81088249e-006 6.71447028e-006 
1.75000000e+000 2.35714286e+001 2.00000000e+001 9.76436291e-007 4.45607865e-006 5.44959328e-006 5.63234718e-006 5.92362897e-006 5.96498998e-006 5.97438568e-006 5.77569396e-006 5.19037558e-006 
1.75000000e+000 2.05357143e+001 2.00000000e+001 3.32841996e-007 2.34539538e-006 3.32452872e-006 3.55990852e-006 4.02020785e-006 4.13198700e-006 4.17391681e-006 4.24071634e-006 3.99905711e-006 
1.75000000e+000 1.71428571e+001 2.00000000e+001 1.05420039e-007 1.19629513e-006 1.99266488e-006 2.21753705e-006 2.70444355e-006 2.84134093e-006 2.89646434e-006 3.10256331e-006 3.07780710e-006 
1.75000000e+000 1.33928571e+001 2.00000000e+001 3.14240851e-008 6.00691374e-007 1.19283412e-006 1.38371756e-006 1.83165687e-006 1.96937028e-006 2.02685657e-006 2.29358162e-006 2.39599683e-006 
1.75000000e+000 9.28571429e+000 2.00000000e+001 9.13050008e-009 3.08868613e-007 7.40072398e-007 8.96410202e-007 1.28975945e-006 1.41899422e-006 1.47426953e-006 1.75986283e-006 1.93101149e-006 
1.75000000e+000 4.82142857e+000 2.00000000e+001 2.90053329e-009 1.78353383e-007 5.10113467e-007 6.42104783e-007 9.92282271e-007 1.11271570e-006 1.16504842e-006 1.45185521e-006 1.65538603e-006 
1.75000000e+000 0.00000000e+000 2.00000000e+001 1.61878309e-009 1.40859582e-007 4.38767711e-007 5.62016563e-007 8.96096126e-007 1.01301533e-006 1.06411953e-006 1.34989324e-006 1.56319912e-006 
2.00000000e+000 3.50000000e+001 2.00000000e+001 1.50634515e-004 1.02558688e-004 6.50908905e-005 5.74203334e-005 4.38326393e-005 4.02187598e-005 3.87457694e-005 2.97859053e-005 2.13222313e-005 
2.00000000e+000 3.48214286e+001 2.00000000e+001 1.25950174e-004 9.16323407e-005 5.95448196e-005 5.28298575e-005 4.07991329e-005 3.75616270e-005 3.62369578e-005 2.80901884e-005 2.02774641e-005 
2.00000000e+000 3.42857143e+001 2.00000000e+001 8.53628192e-005 7.15118912e-005 4.88631192e-005 4.38863557e-005 3.47445353e-005 3.22195191e-005 3.11774485e-005 2.46049821e-005 1.80847699e-005 
2.00000000e+000 3.33928571e+001 2.00000000e+001 4.95851298e-005 5.06194384e-005 3.70775105e-005 3.38679416e-005 2.77465094e-005 2.59874338e-005 2.52519008e-005 2.04256468e-005 1.53887454e-005 
2.00000000e+000 3.21428571e+001 2.00000000e+001 2.51591769e-005 3.29787861e-005 2.63470186e-005 2.45768723e-005 2.10086697e-005 1.99210733e-005 1.94574245e-005 1.62258768e-005 1.26030667e-005 
2.00000000e+000 3.05357143e+001 2.00000000e+001 1.12902106e-005 1.99798508e-005 1.76948603e-005 1.69207384e-005 1.52073866e-005 1.46311062e-005 1.43776169e-005 1.24266965e-005 1.00022266e-005 
2.00000000e+000 2.85714286e+001 2.00000000e+001 4.52071138e-006 1.13385749e-005 1.13072493e-005 1.11249729e-005 1.05893567e-005 1.03587592e-005 1.02501888e-005 9.22865363e-006 7.73484607e-006 
2.00000000e+000 2.62500000e+001 2.00000000e+001 1.62571460e-006 6.06178484e-006 6.91167687e-006 7.02180914e-006 7.12907903e-006 7.10494893e-006 7.08535408e-006 6.67716691e-006 5.85385400e-006 
2.00000000e+000 2.35714286e+001 2.00000000e+001 5.28735631e-007 3.07751072e-006 4.07871015e-006 4.29571338e-006 4.68916591e-006 4.77202637e-006 4.80054868e-006 4.76120329e-006 4.38874850e-006 
2.00000000e+000 2.05357143e+001 2.00000000e+001 1.56471215e-007 1.49119372e-006 2.33493699e-006 2.55936774e-006 3.02716054e-006 3.15260255e-006 3.20210064e-006 3.35948862e-006 3.27112027e-006 
2.00000000e+000 1.71428571e+001 2.00000000e+001 4.24289037e-008 6.94644886e-007 1.30556015e-006 1.49479519e-006 1.92902619e-006 2.05972214e-006 2.11388138e-006 2.35573355e-006 2.43134729e-006 
2.00000000e+000 1.33928571e+001 2.00000000e+001 1.06720011e-008 3.15798845e-007 7.24576647e-007 8.69805188e-007 1.23295383e-006 1.35200388e-006 1.40294224e-006 1.66614519e-006 1.82667826e-006 
2.00000000e+000 9.28571429e+000 2.00000000e+001 2.57497739e-009 1.45708723e-007 4.14851815e-007 5.23630390e-007 8.18353549e-007 9.22046683e-007 9.67524361e-007 1.22429449e-006 1.42336641e-006 
2.00000000e+000 4.82142857e+000 2.00000000e+001 6.67585248e-010 7.55181744e-008 2.65521497e-007 3.51069438e-007 5.98447920e-007 6.90168814e-007 7.31106864e-007 9.75220798e-007 1.18846422e-006 
2.00000000e+000 0.00000000e+000 2.00000000e+001 3.24762124e-010 5.63901233e-008 2.20609812e-007 2.98147559e-007 5.28630676e-007 6.15895492e-007 6.55110749e-007 8.93637552e-007 1.11040274e-006 
2.25000000e+000 3.50000000e+001 2.00000000e+001 1.50277753e-004 1.02169775e-004 6.47734717e-005 5.71191414e-005 4.35608400e-005 3.99554872e-005 3.84861233e-005 2.95545465e-005 2.11276267e-005 
2.25000000e+000 3.48214286e+001 2.00000000e+001 1.23397537e-004 9.02476651e-005 5.87209811e-005 5.21097894e-005 4.02514655e-005 3.70570989e-005 3.57496972e-005 2.77059080e-005 1.99895803e-005 
2.25000000e+000 3.42857143e+001 2.00000000e+001 8.04656147e-005 6.87432180e-005 4.72697864e-005 4.25159712e-005 3.37495299e-005 3.13187978e-005 3.03144085e-005 2.39601243e-005 1.76326665e-005 
2.25000000e+000 3.33928571e+001 2.00000000e+001 4.42520680e-005 4.70457399e-005 3.49292793e-005 3.20064110e-005 2.63825139e-005 2.47518345e-005 2.40680227e-005 1.95450278e-005 1.47795092e-005 
2.25000000e+000 3.21428571e+001 2.00000000e+001 2.09375434e-005 2.93802782e-005 2.40137075e-005 2.25206593e-005 1.94545373e-005 1.85019234e-005 1.80933484e-005 1.51944774e-005 1.18815576e-005 
2.25000000e+000 3.05357143e+001 2.00000000e+001 8.63350493e-006 1.69235737e-005 1.55090808e-005 1.49502916e-005 1.36509676e-005 1.31924638e-005 1.29878928e-005 1.13461804e-005 9.22771916e-006 
2.25000000e+000 2.85714286e+001 2.00000000e+001 3.13133897e-006 9.05991291e-006 9.47503222e-006 9.42717236e-006 9.17348541e-006 9.02984961e-006 8.95832403e-006 8.18723551e-006 6.96301958e-006 
2.25000000e+000 2.62500000e+001 2.00000000e+001 1.00575915e-006 4.53397317e-006 5.50586450e-006 5.67702254e-006 5.93454666e-006 5.96352001e-006 5.96747694e-006 5.73663417e-006 5.12820954e-006 
2.25000000e+000 2.35714286e+001 2.00000000e+001 2.88074592e-007 2.13737927e-006 3.06974677e-006 3.29464013e-006 3.73282989e-006 3.83907291e-006 3.87895933e-006 3.94639091e-006 3.72997335e-006 
2.25000000e+000 2.05357143e+001 2.00000000e+001 7.40507649e-008 9.54049889e-007 1.65019834e-006 1.85157080e-006 2.29350756e-006 2.42008786e-006 2.47151775e-006 2.67677842e-006 2.68966408e-006 
2.25000000e+000 1.71428571e+001 2.00000000e+001 1.71992457e-008 4.06161190e-007 8.61280633e-007 1.01449160e-006 1.38492145e-006 1.50265069e-006 1.55248250e-006 1.79898690e-006 1.93020138e-006 
2.25000000e+000 1.33928571e+001 2.00000000e+001 3.65245899e-009 1.67300835e-007 4.43338505e-007 5.50610238e-007 8.35213466e-007 9.33816276e-007 9.76871605e-007 1.21657647e-006 1.39843931e-006 
2.25000000e+000 9.28571429e+000 2.00000000e+001 7.32544348e-010 6.92842756e-008 2.34071452e-007 3.07733917e-007 5.21832900e-007 6.01913175e-007 6.37810854e-007 8.54779590e-007 1.05202702e-006 
2.25000000e+000 4.82142857e+000 2.00000000e+001 1.55003685e-010 3.21326408e-008 1.38650332e-007 1.92485183e-007 3.61667817e-007 4.28875820e-007 4.59607869e-007 6.55930053e-007 8.54042493e-007 
2.25000000e+000 0.00000000e+000 2.00000000e+001 6.51800544e-011 2.25775423e-008 1.10929553e-007 1.58176098e-007 3.11866829e-007 3.74468241e-007 4.03325006e-007 5.91609395e-007 7.88777972e-007 
2.50000000e+000 3.50000000e+001 2.00000000e+001 1.49986163e-004 1.01854777e-004 6.45169296e-005 5.68758584e-005 4.33415913e-005 3.97431909e-005 3.82767771e-005 2.93680253e-005 2.09703498e-005 
2.50000000e+000 3.48214286e+001 2.00000000e+001 1.20993166e-004 8.89677549e-005 5.79723638e-005 5.14592187e-005 3.97636124e-005 3.66098062e-005 3.53186049e-005 2.73702580e-005 1.97412359e-005 
2.50000000e+000 3.42857143e+001 2.00000000e+001 7.59637792e-005 6.61763698e-005 4.57971653e-005 4.12518529e-005 3.28373557e-005 3.04951249e-005 2.95261032e-005 2.33758492e-005 1.72270316e-005 
2.50000000e+000 3.33928571e+001 2.00000000e+001 3.95823070e-005 4.38119802e-005 3.29711027e-005 3.03079967e-005 2.51378525e-005 2.36249100e-005 2.29885929e-005 1.87443891e-005 1.42281211e-005 
2.50000000e+000 3.21428571e+001 2.00000000e+001 1.74762378e-005 2.62420970e-005 2.19420507e-005 2.06883799e-005 1.80614411e-005 1.72282209e-005 1.68685172e-005 1.42666973e-005 1.12322659e-005 
2.50000000e+000 3.05357143e+001 2.00000000e+001 6.62571803e-006 1.43796609e-005 1.36343668e-005 1.32491159e-005 1.22910637e-005 1.19316177e-005 1.17684378e-005 1.03919510e-005 8.54009203e-006 
2.50000000e+000 2.85714286e+001 2.00000000e+001 2.17790385e-006 7.26536542e-006 7.96749907e-006 8.01637527e-006 7.97484264e-006 7.89918800e-006 7.85694495e-006 7.28927358e-006 6.29052411e-006 
2.50000000e+000 2.62500000e+001 2.00000000e+001 6.25057715e-007 3.40492149e-006 4.40324824e-006 4.60783627e-006 4.95974759e-006 5.02537282e-006 5.04598837e-006 4.94828689e-006 4.51015029e-006 
2.50000000e+000 2.35714286e+001 2.00000000e+001 1.57738169e-007 1.49109974e-006 2.32057429e-006 2.53802991e-006 2.98476768e-006 3.10228927e-006 3.14827250e-006 3.28548564e-006 3.18353566e-006 
2.50000000e+000 2.05357143e+001 2.00000000e+001 3.52340805e-008 6.13429927e-007 1.17204612e-006 1.34616616e-006 1.74627351e-006 1.86694510e-006 1.91701454e-006 2.14298223e-006 2.22134825e-006 
2.50000000e+000 1.71428571e+001 2.00000000e+001 7.01216206e-009 2.38787008e-007 5.71307509e-007 6.92285523e-007 9.99601580e-007 1.10201932e-006 1.14613999e-006 1.38053900e-006 1.53898737e-006 
2.50000000e+000 1.33928571e+001 2.00000000e+001 1.25775246e-009 8.91712868e-008 2.72870748e-007 3.50578400e-007 5.68833116e-007 6.48343088e-007 6.83690295e-007 8.92347676e-007 1.07463638e-006 
2.50000000e+000 9.28571429e+000 2.00000000e+001 2.09831670e-010 3.31609731e-008 1.32819831e-007 1.81818352e-007 3.34248365e-007 3.94585806e-007 4.22178821e-007 5.98788892e-007 7.79564052e-007 
2.50000000e+000 4.82142857e+000 2.00000000e+001 3.62574065e-011 1.37340583e-008 7.26205001e-008 1.05819029e-007 2.19005843e-007 2.66985871e-007 2.89428419e-007 4.41747502e-007 6.14288900e-007 
2.50000000e+000 0.00000000e+000 2.00000000e+001 1.30868644e-011 9.04080513e-009 5.57830057e-008 8.39223960e-008 1.83994587e-007 2.27687867e-007 2.48319983e-007 3.91670053e-007 5.60321187e-007 
END