TITLE="2RS_E_WD140.dat"
VARIABLES= "Density" "Radius" "Height" "0.1053" "0.356" "0.6617" "0.7889" "1.1732" "1.3325" "1.408" "2" "3" 
ZONE T="3D Data" I=11 J=15 K=3 F=POINT
0.00000000e+000 3.50000000e+001 0.00000000e+000 2.46722811e-004 1.66557789e-004 1.06282026e-004 9.40313937e-005 7.23236737e-005 6.65035745e-005 6.41192851e-005 4.93948583e-005 3.51115622e-005 
0.00000000e+000 3.48214286e+001 0.00000000e+000 2.45885722e-004 1.66005842e-004 1.05944152e-004 9.37376266e-005 7.21073479e-005 6.63071993e-005 6.39309202e-005 4.92533260e-005 3.50122375e-005 
0.00000000e+000 3.42857143e+001 0.00000000e+000 2.42932075e-004 1.64032501e-004 1.04723600e-004 9.26737068e-005 7.13196264e-005 6.55910408e-005 6.32435566e-005 4.87352246e-005 3.46473763e-005 
0.00000000e+000 3.33928571e+001 0.00000000e+000 2.38415795e-004 1.61038182e-004 1.02889066e-004 9.10799632e-005 7.01468196e-005 6.45260637e-005 6.22218072e-005 4.79659554e-005 3.41054911e-005 
0.00000000e+000 3.21428571e+001 0.00000000e+000 2.33478586e-004 1.57746212e-004 1.00921531e-004 8.93850386e-005 6.89163018e-005 6.34110790e-005 6.11527440e-005 4.71617824e-005 3.35386747e-005 
0.00000000e+000 3.05357143e+001 0.00000000e+000 2.29690916e-004 1.55262044e-004 9.95166799e-005 8.81879499e-005 6.80512187e-005 6.26241591e-005 6.03965398e-005 4.65831206e-005 3.31263106e-005 
0.00000000e+000 2.85714286e+001 0.00000000e+000 2.29268070e-004 1.54866213e-004 9.92781426e-005 8.79681473e-005 6.78443331e-005 6.24182531e-005 6.01912071e-005 4.63940793e-005 3.29824510e-005 
0.00000000e+000 2.62500000e+001 0.00000000e+000 2.31392647e-004 1.56292592e-004 1.00074565e-004 8.86185909e-005 6.82305794e-005 6.27389996e-005 6.04866481e-005 4.65672942e-005 3.30960443e-005 
0.00000000e+000 2.35714286e+001 0.00000000e+000 2.33198831e-004 1.57668840e-004 1.00821345e-004 8.92161789e-005 6.85641824e-005 6.30097915e-005 6.07336081e-005 4.67045474e-005 3.31875372e-005 
0.00000000e+000 2.05357143e+001 0.00000000e+000 2.32432553e-004 1.57274785e-004 1.00459417e-004 8.88458299e-005 6.81861808e-005 6.26377456e-005 6.03656205e-005 4.63890467e-005 3.29628195e-005 
0.00000000e+000 1.71428571e+001 0.00000000e+000 2.25063206e-004 1.52376708e-004 9.73232294e-005 8.60700150e-005 6.60626899e-005 6.06930070e-005 5.84944298e-005 4.49688650e-005 3.19664572e-005 
0.00000000e+000 1.33928571e+001 0.00000000e+000 2.04421928e-004 1.38762148e-004 8.89280216e-005 7.87533668e-005 6.06693863e-005 5.58077538e-005 5.38146975e-005 4.14919367e-005 2.95386624e-005 
0.00000000e+000 9.28571429e+000 0.00000000e+000 1.71395786e-004 1.16926430e-004 7.55776139e-005 6.71775891e-005 5.22594145e-005 4.82251419e-005 4.65647419e-005 3.61547552e-005 2.58210504e-005 
0.00000000e+000 4.82142857e+000 0.00000000e+000 1.34690908e-004 9.22622144e-005 6.07826676e-005 5.44775420e-005 4.32369696e-005 4.01369860e-005 3.88481918e-005 3.05239852e-005 2.18960470e-005 
0.00000000e+000 0.00000000e+000 0.00000000e+000 1.20262705e-004 8.18488351e-005 5.47533584e-005 4.93544678e-005 3.96506576e-005 3.69281715e-005 3.57880489e-005 2.82844792e-005 2.03128490e-005 
2.50000000e-001 3.50000000e+001 0.00000000e+000 1.85027287e-004 1.33743169e-004 8.84796474e-005 7.90609607e-005 6.21303057e-005 5.75077789e-005 5.56012386e-005 4.35662919e-005 3.15208887e-005 
2.50000000e-001 3.48214286e+001 0.00000000e+000 1.80202408e-004 1.31565564e-004 8.73506679e-005 7.81199630e-005 6.14973094e-005 5.69495833e-005 5.50725657e-005 4.32008671e-005 3.12889086e-005 
2.50000000e-001 3.42857143e+001 0.00000000e+000 1.69324192e-004 1.26350340e-004 8.45435220e-005 7.57550047e-005 5.98671591e-005 5.55005999e-005 5.36954532e-005 4.22273352e-005 3.06538077e-005 
2.50000000e-001 3.33928571e+001 0.00000000e+000 1.55086890e-004 1.19236281e-004 8.06597391e-005 7.24727790e-005 5.75898914e-005 5.34721465e-005 5.17658356e-005 4.08550749e-005 2.97525886e-005 
2.50000000e-001 3.21428571e+001 0.00000000e+000 1.39619779e-004 1.11338559e-004 7.63580562e-005 6.88439536e-005 5.50806611e-005 5.12386463e-005 4.96417024e-005 3.93464941e-005 2.87644478e-005 
2.50000000e-001 3.05357143e+001 0.00000000e+000 1.24500531e-004 1.03732275e-004 7.23060448e-005 6.54447945e-005 5.27516513e-005 4.91700970e-005 4.76762233e-005 3.79595092e-005 2.78676845e-005 
2.50000000e-001 2.85714286e+001 0.00000000e+000 1.11152365e-004 9.73819432e-005 6.90072834e-005 6.26880898e-005 5.08728031e-005 4.75042264e-005 4.60947864e-005 3.68551510e-005 2.71755813e-005 
2.50000000e-001 2.62500000e+001 0.00000000e+000 9.90363177e-005 9.19971279e-005 6.63155262e-005 6.04560313e-005 4.93742438e-005 4.61827578e-005 4.48436362e-005 3.60028515e-005 2.66732354e-005 
2.50000000e-001 2.35714286e+001 0.00000000e+000 8.73694961e-005 8.65804257e-005 6.35565903e-005 5.81563501e-005 4.78151558e-005 4.48048296e-005 4.35379463e-005 3.51097819e-005 2.61436231e-005 
2.50000000e-001 2.05357143e+001 0.00000000e+000 7.61093197e-005 8.06104415e-005 6.02880773e-005 5.53798432e-005 4.58593967e-005 4.30564580e-005 4.18729858e-005 3.39297788e-005 2.53953904e-005 
2.50000000e-001 1.71428571e+001 0.00000000e+000 6.47504214e-005 7.31930658e-005 5.57759754e-005 5.14491246e-005 4.29520450e-005 4.04199148e-005 3.93466052e-005 3.20601970e-005 2.41218967e-005 
2.50000000e-001 1.33928571e+001 0.00000000e+000 5.25196117e-005 6.30161356e-005 4.89732191e-005 4.54000939e-005 3.83060553e-005 3.61618099e-005 3.52478845e-005 2.89331282e-005 2.18929000e-005 
2.50000000e-001 9.28571429e+000 0.00000000e+000 4.01353832e-005 5.07397912e-005 4.03022005e-005 3.76101481e-005 3.22250232e-005 3.05654045e-005 2.98514650e-005 2.47650494e-005 1.88623694e-005 
2.50000000e-001 4.82142857e+000 0.00000000e+000 2.96203880e-005 3.88486569e-005 3.17312951e-005 2.99169146e-005 2.62489463e-005 2.50709681e-005 2.45544642e-005 2.06632956e-005 1.58432582e-005 
2.50000000e-001 0.00000000e+000 0.00000000e+000 2.58426893e-005 3.40971606e-005 2.83700252e-005 2.69193635e-005 2.39392155e-005 2.29478462e-005 2.25070815e-005 1.90674557e-005 1.46481559e-005 
5.00000000e-001 3.50000000e+001 0.00000000e+000 1.74151450e-004 1.23217748e-004 8.11903330e-005 7.25442659e-005 5.70990125e-005 5.29012985e-005 5.11717157e-005 4.02467095e-005 2.92817170e-005 
5.00000000e-001 3.48214286e+001 0.00000000e+000 1.66010836e-004 1.19621255e-004 7.93529638e-005 7.10196657e-005 5.60846103e-005 5.20103804e-005 5.03294935e-005 3.96725724e-005 2.89246093e-005 
5.00000000e-001 3.42857143e+001 0.00000000e+000 1.49129313e-004 1.11694713e-004 7.51623130e-005 6.75082127e-005 5.36959184e-005 4.98973822e-005 4.83257522e-005 3.82788417e-005 2.80363459e-005 
5.00000000e-001 3.33928571e+001 0.00000000e+000 1.28448093e-004 1.01409077e-004 6.96002794e-005 6.28215868e-005 5.04705514e-005 4.70342674e-005 4.56066474e-005 3.63704288e-005 2.68086254e-005 
5.00000000e-001 3.21428571e+001 0.00000000e+000 1.07125234e-004 9.02772012e-005 6.35075587e-005 5.76764310e-005 4.69144253e-005 4.38736748e-005 4.26035267e-005 3.42573581e-005 2.54484662e-005 
5.00000000e-001 3.05357143e+001 0.00000000e+000 8.70636383e-005 7.94549852e-005 5.75748680e-005 5.26666014e-005 4.34515492e-005 4.07963310e-005 3.96798425e-005 3.22048437e-005 2.41380452e-005 
5.00000000e-001 2.85714286e+001 0.00000000e+000 6.94027336e-005 6.97279852e-005 5.22419103e-005 4.81613436e-005 4.03364147e-005 3.80295792e-005 3.70523418e-005 3.03717071e-005 2.29898240e-005 
5.00000000e-001 2.62500000e+001 0.00000000e+000 5.41065774e-005 6.09612759e-005 4.74257437e-005 4.40926471e-005 3.75282730e-005 3.55394155e-005 3.46896377e-005 2.87396231e-005 2.19935509e-005 
5.00000000e-001 2.35714286e+001 0.00000000e+000 4.10488613e-005 5.27013777e-005 4.27471483e-005 4.01128824e-005 3.47461329e-005 3.30640688e-005 3.23378405e-005 2.71027725e-005 2.09857189e-005 
5.00000000e-001 2.05357143e+001 0.00000000e+000 3.03560765e-005 4.49205589e-005 3.80887705e-005 3.60939452e-005 3.18524149e-005 3.04660652e-005 2.98598371e-005 2.53320674e-005 1.98504491e-005 
5.00000000e-001 1.71428571e+001 0.00000000e+000 2.18086436e-005 3.74092971e-005 3.31804709e-005 3.17613888e-005 2.85781917e-005 2.74819998e-005 2.69950014e-005 2.31934317e-005 1.83894635e-005 
5.00000000e-001 1.33928571e+001 0.00000000e+000 1.50753782e-005 2.98111502e-005 2.76280211e-005 2.67210919e-005 2.45456402e-005 2.37436412e-005 2.33797001e-005 2.03635533e-005 1.63312126e-005 
5.00000000e-001 9.28571429e+000 0.00000000e+000 1.00048113e-005 2.25013210e-005 2.17637833e-005 2.12851279e-005 2.00233042e-005 1.95051493e-005 1.92617576e-005 1.70442392e-005 1.38244569e-005 
5.00000000e-001 4.82142857e+000 0.00000000e+000 6.64798433e-006 1.64684544e-005 1.66290157e-005 1.64832084e-005 1.59721839e-005 1.56922273e-005 1.55501258e-005 1.40078180e-005 1.14748004e-005 
5.00000000e-001 0.00000000e+000 0.00000000e+000 5.55322649e-006 1.42044439e-005 1.46997129e-005 1.46826095e-005 1.44533838e-005 1.42602175e-005 1.41546923e-005 1.28539725e-005 1.05631904e-005 
7.50000000e-001 3.50000000e+001 0.00000000e+000 1.70348377e-004 1.18904511e-004 7.77809993e-005 6.93734870e-005 5.44241986e-005 5.03834943e-005 4.87218073e-005 3.82726914e-005 2.78447412e-005 
7.50000000e-001 3.48214286e+001 0.00000000e+000 1.59242332e-004 1.14023201e-004 7.52957104e-005 6.73133088e-005 5.30568617e-005 4.91838197e-005 4.75882599e-005 3.75030800e-005 2.73693797e-005 
7.50000000e-001 3.42857143e+001 0.00000000e+000 1.37380887e-004 1.03757580e-004 6.98844130e-005 6.27836018e-005 4.99842748e-005 4.64692841e-005 4.50156830e-005 3.57230144e-005 2.62451456e-005 
7.50000000e-001 3.33928571e+001 0.00000000e+000 1.11949409e-004 9.09368578e-005 6.29280977e-005 5.69175107e-005 4.59434846e-005 4.28830071e-005 4.16104086e-005 3.33396265e-005 2.47223505e-005 
7.50000000e-001 3.21428571e+001 0.00000000e+000 8.70808826e-005 7.74750532e-005 5.54548242e-005 5.05827339e-005 4.15349397e-005 3.89591330e-005 3.78802278e-005 3.07124389e-005 2.30367729e-005 
7.50000000e-001 3.05357143e+001 0.00000000e+000 6.49797816e-005 6.46514141e-005 4.82058909e-005 4.44135844e-005 3.72087482e-005 3.51012082e-005 3.42101091e-005 2.81207315e-005 2.13781055e-005 
7.50000000e-001 2.85714286e+001 0.00000000e+000 4.66382439e-005 5.31748427e-005 4.15936681e-005 3.87616243e-005 3.32150992e-005 3.15345558e-005 3.08155307e-005 2.57242804e-005 1.98591817e-005 
7.50000000e-001 2.62500000e+001 0.00000000e+000 3.21081986e-005 4.30652603e-005 3.56156688e-005 3.36246832e-005 2.95544548e-005 2.82602750e-005 2.76977868e-005 2.35243059e-005 1.84791630e-005 
7.50000000e-001 2.35714286e+001 0.00000000e+000 2.11254649e-005 3.41475030e-005 3.00851549e-005 2.88219136e-005 2.60636472e-005 2.51212969e-005 2.47024010e-005 2.13843763e-005 1.71192797e-005 
7.50000000e-001 2.05357143e+001 0.00000000e+000 1.33235855e-005 2.65049268e-005 2.50285878e-005 2.43619017e-005 2.27181982e-005 2.20848173e-005 2.17932886e-005 1.92526769e-005 1.57178389e-005 
7.50000000e-001 1.71428571e+001 0.00000000e+000 8.05756536e-006 2.00514237e-005 2.03602137e-005 2.01493183e-005 1.94025623e-005 1.90304727e-005 1.88482958e-005 1.70025752e-005 1.41525425e-005 
7.50000000e-001 1.33928571e+001 0.00000000e+000 4.67648754e-006 1.45983149e-005 1.59246917e-005 1.60240530e-005 1.59435127e-005 1.57820543e-005 1.56901815e-005 1.44577999e-005 1.22576048e-005 
7.50000000e-001 9.28571429e+000 0.00000000e+000 2.62570401e-006 1.01792533e-005 1.18933194e-005 1.21702968e-005 1.25331339e-005 1.25291346e-005 1.25068140e-005 1.17847487e-005 1.01647442e-005 
7.50000000e-001 4.82142857e+000 0.00000000e+000 1.52090049e-006 7.02717839e-006 8.74758881e-006 9.11111031e-006 9.74094516e-006 9.84182881e-006 9.86671300e-006 9.50930737e-006 8.31888113e-006 
7.50000000e-001 0.00000000e+000 0.00000000e+000 1.19331201e-006 5.91739499e-006 7.61654753e-006 8.00832808e-006 8.72628231e-006 8.86156560e-006 8.90188061e-006 8.66526904e-006 7.61740958e-006 
1.00000000e+000 3.50000000e+001 0.00000000e+000 1.68404262e-004 1.16685292e-004 7.59469496e-005 6.76349249e-005 5.28807633e-005 4.89041624e-005 4.72708204e-005 3.70409772e-005 2.68927295e-005 
1.00000000e+000 3.48214286e+001 0.00000000e+000 1.54557489e-004 1.10607832e-004 7.28563055e-005 6.50737145e-005 5.11820758e-005 4.74142163e-005 4.58632173e-005 3.60866652e-005 2.63049870e-005 
1.00000000e+000 3.42857143e+001 0.00000000e+000 1.28383781e-004 9.82578955e-005 6.63438584e-005 5.96220777e-005 4.74848534e-005 4.41486385e-005 4.27688762e-005 3.39491959e-005 2.49602338e-005 
1.00000000e+000 3.33928571e+001 0.00000000e+000 9.92810222e-005 8.33286491e-005 5.81974262e-005 5.27421010e-005 4.27318636e-005 3.99274997e-005 3.87598784e-005 3.11419889e-005 2.31699570e-005 
1.00000000e+000 3.21428571e+001 0.00000000e+000 7.22505968e-005 6.81279730e-005 4.96348719e-005 4.54556143e-005 3.76211019e-005 3.53692128e-005 3.44230978e-005 2.80758311e-005 2.11996468e-005 
1.00000000e+000 3.05357143e+001 0.00000000e+000 4.96563321e-005 5.40636580e-005 4.14607183e-005 3.84490915e-005 3.26373035e-005 3.09076350e-005 3.01720819e-005 2.50486765e-005 1.92491756e-005 
1.00000000e+000 2.85714286e+001 0.00000000e+000 3.22285784e-005 4.18098507e-005 3.40825935e-005 3.20738362e-005 2.80354074e-005 2.67732943e-005 2.62275825e-005 2.22246253e-005 1.74333232e-005 
1.00000000e+000 2.62500000e+001 0.00000000e+000 1.97070645e-005 3.14715426e-005 2.75654835e-005 2.63865022e-005 2.38567986e-005 2.30031347e-005 2.26246583e-005 1.96266518e-005 1.57629257e-005 
1.00000000e+000 2.35714286e+001 0.00000000e+000 1.13220881e-005 2.29501943e-005 2.18290044e-005 2.13063038e-005 2.00188528e-005 1.95139788e-005 1.92798913e-005 1.71714983e-005 1.41557013e-005 
1.00000000e+000 2.05357143e+001 0.00000000e+000 6.13341344e-006 1.62350165e-005 1.69290054e-005 1.68841665e-005 1.65505146e-005 1.63265669e-005 1.62104621e-005 1.48547274e-005 1.25874056e-005 
1.00000000e+000 1.71428571e+001 0.00000000e+000 3.13843291e-006 1.11290564e-005 1.28086145e-005 1.30718767e-005 1.34024018e-005 1.33881810e-005 1.33620147e-005 1.26122375e-005 1.09863687e-005 
1.00000000e+000 1.33928571e+001 0.00000000e+000 1.52711530e-006 7.35254443e-006 9.35187546e-006 9.76895243e-006 1.04842916e-005 1.06079714e-005 1.06431073e-005 1.03485454e-005 9.25379461e-006 
1.00000000e+000 9.28571429e+000 0.00000000e+000 7.17323881e-007 4.68780681e-006 6.57160467e-006 7.02585314e-006 7.89966189e-006 8.09871020e-006 8.16955678e-006 8.18458419e-006 7.49727091e-006 
1.00000000e+000 4.82142857e+000 0.00000000e+000 3.54095201e-007 3.01761129e-006 4.61867455e-006 5.05217435e-006 5.95398558e-006 6.18490322e-006 6.27242345e-006 6.46440461e-006 6.03671335e-006 
1.00000000e+000 0.00000000e+000 0.00000000e+000 2.56426895e-007 2.46511504e-006 3.94645936e-006 4.36797970e-006 5.26852547e-006 5.50674359e-006 5.59839046e-006 5.84153250e-006 5.49312585e-006 
1.25000000e+000 3.50000000e+001 0.00000000e+000 1.67218395e-004 1.15338133e-004 7.48295227e-005 6.65698078e-005 5.19143228e-005 4.79688875e-005 4.63493059e-005 3.62325891e-005 2.62401695e-005 
1.25000000e+000 3.48214286e+001 0.00000000e+000 1.50798635e-004 1.08129225e-004 7.11649128e-005 6.35332533e-005 4.99007742e-005 4.62029433e-005 4.46810475e-005 3.51022186e-005 2.55449489e-005 
1.25000000e+000 3.42857143e+001 0.00000000e+000 1.20814626e-004 9.38846397e-005 6.36416938e-005 5.72332351e-005 4.56255057e-005 4.24264712e-005 4.11025579e-005 3.26312750e-005 2.39929979e-005 
1.25000000e+000 3.33928571e+001 0.00000000e+000 8.88317071e-005 7.71595883e-005 5.44574808e-005 4.94641654e-005 4.02404894e-005 3.76398362e-005 3.65549345e-005 2.94420434e-005 2.19587113e-005 
1.25000000e+000 3.21428571e+001 0.00000000e+000 6.05857519e-005 6.06396145e-005 4.50189391e-005 4.14025141e-005 3.45430365e-005 3.25475211e-005 3.17059174e-005 2.59979727e-005 1.97381317e-005 
1.25000000e+000 3.05357143e+001 0.00000000e+000 3.84139099e-005 4.58445543e-005 3.61966277e-005 3.37909758e-005 2.90568694e-005 2.76177980e-005 2.70016041e-005 2.26186432e-005 1.75432095e-005 
1.25000000e+000 2.85714286e+001 0.00000000e+000 2.25989589e-005 3.34112673e-005 2.84014283e-005 2.69879701e-005 2.40467829e-005 2.30908001e-005 2.26721346e-005 1.94750492e-005 1.54921274e-005 
1.25000000e+000 2.62500000e+001 0.00000000e+000 1.23144633e-005 2.34406971e-005 2.17385748e-005 2.10902199e-005 1.95876664e-005 1.90340619e-005 1.87818601e-005 1.66108350e-005 1.36079326e-005 
1.25000000e+000 2.35714286e+001 0.00000000e+000 6.20343636e-006 1.57681142e-005 1.61642149e-005 1.60615400e-005 1.56450713e-005 1.54112435e-005 1.52934109e-005 1.39812523e-005 1.18371982e-005 
1.25000000e+000 2.05357143e+001 0.00000000e+000 2.90059413e-006 1.01911225e-005 1.16926706e-005 1.19340490e-005 1.22595375e-005 1.22600538e-005 1.22427735e-005 1.16066225e-005 1.01798824e-005 
1.25000000e+000 1.71428571e+001 0.00000000e+000 1.26193315e-006 6.33431563e-006 8.21756961e-006 8.63445327e-006 9.39303255e-006 9.54632007e-006 9.59669880e-006 9.45325199e-006 8.59547567e-006 
1.25000000e+000 1.33928571e+001 0.00000000e+000 5.15892932e-007 3.78690376e-006 5.58002276e-006 6.04118391e-006 6.97055271e-006 7.20229488e-006 7.28974124e-006 7.46291561e-006 7.02435722e-006 
1.25000000e+000 9.28571429e+000 0.00000000e+000 2.02009065e-007 2.19292410e-006 3.66810821e-006 4.09223713e-006 5.01196315e-006 5.26609769e-006 5.36683029e-006 5.70857029e-006 5.54658515e-006 
1.25000000e+000 4.82142857e+000 0.00000000e+000 8.37430767e-008 1.30371534e-006 2.44742985e-006 2.81015415e-006 3.64726246e-006 3.89441082e-006 3.99493385e-006 4.40050040e-006 4.38478409e-006 
1.25000000e+000 0.00000000e+000 0.00000000e+000 5.51028520e-008 1.02693778e-006 2.04483036e-006 2.38242651e-006 3.18089263e-006 3.42199479e-006 3.52082704e-006 3.93796276e-006 3.96124619e-006 
1.50000000e+000 3.50000000e+001 0.00000000e+000 1.66421009e-004 1.14428661e-004 7.40794180e-005 6.58551522e-005 5.12627638e-005 4.73359871e-005 4.57244898e-005 3.56749015e-005 2.57769909e-005 
1.50000000e+000 3.48214286e+001 0.00000000e+000 1.47563039e-004 1.06139405e-004 6.98654068e-005 6.23633581e-005 4.89473573e-005 4.53053543e-005 4.38062188e-005 3.43754694e-005 2.49783754e-005 
1.50000000e+000 3.42857143e+001 0.00000000e+000 1.14172170e-004 9.01518211e-005 6.14033627e-005 5.52735820e-005 4.41315374e-005 4.10504677e-005 3.97740906e-005 3.15908569e-005 2.32305804e-005 
1.50000000e+000 3.33928571e+001 0.00000000e+000 7.99263292e-005 7.18776425e-005 5.13013291e-005 4.67138743e-005 3.81784359e-005 3.57539632e-005 3.47401851e-005 2.80539009e-005 2.09721105e-005 
1.50000000e+000 3.21428571e+001 0.00000000e+000 5.11469734e-005 5.43577218e-005 4.11509116e-005 3.80135961e-005 3.19852030e-005 3.02071908e-005 2.94539814e-005 2.42816598e-005 1.85302329e-005 
1.50000000e+000 3.05357143e+001 0.00000000e+000 2.99487007e-005 3.91946005e-005 3.18848757e-005 2.99704005e-005 2.61158269e-005 2.49143932e-005 2.43957561e-005 2.06169894e-005 1.61302510e-005 
1.50000000e+000 2.85714286e+001 0.00000000e+000 1.59950610e-005 2.69594636e-005 2.39141269e-005 2.29488605e-005 2.08461176e-005 2.01266811e-005 1.98064621e-005 1.72391828e-005 1.38948386e-005 
1.50000000e+000 2.62500000e+001 0.00000000e+000 7.78384331e-006 1.76644258e-005 1.73517698e-005 1.70619545e-005 1.62731751e-005 1.59334977e-005 1.57720339e-005 1.42093525e-005 1.18585848e-005 
1.50000000e+000 2.35714286e+001 0.00000000e+000 3.44728484e-006 1.09872454e-005 1.21362858e-005 1.22735670e-005 1.23832090e-005 1.23220126e-005 1.22794606e-005 1.15081483e-005 9.98991561e-006 
1.50000000e+000 2.05357143e+001 0.00000000e+000 1.39568646e-006 6.50393345e-006 8.19951710e-006 8.55912109e-006 9.19944926e-006 9.32096203e-006 9.35884363e-006 9.16352703e-006 8.30247117e-006 
1.50000000e+000 1.71428571e+001 0.00000000e+000 5.18055711e-007 3.67165622e-006 5.35351164e-006 5.78577137e-006 6.66287393e-006 6.88434933e-006 6.96862176e-006 7.14989467e-006 6.77222941e-006 
1.50000000e+000 1.33928571e+001 0.00000000e+000 1.78358351e-007 1.98504101e-006 3.37431413e-006 3.78177594e-006 4.67961069e-006 4.93404272e-006 5.03633841e-006 5.41888212e-006 5.35927619e-006 
1.50000000e+000 9.28571429e+000 0.00000000e+000 5.81970797e-008 1.03981635e-006 2.06635466e-006 2.40305269e-006 3.19942531e-006 3.44338253e-006 3.54455428e-006 3.99785356e-006 4.11545178e-006 
1.50000000e+000 4.82142857e+000 0.00000000e+000 2.00798464e-008 5.66508991e-007 1.30141948e-006 1.56779459e-006 2.23902472e-006 2.45689238e-006 2.54906144e-006 2.99958421e-006 3.18789156e-006 
1.50000000e+000 0.00000000e+000 0.00000000e+000 1.18409220e-008 4.27810437e-007 1.05951499e-006 1.29944697e-006 1.92047668e-006 2.12649283e-006 2.21424810e-006 2.65470627e-006 2.85656533e-006 
1.75000000e+000 3.50000000e+001 0.00000000e+000 1.65849787e-004 1.13771394e-004 7.35393833e-005 6.53415631e-005 5.07955600e-005 4.68819500e-005 4.52760515e-005 3.52719204e-005 2.54367876e-005 
1.75000000e+000 3.48214286e+001 0.00000000e+000 1.44666568e-004 1.04444272e-004 6.87961678e-005 6.14110126e-005 4.81889287e-005 4.45958838e-005 4.31164829e-005 3.38092031e-005 2.45382062e-005 
1.75000000e+000 3.42857143e+001 0.00000000e+000 1.08205617e-004 8.68406564e-005 5.94551626e-005 5.35801757e-005 4.28636897e-005 3.98895867e-005 3.86561034e-005 3.07275525e-005 2.26042742e-005 
1.75000000e+000 3.33928571e+001 0.00000000e+000 7.21944594e-005 6.72210920e-005 4.85341583e-005 4.43108847e-005 3.63951922e-005 3.41291266e-005 3.31791614e-005 2.68714850e-005 2.01384590e-005 
1.75000000e+000 3.21428571e+001 0.00000000e+000 4.33835044e-005 4.89551475e-005 3.78036477e-005 3.50818488e-005 2.97798666e-005 2.81926189e-005 2.75169212e-005 2.28121695e-005 1.74997361e-005 
1.75000000e+000 3.05357143e+001 0.00000000e+000 2.34777816e-005 3.36911637e-005 2.82502517e-005 2.67406869e-005 2.36209583e-005 2.26199104e-005 2.21836880e-005 1.89163540e-005 1.49275246e-005 
1.75000000e+000 2.85714286e+001 0.00000000e+000 1.13964499e-005 2.18939224e-005 2.02741758e-005 1.96512067e-005 1.82031896e-005 1.76718351e-005 1.74302714e-005 1.53718470e-005 1.25496110e-005 
1.75000000e+000 2.62500000e+001 0.00000000e+000 4.96056603e-006 1.34166157e-005 1.39641184e-005 1.39178087e-005 1.36328264e-005 1.34493458e-005 1.33547943e-005 1.22527200e-005 1.04106227e-005 
1.75000000e+000 2.35714286e+001 0.00000000e+000 1.93503515e-006 7.73010796e-006 9.20108647e-006 9.47020706e-006 9.89392802e-006 9.94342911e-006 9.95016457e-006 9.55344348e-006 8.49446322e-006 
1.75000000e+000 2.05357143e+001 0.00000000e+000 6.79822868e-007 4.19947206e-006 5.81456953e-006 6.20599723e-006 6.97318479e-006 7.15594903e-006 7.22332050e-006 7.29675072e-006 6.82010011e-006 
1.75000000e+000 1.71428571e+001 0.00000000e+000 2.15801146e-007 2.15710173e-006 3.52967112e-006 3.92139486e-006 4.77351453e-006 5.01179923e-006 5.10717380e-006 5.45023900e-006 5.36917019e-006 
1.75000000e+000 1.33928571e+001 0.00000000e+000 6.26877682e-008 1.05500929e-006 2.06341588e-006 2.39201189e-006 3.16841587e-006 3.40702736e-006 3.50632816e-006 3.95920073e-006 4.10825830e-006 
1.75000000e+000 9.28571429e+000 0.00000000e+000 1.70554889e-008 4.98790629e-007 1.17369070e-006 1.42161620e-006 2.05404283e-006 2.26331147e-006 2.35277848e-006 2.81063862e-006 3.06217060e-006 
1.75000000e+000 4.82142857e+000 0.00000000e+000 4.87250847e-009 2.47509370e-007 6.94357934e-007 8.77230206e-007 1.37740335e-006 1.55291564e-006 1.62941192e-006 2.04736887e-006 2.31985949e-006 
1.75000000e+000 0.00000000e+000 0.00000000e+000 2.54447333e-009 1.78221021e-007 5.48980732e-007 7.08757646e-007 1.15949577e-006 1.32144348e-006 1.39254090e-006 1.78962240e-006 2.05994929e-006 
2.00000000e+000 3.50000000e+001 0.00000000e+000 1.65421631e-004 1.13273876e-004 7.31308039e-005 6.49535061e-005 5.04438125e-005 4.65403979e-005 4.49387926e-005 3.49685844e-005 2.51787306e-005 
2.00000000e+000 3.48214286e+001 0.00000000e+000 1.42010550e-004 1.02945376e-004 6.78755992e-005 6.05982067e-005 4.75549383e-005 4.40067073e-005 4.25452772e-005 3.33474588e-005 2.41831023e-005 
2.00000000e+000 3.42857143e+001 0.00000000e+000 1.02767770e-004 8.38351894e-005 5.77070782e-005 5.20680826e-005 4.17468882e-005 3.88720663e-005 3.76783299e-005 2.99830046e-005 2.20714174e-005 
2.00000000e+000 3.33928571e+001 0.00000000e+000 6.54006900e-005 6.30433116e-005 4.60512504e-005 4.21581476e-005 3.48077154e-005 3.26866136e-005 3.17950521e-005 2.58321766e-005 1.94127213e-005 
2.00000000e+000 3.21428571e+001 0.00000000e+000 3.69293638e-005 4.42384488e-005 3.48497846e-005 3.24915263e-005 2.78316814e-005 2.64143731e-005 2.58078387e-005 2.15203517e-005 1.65979952e-005 
2.00000000e+000 3.05357143e+001 0.00000000e+000 1.84817615e-005 2.90736520e-005 2.51317213e-005 2.39581864e-005 2.14585773e-005 2.06289733e-005 2.02635167e-005 1.74379681e-005 1.38811150e-005 
2.00000000e+000 2.85714286e+001 0.00000000e+000 8.16116272e-006 1.78629327e-005 1.72714047e-005 1.69104233e-005 1.59775025e-005 1.55976772e-005 1.54199111e-005 1.37805119e-005 1.13951261e-005 
2.00000000e+000 2.62500000e+001 0.00000000e+000 3.18114094e-006 1.02485297e-005 1.13038506e-005 1.14205934e-005 1.14904882e-005 1.14219762e-005 1.13773066e-005 1.06297761e-005 9.19262921e-006 
2.00000000e+000 2.35714286e+001 0.00000000e+000 1.09450755e-006 5.47690792e-006 7.02546314e-006 7.35933021e-006 7.96111072e-006 8.08047543e-006 8.11922209e-006 7.98397854e-006 7.26724876e-006 
2.00000000e+000 2.05357143e+001 0.00000000e+000 3.34194996e-007 2.73495184e-006 4.15818071e-006 4.53736330e-006 5.32766552e-006 5.53646979e-006 5.61790078e-006 5.85115491e-006 5.63668168e-006 
2.00000000e+000 1.71428571e+001 0.00000000e+000 9.08763416e-008 1.28027636e-006 2.34922502e-006 2.68209510e-006 3.44808908e-006 3.67743151e-006 3.77198799e-006 4.18269210e-006 4.28043941e-006 
2.00000000e+000 1.33928571e+001 0.00000000e+000 2.23046952e-008 5.66876243e-007 1.27357902e-006 1.52624780e-006 2.16115947e-006 2.36903237e-006 2.45771289e-006 2.90896297e-006 3.16302726e-006 
2.00000000e+000 9.28571429e+000 0.00000000e+000 5.06411407e-009 2.41631152e-007 6.71583818e-007 8.46647844e-007 1.32564968e-006 1.49487167e-006 1.56900891e-006 1.98321052e-006 2.28459791e-006 
2.00000000e+000 4.82142857e+000 0.00000000e+000 1.19449632e-009 1.08689285e-007 3.71662853e-007 4.92218705e-007 8.49081640e-007 9.83347707e-007 1.04338160e-006 1.39925493e-006 1.68973000e-006 
2.00000000e+000 0.00000000e+000 0.00000000e+000 5.46778240e-010 7.42449270e-008 2.84450872e-007 3.86577968e-007 7.00050548e-007 8.21170524e-007 8.75769309e-007 1.20644187e-006 1.48548730e-006 
2.25000000e+000 3.50000000e+001 0.00000000e+000 1.65089499e-004 1.12884381e-004 7.28103777e-005 6.46493374e-005 5.01688474e-005 4.62736789e-005 4.46755381e-005 3.47322079e-005 2.49771813e-005 
2.25000000e+000 3.48214286e+001 0.00000000e+000 1.39536237e-004 1.01586546e-004 6.70582330e-005 5.98815069e-005 4.70055188e-005 4.34991234e-005 4.20544346e-005 3.29568812e-005 2.38870295e-005 
2.25000000e+000 3.42857143e+001 0.00000000e+000 9.77628298e-005 8.10660373e-005 5.61074210e-005 5.06887777e-005 4.07379390e-005 3.79562981e-005 3.67998621e-005 2.93220412e-005 2.16049281e-005 
2.25000000e+000 3.33928571e+001 0.00000000e+000 5.93812687e-005 5.92515622e-005 4.37900152e-005 4.01982116e-005 3.33669585e-005 3.13796937e-005 3.05421160e-005 2.48975858e-005 1.87659479e-005 
2.25000000e+000 3.21428571e+001 0.00000000e+000 3.15230921e-005 4.00792435e-005 3.22098798e-005 3.01713341e-005 2.60824980e-005 2.48177619e-005 2.42734849e-005 2.03628457e-005 1.57932017e-005 
2.25000000e+000 3.05357143e+001 0.00000000e+000 1.45968458e-005 2.51638931e-005 2.24249619e-005 2.15310078e-005 1.95569143e-005 1.88749902e-005 1.85707783e-005 1.61310980e-005 1.29550142e-005 
2.25000000e+000 2.85714286e+001 0.00000000e+000 5.86794029e-006 1.46260452e-005 1.47664046e-005 1.46051076e-005 1.40774806e-005 1.38203072e-005 1.36946129e-005 1.24038062e-005 1.03893991e-005 
2.25000000e+000 2.62500000e+001 0.00000000e+000 2.05020895e-006 7.86283422e-006 9.19070611e-006 9.41316242e-006 9.72913045e-006 9.74496492e-006 9.73748537e-006 9.26493560e-006 8.15451181e-006 
2.25000000e+000 2.35714286e+001 0.00000000e+000 6.22849179e-007 3.90147123e-006 5.39324372e-006 5.74996390e-006 6.44077188e-006 6.60227168e-006 6.66117957e-006 6.70783727e-006 6.24854919e-006 
2.25000000e+000 2.05357143e+001 0.00000000e+000 1.65481245e-007 1.79299076e-006 2.99305709e-006 3.33888730e-006 4.09608084e-006 4.31007247e-006 4.39620096e-006 4.71910383e-006 4.68278692e-006 
2.25000000e+000 1.71428571e+001 0.00000000e+000 3.85938511e-008 7.65908863e-007 1.57535605e-006 1.84795734e-006 2.50763826e-006 2.71611874e-006 2.80395267e-006 3.22855536e-006 3.42921562e-006 
2.25000000e+000 1.33928571e+001 0.00000000e+000 8.01169586e-009 3.07265647e-007 7.92188523e-007 9.81041543e-007 1.48360497e-006 1.65734010e-006 1.73297778e-006 2.14809808e-006 2.44505300e-006 
2.25000000e+000 9.28571429e+000 0.00000000e+000 1.51901489e-009 1.18034216e-007 3.86796774e-007 5.07254496e-007 8.59690467e-007 9.91753693e-007 1.05086120e-006 1.40418507e-006 1.70885709e-006 
2.25000000e+000 4.82142857e+000 0.00000000e+000 2.95390799e-010 4.79555259e-008 1.99550113e-007 2.76933022e-007 5.24442387e-007 6.23795927e-007 6.69264202e-007 9.57529484e-007 1.23186943e-006 
2.25000000e+000 0.00000000e+000 0.00000000e+000 1.17496649e-010 3.09296458e-008 1.47386467e-007 2.10851448e-007 4.22658622e-007 5.10291345e-007 5.50771640e-007 8.13301281e-007 1.07122672e-006 
2.50000000e+000 3.50000000e+001 0.00000000e+000 1.64824755e-004 1.12571470e-004 7.25522166e-005 6.44042560e-005 4.99475993e-005 4.60592366e-005 4.44639603e-005 3.45426645e-005 2.48156634e-005 
2.50000000e+000 3.48214286e+001 0.00000000e+000 1.37205865e-004 1.00332899e-004 6.63165297e-005 5.92347556e-005 4.65167082e-005 4.30497873e-005 4.16208814e-005 3.26168354e-005 2.36332034e-005 
2.50000000e+000 3.42857143e+001 0.00000000e+000 9.31237273e-005 7.84879238e-005 5.46238322e-005 4.94121814e-005 3.98103413e-005 3.71167202e-005 3.59955350e-005 2.87226276e-005 2.11871920e-005 
2.50000000e+000 3.33928571e+001 0.00000000e+000 5.40151504e-005 5.57820116e-005 4.17095960e-005 3.83940891e-005 3.20419462e-005 3.01788942e-005 2.93914986e-005 2.40432022e-005 1.81790512e-005 
2.50000000e+000 3.21428571e+001 0.00000000e+000 2.69690612e-005 3.63854607e-005 2.98299139e-005 2.80735390e-005 2.44943446e-005 2.33671984e-005 2.28792378e-005 1.93112890e-005 1.50639965e-005 
2.50000000e+000 3.05357143e+001 0.00000000e+000 1.15595937e-005 2.18317048e-005 2.00567852e-005 1.93955738e-005 1.78675368e-005 1.73132225e-005 1.70622180e-005 1.49616390e-005 1.21245063e-005 
2.50000000e+000 2.85714286e+001 0.00000000e+000 4.23310592e-006 1.20098007e-005 1.26602217e-005 1.26498076e-005 1.24397288e-005 1.22818245e-005 1.21986853e-005 1.11993270e-005 9.50289483e-006 
2.50000000e+000 2.62500000e+001 0.00000000e+000 1.32675962e-006 6.05362764e-006 7.49835681e-006 7.78547650e-006 8.26698222e-006 8.34392233e-006 8.36394091e-006 8.10492754e-006 7.26025723e-006 
2.50000000e+000 2.35714286e+001 0.00000000e+000 3.56208244e-007 2.79120944e-006 4.15780339e-006 4.51163676e-006 5.23309108e-006 5.41762485e-006 5.48842226e-006 5.65970780e-006 5.39480961e-006 
2.50000000e+000 2.05357143e+001 0.00000000e+000 8.24235050e-008 1.18166626e-006 2.16554861e-006 2.46962402e-006 3.16513885e-006 3.37216592e-006 3.45735176e-006 3.82428480e-006 3.90746222e-006 
2.50000000e+000 1.71428571e+001 0.00000000e+000 1.65018543e-008 4.61100737e-007 1.06285063e-006 1.28086405e-006 1.83400219e-006 2.01716744e-006 2.09571556e-006 2.50448380e-006 2.75914806e-006 
2.50000000e+000 1.33928571e+001 0.00000000e+000 2.89956391e-009 1.67731666e-007 4.95956791e-007 6.34533750e-007 1.02415203e-006 1.16563552e-006 1.22834107e-006 1.59340689e-006 1.89700032e-006 
2.50000000e+000 9.28571429e+000 0.00000000e+000 4.59338295e-010 5.80671666e-008 2.24063737e-007 3.05544374e-007 5.59975645e-007 6.60676156e-007 7.06635355e-007 9.97420023e-007 1.28133763e-006 
2.50000000e+000 4.82142857e+000 0.00000000e+000 7.35895828e-011 2.12517463e-008 1.07455130e-007 1.56211657e-007 3.24547781e-007 3.96398093e-007 4.30004933e-007 6.56069917e-007 8.98871481e-007 
2.50000000e+000 0.00000000e+000 0.00000000e+000 2.52487959e-011 1.28849701e-008 7.63674208e-008 1.15004868e-007 2.55182076e-007 3.17105039e-007 3.46380555e-007 5.48272641e-007 7.72491830e-007 
0.00000000e+000 3.50000000e+001 1.00000000e+001 2.10936092e-004 1.43538453e-004 9.11834297e-005 8.05044249e-005 6.16143090e-005 5.65769356e-005 5.45184688e-005 4.18878739e-005 2.97340195e-005 
0.00000000e+000 3.48214286e+001 1.00000000e+001 2.09549473e-004 1.42612740e-004 9.06104499e-005 8.00048206e-005 6.12456800e-005 5.62427376e-005 5.41981728e-005 4.16489381e-005 2.95669020e-005 
0.00000000e+000 3.42857143e+001 1.00000000e+001 2.05717273e-004 1.40045733e-004 8.90277311e-005 7.86275330e-005 6.02343956e-005 5.53272141e-005 5.33212230e-005 4.09965573e-005 2.91112241e-005 
0.00000000e+000 3.33928571e+001 1.00000000e+001 1.99525152e-004 1.35922631e-004 8.64941977e-005 7.64263973e-005 5.86235446e-005 5.38699959e-005 5.19257788e-005 3.99594463e-005 2.83867762e-005 
0.00000000e+000 3.21428571e+001 1.00000000e+001 1.92129170e-004 1.30990549e-004 8.35041569e-005 7.38422102e-005 5.67526683e-005 5.21821504e-005 5.03111582e-005 3.87649253e-005 2.75537984e-005 
0.00000000e+000 3.05357143e+001 1.00000000e+001 1.84414963e-004 1.25865229e-004 8.04589120e-005 7.12254504e-005 5.48760909e-005 5.04921591e-005 4.86954190e-005 3.75713838e-005 2.67208575e-005 
0.00000000e+000 2.85714286e+001 1.00000000e+001 1.77854276e-004 1.21447990e-004 7.78510005e-005 6.89864461e-005 5.32690135e-005 4.90433409e-005 4.73095035e-005 3.65436820e-005 2.60020979e-005 
0.00000000e+000 2.62500000e+001 1.00000000e+001 1.73525575e-004 1.18503439e-004 7.61101813e-005 6.74899256e-005 5.21889178e-005 4.80671944e-005 4.63746916e-005 3.58462214e-005 2.55150011e-005 
0.00000000e+000 2.35714286e+001 1.00000000e+001 1.70460483e-004 1.16432797e-004 7.48806516e-005 6.64289404e-005 5.14132407e-005 4.73629813e-005 4.56990425e-005 3.53379119e-005 2.51611976e-005 
0.00000000e+000 2.05357143e+001 1.00000000e+001 1.66935294e-004 1.14098015e-004 7.34704240e-005 6.52017924e-005 5.04988491e-005 4.65291613e-005 4.48978237e-005 3.47321563e-005 2.47384743e-005 
0.00000000e+000 1.71428571e+001 1.00000000e+001 1.61206362e-004 1.10244014e-004 7.10817816e-005 6.31103252e-005 4.89328680e-005 4.51028505e-005 4.35283775e-005 3.37031910e-005 2.40195728e-005 
0.00000000e+000 1.33928571e+001 1.00000000e+001 1.50388806e-004 1.03126672e-004 6.66712704e-005 5.92549423e-005 4.60712306e-005 4.25062803e-005 4.10394781e-005 3.18502753e-005 2.27287002e-005 
0.00000000e+000 9.28571429e+000 1.00000000e+001 1.34581828e-004 9.28895486e-005 6.03652351e-005 5.37668280e-005 4.20560431e-005 3.88812072e-005 3.75719674e-005 2.92962661e-005 2.09560426e-005 
0.00000000e+000 4.82142857e+000 1.00000000e+001 1.14837005e-004 7.98599314e-005 5.24773614e-005 4.69707413e-005 3.71952863e-005 3.45179950e-005 3.34074305e-005 2.62553167e-005 1.88433442e-005 
0.00000000e+000 0.00000000e+000 1.00000000e+001 1.06310794e-004 7.41503392e-005 4.91756904e-005 4.41619403e-005 3.52267505e-005 3.27575090e-005 3.17290950e-005 2.50320666e-005 1.79854078e-005 
2.50000000e-001 3.50000000e+001 1.00000000e+001 1.52945227e-004 1.12757198e-004 7.45004699e-005 6.64769092e-005 5.20626442e-005 4.81468120e-005 4.65357522e-005 3.64245417e-005 2.63692922e-005 
2.50000000e-001 3.48214286e+001 1.00000000e+001 1.47680536e-004 1.10264167e-004 7.31716490e-005 6.53609134e-005 5.13001584e-005 4.74713727e-005 4.58948003e-005 3.59756835e-005 2.60782163e-005 
2.50000000e-001 3.42857143e+001 1.00000000e+001 1.36381682e-004 1.04587010e-004 7.00681509e-005 6.27383760e-005 4.94859554e-005 4.58583073e-005 4.43616539e-005 3.48910634e-005 2.53661386e-005 
2.50000000e-001 3.33928571e+001 1.00000000e+001 1.21840004e-004 9.68653321e-005 6.57516241e-005 5.90714346e-005 4.69212521e-005 4.35701257e-005 4.21836097e-005 3.33353240e-005 2.43329159e-005 
2.50000000e-001 3.21428571e+001 1.00000000e+001 1.06407563e-004 8.83321866e-005 6.09409241e-005 5.49809858e-005 4.40565353e-005 4.10130421e-005 3.97490272e-005 3.15928613e-005 2.31720083e-005 
2.50000000e-001 3.05357143e+001 1.00000000e+001 9.14874111e-005 7.98031509e-005 5.61230624e-005 5.08855441e-005 4.11882534e-005 3.84519543e-005 3.73101803e-005 2.98445821e-005 2.20052724e-005 
2.50000000e-001 2.85714286e+001 1.00000000e+001 7.84124864e-005 7.21919857e-005 5.18206451e-005 4.72263235e-005 3.86199972e-005 3.61568632e-005 3.51238707e-005 2.82749300e-005 2.09594102e-005 
2.50000000e-001 2.62500000e+001 1.00000000e+001 6.77061255e-005 6.60184968e-005 4.83548504e-005 4.42825953e-005 3.65592938e-005 3.43171398e-005 3.33722160e-005 2.70238007e-005 2.01370614e-005 
2.50000000e-001 2.35714286e+001 1.00000000e+001 5.87912672e-005 6.08654366e-005 4.54644318e-005 4.18269389e-005 3.48377789e-005 3.27797561e-005 3.19083750e-005 2.59804595e-005 1.94582522e-005 
2.50000000e-001 2.05357143e+001 1.00000000e+001 5.10281119e-005 5.61431290e-005 4.27445986e-005 3.94955537e-005 3.31679628e-005 3.12786101e-005 3.04750775e-005 2.49424467e-005 1.87715414e-005 
2.50000000e-001 1.71428571e+001 1.00000000e+001 4.40787437e-005 5.13802741e-005 3.98102226e-005 3.69314203e-005 3.12573672e-005 2.95416065e-005 2.88088176e-005 2.37008485e-005 1.79196304e-005 
2.50000000e-001 1.33928571e+001 1.00000000e+001 3.72924076e-005 4.58588198e-005 3.61285507e-005 3.36527933e-005 2.87271066e-005 2.72194975e-005 2.65725702e-005 2.19933718e-005 1.67089398e-005 
2.50000000e-001 9.28571429e+000 1.00000000e+001 3.07354483e-005 3.97273785e-005 3.18331491e-005 2.97921786e-005 2.57084258e-005 2.44411901e-005 2.38938021e-005 1.99301450e-005 1.52215190e-005 
2.50000000e-001 4.82142857e+000 1.00000000e+001 2.47534028e-005 3.32438209e-005 2.71585608e-005 2.55879428e-005 2.24294242e-005 2.14243777e-005 2.09848994e-005 1.76798017e-005 1.35746767e-005 
2.50000000e-001 0.00000000e+000 1.00000000e+001 2.24175781e-005 3.05578390e-005 2.52743428e-005 2.39080494e-005 2.11366695e-005 2.02373651e-005 1.98409217e-005 1.67932622e-005 1.29177116e-005 
5.00000000e-001 3.50000000e+001 1.00000000e+001 1.42098902e-004 1.02559008e-004 6.75151356e-005 6.02478398e-005 4.72761515e-005 4.37698398e-005 4.23289850e-005 3.32802422e-005 2.42537305e-005 
5.00000000e-001 3.48214286e+001 1.00000000e+001 1.33607131e-004 9.86811900e-005 6.55000791e-005 5.85682622e-005 4.61482523e-005 4.27764366e-005 4.13887101e-005 3.26333186e-005 2.38444395e-005 
5.00000000e-001 3.42857143e+001 1.00000000e+001 1.16831588e-004 9.04609426e-005 6.10962513e-005 5.48689095e-005 4.36233878e-005 4.05417366e-005 3.92690930e-005 3.11557590e-005 2.28952842e-005 
5.00000000e-001 3.33928571e+001 1.00000000e+001 9.70380233e-005 8.00238792e-005 5.53374380e-005 4.99959075e-005 4.02464488e-005 3.75389389e-005 3.64152509e-005 2.91412974e-005 2.15825083e-005 
5.00000000e-001 3.21428571e+001 1.00000000e+001 7.76318847e-005 6.90682046e-005 4.91649794e-005 4.47501462e-005 3.65805647e-005 3.42712246e-005 3.33064176e-005 2.69329591e-005 2.01337965e-005 
5.00000000e-001 3.05357143e+001 1.00000000e+001 6.02896090e-005 5.85795413e-005 4.31488318e-005 3.96178214e-005 3.29659427e-005 3.10416451e-005 3.02308242e-005 2.47355965e-005 1.86852195e-005 
5.00000000e-001 2.85714286e+001 1.00000000e+001 4.59857108e-005 4.93920552e-005 3.77965410e-005 3.50343680e-005 2.97119950e-005 2.81277305e-005 2.74533149e-005 2.27424341e-005 1.73702725e-005 
5.00000000e-001 2.62500000e+001 1.00000000e+001 3.48290948e-005 4.18570560e-005 3.33546035e-005 3.12203420e-005 2.69918759e-005 2.56897934e-005 2.51289544e-005 2.10761633e-005 1.62808088e-005 
5.00000000e-001 2.35714286e+001 1.00000000e+001 2.61707623e-005 3.56127486e-005 2.96077964e-005 2.79902220e-005 2.46699977e-005 2.36047021e-005 2.31395710e-005 1.96469401e-005 1.53504629e-005 
5.00000000e-001 2.05357143e+001 1.00000000e+001 1.94487679e-005 3.02745154e-005 2.62929240e-005 2.51049778e-005 2.25508622e-005 2.16891022e-005 2.13068391e-005 1.83086624e-005 1.44644523e-005 
5.00000000e-001 1.71428571e+001 1.00000000e+001 1.43488382e-005 2.56300156e-005 2.32182406e-005 2.23795001e-005 2.04689381e-005 1.97848247e-005 1.94758239e-005 1.69294586e-005 1.35154544e-005 
5.00000000e-001 1.33928571e+001 1.00000000e+001 1.04398176e-005 2.13218072e-005 2.00958623e-005 1.95458633e-005 1.81987097e-005 1.76793305e-005 1.74394422e-005 1.53380702e-005 1.23683260e-005 
5.00000000e-001 9.28571429e+000 1.00000000e+001 7.50191971e-006 1.73872521e-005 1.70120043e-005 1.66969882e-005 1.58416489e-005 1.54742472e-005 1.52989630e-005 1.36258884e-005 1.10942505e-005 
5.00000000e-001 4.82142857e+000 1.00000000e+001 5.44805801e-006 1.39344656e-005 1.41106811e-005 1.39861368e-005 1.35569446e-005 1.33251836e-005 1.32077472e-005 1.19222920e-005 9.78880035e-006 
5.00000000e-001 0.00000000e+000 1.00000000e+001 4.72777360e-006 1.25936206e-005 1.29903146e-005 1.29434177e-005 1.26825515e-005 1.25026620e-005 1.24071249e-005 1.12661923e-005 9.27798012e-006 
7.50000000e-001 3.50000000e+001 1.00000000e+001 1.38178575e-004 9.82396650e-005 6.41633658e-005 5.71458288e-005 4.46850286e-005 4.13374496e-005 3.99648057e-005 3.13868182e-005 2.28827799e-005 
7.50000000e-001 3.48214286e+001 1.00000000e+001 1.26819049e-004 9.31059800e-005 6.15178691e-005 5.49464340e-005 4.32169606e-005 4.00471557e-005 3.87446805e-005 3.05531794e-005 2.23610238e-005 
7.50000000e-001 3.42857143e+001 1.00000000e+001 1.05635375e-004 8.27310997e-005 5.59837517e-005 5.03042335e-005 4.00596007e-005 3.72563285e-005 3.60992286e-005 2.87184166e-005 2.11931267e-005 
7.50000000e-001 3.33928571e+001 1.00000000e+001 8.22397009e-005 7.01959880e-005 4.90534111e-005 4.44384377e-005 3.59946687e-005 3.36429487e-005 3.26658448e-005 2.63017476e-005 1.96295886e-005 
7.50000000e-001 3.21428571e+001 1.00000000e+001 6.08398591e-005 5.76169397e-005 4.18779853e-005 3.83216128e-005 3.16951022e-005 2.98052688e-005 2.90130654e-005 2.37045028e-005 1.79324319e-005 
7.50000000e-001 3.05357143e+001 1.00000000e+001 4.31196651e-005 4.60973079e-005 3.50968229e-005 3.24987798e-005 2.75417249e-005 2.60823120e-005 2.54632269e-005 2.11549390e-005 1.62519319e-005 
7.50000000e-001 2.85714286e+001 1.00000000e+001 2.95784095e-005 3.63554628e-005 2.91830697e-005 2.73831635e-005 2.38384843e-005 2.27492204e-005 2.22798549e-005 1.88488677e-005 1.47247800e-005 
7.50000000e-001 2.62500000e+001 1.00000000e+001 1.98394494e-005 2.85796496e-005 2.43155002e-005 2.31429091e-005 2.07288637e-005 1.99414781e-005 1.95949983e-005 1.68946966e-005 1.34340153e-005 
7.50000000e-001 2.35714286e+001 1.00000000e+001 1.29924839e-005 2.23832105e-005 2.02893248e-005 1.96060956e-005 1.80931563e-005 1.75516045e-005 1.73059388e-005 1.52155932e-005 1.23227634e-005 
7.50000000e-001 2.05357143e+001 1.00000000e+001 8.28317038e-006 1.74142064e-005 1.68966472e-005 1.65885722e-005 1.57850527e-005 1.54426840e-005 1.52795220e-005 1.37013062e-005 1.13018884e-005 
7.50000000e-001 1.71428571e+001 1.00000000e+001 5.18196111e-006 1.34798019e-005 1.40122815e-005 1.39738573e-005 1.37027628e-005 1.35169931e-005 1.34196978e-005 1.22670734e-005 1.02980854e-005 
7.50000000e-001 1.33928571e+001 1.00000000e+001 3.18154148e-006 1.02962184e-005 1.14430322e-005 1.15857934e-005 1.16996740e-005 1.16357335e-005 1.15908391e-005 1.07974496e-005 9.21585972e-006 
7.50000000e-001 9.28571429e+000 1.00000000e+001 1.93404444e-006 7.77295852e-006 9.20672082e-006 9.45987417e-006 9.83724486e-006 9.86493763e-006 9.86042733e-006 9.36089781e-006 8.11330777e-006 
7.50000000e-001 4.82142857e+000 1.00000000e+001 1.22282745e-006 5.88023022e-006 7.35984949e-006 7.66998340e-006 8.21312081e-006 8.30484798e-006 8.32914729e-006 8.05118247e-006 7.06570341e-006 
7.50000000e-001 0.00000000e+000 1.00000000e+001 9.97197097e-007 5.19035411e-006 6.67682256e-006 7.00749177e-006 7.60996759e-006 7.72425185e-006 7.75864017e-006 7.55827974e-006 6.66382904e-006 
1.00000000e+000 3.50000000e+001 1.00000000e+001 1.36157847e-004 9.59662266e-005 6.23182131e-005 5.54070351e-005 4.31616448e-005 3.98830833e-005 3.85406379e-005 3.01889960e-005 2.19645796e-005 
1.00000000e+000 3.48214286e+001 1.00000000e+001 1.22167440e-004 8.96662401e-005 5.90837047e-005 5.27210493e-005 4.13736071e-005 3.83130500e-005 3.70566273e-005 2.91783808e-005 2.13355371e-005 
1.00000000e+000 3.42857143e+001 1.00000000e+001 9.72722113e-005 7.74041581e-005 5.25438848e-005 4.72362060e-005 3.76451477e-005 3.50183729e-005 3.39340638e-005 2.70163847e-005 1.99649949e-005 
1.00000000e+000 3.33928571e+001 1.00000000e+001 7.12988550e-005 6.31906105e-005 4.46405774e-005 4.05377809e-005 3.29907734e-005 3.08783787e-005 2.99994093e-005 2.42456196e-005 1.81764176e-005 
1.00000000e+000 3.21428571e+001 1.00000000e+001 4.90100265e-005 4.95060808e-005 3.67180591e-005 3.37583943e-005 2.81882997e-005 2.65827108e-005 2.59072691e-005 2.13243979e-005 1.62657633e-005 
1.00000000e+000 3.05357143e+001 1.00000000e+001 3.18579403e-005 3.75135762e-005 2.94672734e-005 2.74894527e-005 2.36537564e-005 2.25022613e-005 2.20104518e-005 1.85027867e-005 1.43969646e-005 
1.00000000e+000 2.85714286e+001 1.00000000e+001 1.97589162e-005 2.77852551e-005 2.33139500e-005 2.21113379e-005 1.96785907e-005 1.89036040e-005 1.85653229e-005 1.59752431e-005 1.27075376e-005 
1.00000000e+000 2.62500000e+001 1.00000000e+001 1.18053683e-005 2.03321467e-005 1.83659402e-005 1.77379088e-005 1.63764202e-005 1.58975054e-005 1.56811351e-005 1.38365449e-005 1.12724902e-005 
1.00000000e+000 2.35714286e+001 1.00000000e+001 6.78001204e-006 1.46902216e-005 1.44025498e-005 1.41894396e-005 1.36301073e-005 1.33807799e-005 1.32600358e-005 1.20163690e-005 1.00409427e-005 
1.00000000e+000 2.05357143e+001 1.00000000e+001 3.73000126e-006 1.04574160e-005 1.12203947e-005 1.12936816e-005 1.13138575e-005 1.12380318e-005 1.11906294e-005 1.04252536e-005 8.94085959e-006 
1.00000000e+000 1.71428571e+001 1.00000000e+001 1.98470894e-006 7.37178582e-006 8.69410998e-006 8.94460172e-006 9.34929857e-006 9.39670798e-006 9.40252985e-006 9.00394239e-006 7.92060389e-006 
1.00000000e+000 1.33928571e+001 1.00000000e+001 1.02473096e-006 5.12760388e-006 6.65032961e-006 6.99216782e-006 7.62277069e-006 7.75145023e-006 7.79357114e-006 7.66793147e-006 6.91002239e-006 
1.00000000e+000 9.28571429e+000 1.00000000e+001 5.20173802e-007 3.54151191e-006 5.04137194e-006 5.41444056e-006 6.15369796e-006 6.33061971e-006 6.39538186e-006 6.46098147e-006 5.95279108e-006 
1.00000000e+000 4.82142857e+000 1.00000000e+001 2.79440304e-007 2.49761198e-006 3.85331209e-006 4.21986669e-006 4.98704546e-006 5.18647514e-006 5.26273945e-006 5.44466561e-006 5.10509942e-006 
1.00000000e+000 0.00000000e+000 1.00000000e+001 2.10359142e-007 2.13925097e-006 3.43186620e-006 3.79389244e-006 4.56630652e-006 4.77216848e-006 4.85182584e-006 5.07075327e-006 4.78626577e-006 
1.25000000e+000 3.50000000e+001 1.00000000e+001 1.34923664e-004 9.45700771e-005 6.11749564e-005 5.43231125e-005 4.21915479e-005 3.89485029e-005 3.76215796e-005 2.93918948e-005 2.13279783e-005 
1.25000000e+000 3.48214286e+001 1.00000000e+001 1.18480668e-004 8.71709967e-005 5.73830961e-005 5.11761704e-005 4.00995696e-005 3.71124858e-005 3.58865500e-005 2.82124126e-005 2.05961355e-005 
1.25000000e+000 3.42857143e+001 1.00000000e+001 9.03907784e-005 7.32214245e-005 4.99322473e-005 4.49254979e-005 3.58483104e-005 3.33554943e-005 3.23257597e-005 2.57478424e-005 1.90366943e-005 
1.25000000e+000 3.33928571e+001 1.00000000e+001 6.25594408e-005 5.76352640e-005 4.12051083e-005 3.75161991e-005 3.06818896e-005 2.87556059e-005 2.79523532e-005 2.26627597e-005 1.70452277e-005 
1.25000000e+000 3.21428571e+001 1.00000000e+001 4.00740228e-005 4.32020309e-005 3.27208005e-005 3.02278291e-005 2.54769748e-005 2.40892098e-005 2.35028613e-005 1.94705494e-005 1.49509044e-005 
1.25000000e+000 3.05357143e+001 1.00000000e+001 2.39582254e-005 3.10867695e-005 2.52023352e-005 2.36840829e-005 2.06781553e-005 1.97538835e-005 1.93559154e-005 1.64408574e-005 1.29304273e-005 
1.25000000e+000 2.85714286e+001 1.00000000e+001 1.34738268e-005 2.16849596e-005 1.90158033e-005 1.82229240e-005 1.65586240e-005 1.60027085e-005 1.57561145e-005 1.37638321e-005 1.11204113e-005 
1.25000000e+000 2.62500000e+001 1.00000000e+001 7.19332479e-006 1.48138998e-005 1.41912283e-005 1.38987461e-005 1.31996222e-005 1.29198188e-005 1.27882282e-005 1.15200365e-005 9.58790827e-006 
1.25000000e+000 2.35714286e+001 1.00000000e+001 3.63594950e-006 9.90093404e-006 1.04726386e-005 1.05077715e-005 1.04759605e-005 1.03971523e-005 1.03506760e-005 9.64023567e-006 8.28504540e-006 
1.25000000e+000 2.05357143e+001 1.00000000e+001 1.73301176e-006 6.46094111e-006 7.63225382e-006 7.86374896e-006 8.26326083e-006 8.32379750e-006 8.33764489e-006 8.04471261e-006 7.15026671e-006 
1.25000000e+000 1.71428571e+001 1.00000000e+001 7.87040362e-007 4.14638004e-006 5.51384018e-006 5.84142944e-006 6.48230035e-006 6.63025367e-006 6.68323855e-006 6.68465640e-006 6.14428372e-006 
1.25000000e+000 1.33928571e+001 1.00000000e+001 3.42058927e-007 2.61651571e-006 3.93274263e-006 4.28614064e-006 5.02627091e-006 5.22060152e-006 5.29569176e-006 5.48976837e-006 5.21174806e-006 
1.25000000e+000 9.28571429e+000 1.00000000e+001 1.44400758e-007 1.64061904e-006 2.79038101e-006 3.12835640e-006 3.87621535e-006 4.08804988e-006 4.17289232e-006 4.47948094e-006 4.38150619e-006 
1.25000000e+000 4.82142857e+000 1.00000000e+001 6.48924058e-008 1.06748798e-006 2.02488547e-006 2.32904702e-006 3.03494081e-006 3.24549754e-006 3.33157929e-006 3.68712019e-006 3.69208947e-006 
1.25000000e+000 0.00000000e+000 1.00000000e+001 4.43810439e-008 8.81748634e-007 1.76401057e-006 2.05407455e-006 2.74001781e-006 2.94835998e-006 3.03410024e-006 3.40193261e-006 3.43773443e-006 
1.50000000e+000 3.50000000e+001 1.00000000e+001 1.34093817e-004 9.36229540e-005 6.03995024e-005 5.35872627e-005 4.15286900e-005 3.83074629e-005 3.69899546e-005 2.88349233e-005 2.08710127e-005 
1.50000000e+000 3.48214286e+001 1.00000000e+001 1.15341794e-004 8.51786287e-005 5.60756399e-005 4.99999323e-005 3.91457672e-005 3.62166734e-005 3.50144187e-005 2.74933307e-005 2.00402148e-005 
1.50000000e+000 3.42857143e+001 1.00000000e+001 8.44661067e-005 6.97007608e-005 4.77893135e-005 4.30448525e-005 3.44107007e-005 3.20310583e-005 3.10470155e-005 2.47465987e-005 1.83035563e-005 
1.50000000e+000 3.33928571e+001 1.00000000e+001 5.53137522e-005 5.29789966e-005 3.83552788e-005 3.50206183e-005 2.87941934e-005 2.70250430e-005 2.62853940e-005 2.13800819e-005 1.61280721e-005 
1.50000000e+000 3.21428571e+001 1.00000000e+001 3.30867541e-005 3.80575890e-005 2.94486220e-005 2.73399462e-005 2.32651372e-005 2.20565650e-005 2.15433380e-005 1.79599597e-005 1.38752038e-005 
1.50000000e+000 3.05357143e+001 1.00000000e+001 1.82264382e-005 2.60494503e-005 2.18045250e-005 2.06441105e-005 1.82893635e-005 1.75440799e-005 1.72200536e-005 1.47728149e-005 1.17333058e-005 
1.50000000e+000 2.85714286e+001 1.00000000e+001 9.31122889e-006 1.71452207e-005 1.57172311e-005 1.52191222e-005 1.41163041e-005 1.37225562e-005 1.35440904e-005 1.20019024e-005 9.83667838e-006 
1.50000000e+000 2.62500000e+001 1.00000000e+001 4.45032376e-006 1.09566130e-005 1.11314609e-005 1.10538371e-005 1.07913168e-005 1.06466377e-005 1.05731332e-005 9.71230343e-006 8.24405909e-006 
1.50000000e+000 2.35714286e+001 1.00000000e+001 1.98399668e-006 6.78873062e-006 7.74252509e-006 7.90852147e-006 8.17273217e-006 8.19597897e-006 8.19488702e-006 7.83131269e-006 6.90800607e-006 
1.50000000e+000 2.05357143e+001 1.00000000e+001 8.21281800e-007 4.06925609e-006 5.28346440e-006 5.56830050e-006 6.12514617e-006 6.25268425e-006 6.29809062e-006 6.28089502e-006 5.77231866e-006 
1.50000000e+000 1.71428571e+001 1.00000000e+001 3.19117166e-007 2.37984168e-006 3.55716935e-006 3.87634721e-006 4.55505336e-006 4.73733787e-006 4.80864490e-006 5.01257149e-006 4.80319044e-006 
1.50000000e+000 1.33928571e+001 1.00000000e+001 1.16928777e-007 1.36068514e-006 2.35978366e-006 2.66251474e-006 3.34937514e-006 3.55050670e-006 3.63239823e-006 3.95959281e-006 3.95257942e-006 
1.50000000e+000 9.28571429e+000 1.00000000e+001 4.10328555e-008 7.70961981e-007 1.55957639e-006 1.82317086e-006 2.45749867e-006 2.65547506e-006 2.73815815e-006 3.11901183e-006 3.23488785e-006 
1.50000000e+000 4.82142857e+000 1.00000000e+001 1.52836981e-008 4.58957465e-007 1.06786821e-006 1.28942283e-006 1.85101198e-006 2.03489809e-006 2.11300636e-006 2.50034375e-006 2.67273092e-006 
1.50000000e+000 0.00000000e+000 1.00000000e+001 9.36459623e-009 3.63451200e-007 9.06739046e-007 1.11213150e-006 1.64417399e-006 1.82159000e-006 1.89740381e-006 2.28235205e-006 2.46916656e-006 
1.75000000e+000 3.50000000e+001 1.00000000e+001 1.33499461e-004 9.29372817e-005 5.98380250e-005 5.30546923e-005 4.10487711e-005 3.78428667e-005 3.65318906e-005 2.84280390e-005 2.05318345e-005 
1.75000000e+000 3.48214286e+001 1.00000000e+001 1.12558738e-004 8.34927947e-005 5.50032958e-005 4.90441093e-005 3.83857448e-005 3.55066725e-005 3.43246409e-005 2.69300409e-005 1.96053862e-005 
1.75000000e+000 3.42857143e+001 1.00000000e+001 7.92330341e-005 6.66190284e-005 4.59442794e-005 4.14356518e-005 3.31993146e-005 3.09205095e-005 2.99769923e-005 2.39183191e-005 1.77014993e-005 
1.75000000e+000 3.33928571e+001 1.00000000e+001 4.91739089e-005 4.89530060e-005 3.58985884e-005 3.28747899e-005 2.71836493e-005 2.55527057e-005 2.48688968e-005 2.02978809e-005 1.53581129e-005 
1.75000000e+000 3.21428571e+001 1.00000000e+001 2.75083474e-005 3.37411725e-005 2.66783400e-005 2.48934161e-005 2.13929139e-005 2.03372318e-005 1.98864071e-005 1.66851840e-005 1.29678571e-005 
1.75000000e+000 3.05357143e+001 1.00000000e+001 1.39810993e-005 2.19949345e-005 1.90114193e-005 1.81357071e-005 1.63065568e-005 1.57072897e-005 1.54437311e-005 1.33808413e-005 1.07294563e-005 
1.75000000e+000 2.85714286e+001 1.00000000e+001 6.49615988e-006 1.36764994e-005 1.31084802e-005 1.28263698e-005 1.21447683e-005 1.18751508e-005 1.17491309e-005 1.05587353e-005 8.77361710e-006 
1.75000000e+000 2.62500000e+001 1.00000000e+001 2.78318188e-006 8.18721308e-006 8.82252354e-006 8.88307318e-006 8.91328459e-006 8.86280410e-006 8.83027666e-006 8.26684992e-006 7.15013910e-006 
1.75000000e+000 2.35714286e+001 1.00000000e+001 1.09585931e-006 4.71018565e-006 5.79194243e-006 6.02209044e-006 6.44746088e-006 6.53175707e-006 6.55857220e-006 6.42518420e-006 5.80977837e-006 
1.75000000e+000 2.05357143e+001 1.00000000e+001 3.94596588e-007 2.59775972e-006 3.70518704e-006 3.99299908e-006 4.59319097e-006 4.74970156e-006 4.81003156e-006 4.95157258e-006 4.69773838e-006 
1.75000000e+000 1.71428571e+001 1.00000000e+001 1.31388205e-007 1.38624958e-006 2.32557407e-006 2.60515638e-006 3.23638760e-006 3.42055142e-006 3.49549224e-006 3.79141025e-006 3.78076812e-006 
1.75000000e+000 1.33928571e+001 1.00000000e+001 4.06390522e-008 7.18073071e-007 1.43315272e-006 1.67257719e-006 2.25261785e-006 2.43553873e-006 2.51237129e-006 2.87521491e-006 3.01300561e-006 
1.75000000e+000 9.28571429e+000 1.00000000e+001 1.18636135e-008 3.66716025e-007 8.79300176e-007 1.07087054e-006 1.56743330e-006 1.73442127e-006 1.80623248e-006 2.18058290e-006 2.39539600e-006 
1.75000000e+000 4.82142857e+000 1.00000000e+001 3.64390114e-009 1.98429092e-007 5.65105986e-007 7.15991567e-007 1.13135317e-006 1.27831667e-006 1.34260230e-006 1.69784974e-006 1.93663842e-006 
1.75000000e+000 0.00000000e+000 1.00000000e+001 1.97622186e-009 1.49818560e-007 4.66094233e-007 6.02150177e-007 9.86616128e-007 1.12544984e-006 1.18657371e-006 1.53123999e-006 1.77349918e-006 
2.00000000e+000 3.50000000e+001 1.00000000e+001 1.33054036e-004 9.24180056e-005 5.94119965e-005 5.26507068e-005 4.06851140e-005 3.74908605e-005 3.61848200e-005 2.81190738e-005 2.02721596e-005 
2.00000000e+000 3.48214286e+001 1.00000000e+001 1.10028248e-004 8.20122158e-005 5.40845648e-005 4.82315791e-005 3.77512696e-005 3.49172846e-005 3.37533874e-005 2.64695718e-005 1.92529281e-005 
2.00000000e+000 3.42857143e+001 1.00000000e+001 7.45353271e-005 6.38557484e-005 4.43066039e-005 4.00134048e-005 3.21412052e-005 2.99545709e-005 2.90480339e-005 2.32075821e-005 1.71904519e-005 
2.00000000e+000 3.33928571e+001 1.00000000e+001 4.38957703e-005 4.54040860e-005 3.37290587e-005 3.09816474e-005 2.57692939e-005 2.42623961e-005 2.36287169e-005 1.93566174e-005 1.46930426e-005 
2.00000000e+000 3.21428571e+001 1.00000000e+001 2.29917670e-005 3.00554658e-005 2.42823755e-005 2.27734275e-005 1.97678682e-005 1.88450772e-005 1.84486000e-005 1.55807426e-005 1.21833317e-005 
2.00000000e+000 3.05357143e+001 1.00000000e+001 1.07922908e-005 1.86757165e-005 1.66685719e-005 1.60215769e-005 1.46223078e-005 1.41443099e-005 1.39311823e-005 1.21915343e-005 9.86901904e-006 
2.00000000e+000 2.85714286e+001 1.00000000e+001 4.56500866e-006 1.09806943e-005 1.10039912e-005 1.08806986e-005 1.05181753e-005 1.03451319e-005 1.02602352e-005 9.35104319e-006 7.87598417e-006 
2.00000000e+000 2.62500000e+001 1.00000000e+001 1.75479837e-006 6.16380959e-006 7.04534219e-006 7.19275035e-006 7.41807970e-006 7.43379827e-006 7.43052103e-006 7.08840994e-006 6.24431397e-006 
2.00000000e+000 2.35714286e+001 1.00000000e+001 6.10838620e-007 3.29634966e-006 4.37041259e-006 4.62539793e-006 5.12966786e-006 5.24921443e-006 5.29283227e-006 5.31317091e-006 4.92102744e-006 
2.00000000e+000 2.05357143e+001 1.00000000e+001 1.91528579e-007 1.67487675e-006 2.62382624e-006 2.89103177e-006 3.47593768e-006 3.64022662e-006 3.70598152e-006 3.93494950e-006 3.84971134e-006 
2.00000000e+000 1.71428571e+001 1.00000000e+001 5.47055716e-008 8.16453843e-007 1.53629379e-006 1.76856312e-006 2.32049940e-006 2.49145183e-006 2.56281275e-006 2.88921538e-006 2.99425464e-006 
2.00000000e+000 1.33928571e+001 1.00000000e+001 1.42965700e-008 3.83308817e-007 8.79102711e-007 1.06062691e-006 1.52716358e-006 1.68333865e-006 1.75048409e-006 2.10051223e-006 2.30765361e-006 
2.00000000e+000 9.28571429e+000 1.00000000e+001 3.47513936e-009 1.76226267e-007 4.99610726e-007 6.33436469e-007 1.00528711e-006 1.13862455e-006 1.19735342e-006 1.53037140e-006 1.77878809e-006 
2.00000000e+000 4.82142857e+000 1.00000000e+001 8.77900731e-010 8.62395252e-008 3.00038341e-007 3.98721872e-007 6.92935510e-007 8.04542265e-007 8.54617543e-007 1.15445151e-006 1.40458142e-006 
2.00000000e+000 0.00000000e+000 1.00000000e+001 4.17097037e-010 6.17594288e-008 2.39593700e-007 3.26033487e-007 5.92044962e-007 6.95355700e-007 7.42052757e-007 1.02732436e-006 1.27383783e-006 
2.25000000e+000 3.50000000e+001 1.00000000e+001 1.32708530e-004 9.20114619e-005 5.90774332e-005 5.23333982e-005 4.03996784e-005 3.72146682e-005 3.59125382e-005 2.78767063e-005 2.00677549e-005 
2.25000000e+000 3.48214286e+001 1.00000000e+001 1.07688719e-004 8.06785538e-005 5.32732556e-005 4.75186342e-005 3.72031435e-005 3.44107281e-005 3.32635082e-005 2.60799856e-005 1.89582574e-005 
2.25000000e+000 3.42857143e+001 1.00000000e+001 7.02711418e-005 6.13380410e-005 4.28233343e-005 3.87289109e-005 3.11936621e-005 2.90924136e-005 2.82201249e-005 2.25805796e-005 1.67447617e-005 
2.25000000e+000 3.33928571e+001 1.00000000e+001 3.93118125e-005 4.22346021e-005 3.17821737e-005 2.92825912e-005 2.45024095e-005 2.31080779e-005 2.25199466e-005 1.85193098e-005 1.41054162e-005 
2.25000000e+000 3.21428571e+001 1.00000000e+001 1.92975404e-005 2.68701966e-005 2.21802388e-005 2.09082571e-005 1.83327326e-005 1.75266212e-005 1.71780029e-005 1.46050782e-005 1.14915937e-005 
2.25000000e+000 3.05357143e+001 1.00000000e+001 8.37241126e-006 1.59263882e-005 1.46762658e-005 1.42138170e-005 1.31683631e-005 1.27920038e-005 1.26213720e-005 1.11572769e-005 9.11849820e-006 
2.25000000e+000 2.85714286e+001 1.00000000e+001 3.22629088e-006 8.86068129e-006 9.28297528e-006 9.27583513e-006 9.15508296e-006 9.05763183e-006 9.00523916e-006 8.32368219e-006 7.10596168e-006 
2.25000000e+000 2.62500000e+001 1.00000000e+001 1.11350717e-006 4.66728551e-006 5.65833741e-006 5.85747803e-006 6.20937489e-006 6.27127737e-006 6.28883376e-006 6.11286142e-006 5.48350901e-006 
2.25000000e+000 2.35714286e+001 1.00000000e+001 3.42916986e-007 2.32216680e-006 3.31954885e-006 3.57611519e-006 4.10804330e-006 4.24608155e-006 4.29920235e-006 4.42133168e-006 4.19275889e-006 
2.25000000e+000 2.05357143e+001 1.00000000e+001 9.36986903e-008 1.08804611e-006 1.87207053e-006 2.10886417e-006 2.64955533e-006 2.80985387e-006 2.87559032e-006 3.14777784e-006 3.17340810e-006 
2.25000000e+000 1.71428571e+001 1.00000000e+001 2.29739163e-008 4.84960385e-007 1.02327306e-006 1.21034217e-006 1.67633209e-006 1.82795854e-006 1.89250289e-006 2.21584977e-006 2.38423428e-006 
2.25000000e+000 1.33928571e+001 1.00000000e+001 5.07616412e-009 2.06464071e-007 5.43696075e-007 6.77883131e-007 1.04251646e-006 1.17111498e-006 1.22749250e-006 1.54291728e-006 1.77511149e-006 
2.25000000e+000 9.28571429e+000 1.00000000e+001 1.02823749e-009 8.54169609e-008 2.85822157e-007 3.77051675e-007 6.48029239e-007 7.51014818e-007 7.97342560e-007 1.07792951e-006 1.32447719e-006 
2.25000000e+000 4.82142857e+000 1.00000000e+001 2.13395949e-010 3.76631770e-008 1.59806445e-007 2.22655285e-007 4.25272114e-007 5.07285599e-007 5.44947295e-007 7.85991742e-007 1.01963490e-006 
2.25000000e+000 0.00000000e+000 1.00000000e+001 8.80426163e-011 2.54600357e-008 1.23164993e-007 1.76533974e-007 3.55277086e-007 4.29628673e-007 4.64066200e-007 6.89248125e-007 9.14955203e-007 
2.50000000e+000 3.50000000e+001 1.00000000e+001 1.32433113e-004 9.16848927e-005 5.88077276e-005 5.20774682e-005 4.01694356e-005 3.69919345e-005 3.56929856e-005 2.76814158e-005 1.99029074e-005 
2.50000000e+000 3.48214286e+001 1.00000000e+001 1.05500472e-004 7.94553982e-005 5.25410504e-005 4.68785860e-005 3.67174477e-005 3.39638742e-005 3.28322161e-005 2.57412820e-005 1.87053814e-005 
2.50000000e+000 3.42857143e+001 1.00000000e+001 6.63691705e-005 5.90180507e-005 4.14608771e-005 3.75512122e-005 3.03300538e-005 2.83085558e-005 2.74682657e-005 2.20158569e-005 1.63475855e-005 
2.50000000e+000 3.33928571e+001 1.00000000e+001 3.53001648e-005 3.93772664e-005 3.00153134e-005 2.77393483e-005 2.33517102e-005 2.20602340e-005 2.15137921e-005 1.77620183e-005 1.35769508e-005 
2.50000000e+000 3.21428571e+001 1.00000000e+001 1.62524968e-005 2.40930737e-005 2.03170174e-005 1.92495408e-005 1.70496460e-005 1.63466123e-005 1.60404199e-005 1.37306770e-005 1.08722811e-005 
2.50000000e+000 3.05357143e+001 1.00000000e+001 6.52158859e-006 1.36293403e-005 1.29653238e-005 1.26520058e-005 1.18985861e-005 1.16078109e-005 1.14731839e-005 1.02458683e-005 8.45476646e-006 
2.50000000e+000 2.85714286e+001 1.00000000e+001 2.29077019e-006 7.17887072e-006 7.86163321e-006 7.93839635e-006 7.99973731e-006 7.96144453e-006 7.93478625e-006 7.43869679e-006 6.43697430e-006 
2.50000000e+000 2.62500000e+001 1.00000000e+001 7.10251470e-007 3.55040672e-006 4.56484148e-006 4.79153939e-006 5.22111023e-006 5.31452523e-006 5.34670300e-006 5.29554114e-006 4.83700150e-006 
2.50000000e+000 2.35714286e+001 1.00000000e+001 1.93616124e-007 1.64447763e-006 2.53444516e-006 2.77921127e-006 3.30695243e-006 3.45243538e-006 3.51017001e-006 3.69791401e-006 3.58965710e-006 
2.50000000e+000 2.05357143e+001 1.00000000e+001 4.61282288e-008 7.11051634e-007 1.34364724e-006 1.54743863e-006 2.03142560e-006 2.18142972e-006 2.24408982e-006 2.53190065e-006 2.62908238e-006 
2.50000000e+000 1.71428571e+001 1.00000000e+001 9.71387944e-009 2.89992102e-007 6.86078441e-007 8.33731186e-007 1.21852261e-006 1.34931687e-006 1.40592094e-006 1.70877967e-006 1.90758034e-006 
2.50000000e+000 1.33928571e+001 1.00000000e+001 1.81555076e-009 1.12013549e-007 3.38553256e-007 4.36122042e-007 7.15918715e-007 8.19418395e-007 8.65585923e-007 1.13885828e-006 1.37089600e-006 
2.50000000e+000 9.28571429e+000 1.00000000e+001 3.06658496e-010 4.17015938e-008 1.64501632e-007 2.25698585e-007 4.19670080e-007 4.97498085e-007 5.33193992e-007 7.61822398e-007 9.88738710e-007 
2.50000000e+000 4.82142857e+000 1.00000000e+001 5.22638345e-011 1.65226281e-008 8.53721587e-008 1.24665350e-007 2.61512669e-007 3.20425269e-007 3.48076474e-007 5.35814253e-007 7.40859325e-007 
2.50000000e+000 0.00000000e+000 1.00000000e+001 1.85867245e-011 1.04962163e-008 6.33154045e-008 9.55879315e-008 2.13199276e-007 2.65451297e-007 2.90221901e-007 4.62431368e-007 6.57185627e-007 
0.00000000e+000 3.50000000e+001 2.00000000e+001 2.40835454e-004 1.62103260e-004 1.02079413e-004 8.98243408e-005 6.81135745e-005 6.23374248e-005 5.99827032e-005 4.57028793e-005 3.22808153e-005 
0.00000000e+000 3.48214286e+001 2.00000000e+001 2.39081438e-004 1.60950167e-004 1.01360354e-004 8.91936240e-005 6.76393274e-005 6.19046740e-005 5.95668317e-005 4.53882681e-005 3.20592973e-005 
0.00000000e+000 3.42857143e+001 2.00000000e+001 2.33744843e-004 1.57437959e-004 9.91690761e-005 8.72713165e-005 6.61934907e-005 6.05852500e-005 5.82988250e-005 4.44288512e-005 3.13836247e-005 
0.00000000e+000 3.33928571e+001 2.00000000e+001 2.25274817e-004 1.51865964e-004 9.56941715e-005 8.42235838e-005 6.39027507e-005 5.84953570e-005 5.62906135e-005 4.29104303e-005 3.03146833e-005 
0.00000000e+000 3.21428571e+001 2.00000000e+001 2.14201021e-004 1.44579487e-004 9.11513716e-005 8.02400235e-005 6.09107713e-005 5.57665261e-005 5.36687913e-005 4.09296332e-005 2.89207669e-005 
0.00000000e+000 3.05357143e+001 2.00000000e+001 2.01449734e-004 1.36192291e-004 8.59285944e-005 7.56628761e-005 5.74789956e-005 5.26386045e-005 5.06643773e-005 3.86634518e-005 2.73274251e-005 
0.00000000e+000 2.85714286e+001 2.00000000e+001 1.87309100e-004 1.26881425e-004 8.01341953e-005 7.05869170e-005 5.36791084e-005 4.91773584e-005 4.73407383e-005 3.61607451e-005 2.55696408e-005 
0.00000000e+000 2.62500000e+001 2.00000000e+001 1.72840239e-004 1.17355960e-004 7.42142712e-005 6.54052670e-005 4.98103105e-005 4.56568220e-005 4.39616226e-005 3.36225698e-005 2.37895473e-005 
0.00000000e+000 2.35714286e+001 2.00000000e+001 1.58439994e-004 1.07861001e-004 6.83175417e-005 6.02471232e-005 4.59678469e-005 4.21634597e-005 4.06099591e-005 3.11111271e-005 2.20306772e-005 
0.00000000e+000 2.05357143e+001 2.00000000e+001 1.44549590e-004 9.87068114e-005 6.26346026e-005 5.52788461e-005 4.22752262e-005 3.88095464e-005 3.73934893e-005 2.87076095e-005 2.03506148e-005 
0.00000000e+000 1.71428571e+001 2.00000000e+001 1.31576342e-004 9.01872705e-005 5.73456038e-005 5.06545705e-005 3.88398788e-005 3.56905945e-005 3.44030031e-005 2.64768105e-005 1.87939356e-005 
0.00000000e+000 1.33928571e+001 2.00000000e+001 1.20707327e-004 8.31692082e-005 5.30053146e-005 4.68617876e-005 3.60252939e-005 3.31366108e-005 3.19548912e-005 2.46547706e-005 1.75265524e-005 
0.00000000e+000 9.28571429e+000 2.00000000e+001 1.13618114e-004 7.87278938e-005 5.02653785e-005 4.44654537e-005 3.42474370e-005 3.15253455e-005 3.04115038e-005 2.35131395e-005 1.67389111e-005 
0.00000000e+000 4.82142857e+000 2.00000000e+001 1.07630427e-004 7.49719503e-005 4.78770365e-005 4.23558700e-005 3.26534639e-005 3.00742603e-005 2.90191380e-005 2.24746854e-005 1.60199526e-005 
0.00000000e+000 0.00000000e+000 2.00000000e+001 1.05216263e-004 7.35182717e-005 4.69750787e-005 4.15628827e-005 3.20596573e-005 2.95351000e-005 2.85023654e-005 2.20916092e-005 1.57558945e-005 
2.50000000e-001 3.50000000e+001 2.00000000e+001 1.87319636e-004 1.33958237e-004 8.69191998e-005 7.70980809e-005 5.94756241e-005 5.47201728e-005 5.27721676e-005 4.07774044e-005 2.92539946e-005 
2.50000000e-001 3.48214286e+001 2.00000000e+001 1.80826324e-004 1.30913482e-004 8.52936890e-005 7.57298263e-005 5.85332229e-005 5.38828241e-005 5.19765264e-005 4.02157967e-005 2.88871924e-005 
2.50000000e-001 3.42857143e+001 2.00000000e+001 1.66307000e-004 1.23661236e-004 8.12991813e-005 7.23381827e-005 5.61520037e-005 5.17543371e-005 4.99488477e-005 3.87613862e-005 2.79199887e-005 
2.50000000e-001 3.33928571e+001 2.00000000e+001 1.47380432e-004 1.13693310e-004 7.56827477e-005 6.75410038e-005 5.27416014e-005 4.86944538e-005 4.70292593e-005 3.66468966e-005 2.64989272e-005 
2.50000000e-001 3.21428571e+001 2.00000000e+001 1.26735523e-004 1.02219985e-004 6.90752410e-005 6.18657414e-005 4.86601425e-005 4.50200242e-005 4.35182892e-005 3.40820404e-005 2.47589044e-005 
2.50000000e-001 3.05357143e+001 2.00000000e+001 1.06272964e-004 9.02371273e-005 6.20418019e-005 5.57970870e-005 4.42567283e-005 4.10458712e-005 3.97170172e-005 3.12881860e-005 2.28509710e-005 
2.50000000e-001 2.85714286e+001 2.00000000e+001 8.72858568e-005 7.84502573e-005 5.49693725e-005 4.96618783e-005 3.97572098e-005 3.69726413e-005 3.58160465e-005 2.83992996e-005 2.08616301e-005 
2.50000000e-001 2.62500000e+001 2.00000000e+001 7.06351023e-005 6.75130983e-005 4.82780381e-005 4.38314895e-005 3.54457200e-005 3.30609452e-005 3.20663602e-005 2.56074938e-005 1.89274165e-005 
2.50000000e-001 2.35714286e+001 2.00000000e+001 5.65633773e-005 5.76902808e-005 4.21401211e-005 3.84573943e-005 3.14355008e-005 2.94136861e-005 2.85666485e-005 2.29863507e-005 1.70991485e-005 
2.50000000e-001 2.05357143e+001 2.00000000e+001 4.51135532e-005 4.91883111e-005 3.67120043e-005 3.36814505e-005 2.78388264e-005 2.61344572e-005 2.54168914e-005 2.06133161e-005 1.54327790e-005 
2.50000000e-001 1.71428571e+001 2.00000000e+001 3.60657698e-005 4.20408059e-005 3.20495273e-005 2.95580302e-005 2.47023862e-005 2.32669841e-005 2.26595375e-005 1.85225465e-005 1.39548283e-005 
2.50000000e-001 1.33928571e+001 2.00000000e+001 2.93634386e-005 3.65192882e-005 2.84044198e-005 2.63252350e-005 2.22295700e-005 2.10028630e-005 2.04810811e-005 1.68657138e-005 1.27809581e-005 
2.50000000e-001 9.28571429e+000 2.00000000e+001 2.49486189e-005 3.28896238e-005 2.60225866e-005 2.42151846e-005 2.06213798e-005 1.95330733e-005 1.90681692e-005 1.57985786e-005 1.20320356e-005 
2.50000000e-001 4.82142857e+000 2.00000000e+001 2.19743061e-005 3.02523292e-005 2.42016154e-005 2.25773289e-005 1.93342998e-005 1.83467725e-005 1.79238296e-005 1.49174751e-005 1.14032376e-005 
2.50000000e-001 0.00000000e+000 2.00000000e+001 2.08746734e-005 2.92673589e-005 2.35260578e-005 2.19707859e-005 1.88597107e-005 1.79099761e-005 1.75027472e-005 1.45944048e-005 1.11732290e-005 
5.00000000e-001 3.50000000e+001 2.00000000e+001 1.76465540e-004 1.24190645e-004 8.03596039e-005 7.12781168e-005 5.50483937e-005 5.06829505e-005 4.88963096e-005 3.78982740e-005 2.73275544e-005 
5.00000000e-001 3.48214286e+001 2.00000000e+001 1.65958914e-004 1.19456831e-004 7.79053883e-005 6.92314870e-005 5.36699547e-005 4.94673588e-005 4.77450816e-005 3.71032249e-005 2.68221153e-005 
5.00000000e-001 3.42857143e+001 2.00000000e+001 1.44399044e-004 1.09041288e-004 7.23244928e-005 6.45345444e-005 5.04412031e-005 4.66015878e-005 4.50234701e-005 3.51902318e-005 2.55809825e-005 
5.00000000e-001 3.33928571e+001 2.00000000e+001 1.18616288e-004 9.56538935e-005 6.49339408e-005 5.82658864e-005 4.60600453e-005 4.26933930e-005 4.13039511e-005 3.25414158e-005 2.38376508e-005 
5.00000000e-001 3.21428571e+001 2.00000000e+001 9.30043348e-005 8.12615599e-005 5.67394887e-005 5.12603949e-005 4.10827013e-005 3.82315339e-005 3.70486878e-005 2.94726833e-005 2.17902145e-005 
5.00000000e-001 3.05357143e+001 2.00000000e+001 7.00633469e-005 6.72008918e-005 4.84784315e-005 4.41436655e-005 3.59478652e-005 3.36080952e-005 3.26311906e-005 2.62520190e-005 1.96167826e-005 
5.00000000e-001 2.85714286e+001 2.00000000e+001 5.10173056e-005 5.43585575e-005 4.06696258e-005 3.73597528e-005 3.09692397e-005 2.91031680e-005 2.83180326e-005 2.30683385e-005 1.74397192e-005 
5.00000000e-001 2.62500000e+001 2.00000000e+001 3.61513724e-005 4.32702813e-005 3.36928467e-005 3.12497503e-005 2.64142224e-005 2.49633466e-005 2.43471926e-005 2.01057206e-005 1.53909424e-005 
5.00000000e-001 2.35714286e+001 2.00000000e+001 2.50612035e-005 3.40489467e-005 2.76744638e-005 2.59336231e-005 2.23839439e-005 2.12830814e-005 2.08102169e-005 1.74361034e-005 1.35220608e-005 
5.00000000e-001 2.05357143e+001 2.00000000e+001 1.71329513e-005 2.66719558e-005 2.26779353e-005 2.14818827e-005 1.89516179e-005 1.81339045e-005 1.77776685e-005 1.51204188e-005 1.18808230e-005 
5.00000000e-001 1.71428571e+001 2.00000000e+001 1.16586880e-005 2.09481440e-005 1.86509258e-005 1.78616228e-005 1.61101851e-005 1.55135972e-005 1.52490695e-005 1.31655392e-005 1.04776790e-005 
5.00000000e-001 1.33928571e+001 2.00000000e+001 8.06271046e-006 1.67857252e-005 1.56385996e-005 1.51364232e-005 1.39447602e-005 1.35098654e-005 1.33127648e-005 1.16568604e-005 9.38731809e-006 
5.00000000e-001 9.28571429e+000 2.00000000e+001 5.86602819e-006 1.40748758e-005 1.36606921e-005 1.33449549e-005 1.25206668e-005 1.21929844e-005 1.20407234e-005 1.06699712e-005 8.67957960e-006 
5.00000000e-001 4.82142857e+000 2.00000000e+001 4.58310345e-006 1.22941459e-005 1.22831445e-005 1.20759082e-005 1.14752560e-005 1.12161850e-005 1.10930888e-005 9.91588123e-006 8.12516035e-006 
5.00000000e-001 0.00000000e+000 2.00000000e+001 4.14355477e-006 1.16531160e-005 1.17833980e-005 1.16150033e-005 1.10951874e-005 1.08610654e-005 1.07485867e-005 9.64183639e-006 7.92362995e-006 
7.50000000e-001 3.50000000e+001 2.00000000e+001 1.72393988e-004 1.19871541e-004 7.70984901e-005 6.82835738e-005 5.25883035e-005 4.83846207e-005 4.66668342e-005 3.61322170e-005 2.60610012e-005 
7.50000000e-001 3.48214286e+001 2.00000000e+001 1.58286276e-004 1.13591683e-004 7.38767347e-005 6.56064385e-005 5.08013547e-005 4.68137584e-005 4.51812460e-005 3.51161198e-005 2.54232454e-005 
7.50000000e-001 3.42857143e+001 2.00000000e+001 1.30966461e-004 1.00442833e-004 6.68895697e-005 5.97443051e-005 4.68045214e-005 4.32767039e-005 4.18265678e-005 3.27796385e-005 2.39258160e-005 
7.50000000e-001 3.33928571e+001 2.00000000e+001 1.00420695e-004 8.43596354e-005 5.80297248e-005 5.22415094e-005 4.15874048e-005 3.86322149e-005 3.74104350e-005 2.96561020e-005 2.18901683e-005 
7.50000000e-001 3.21428571e+001 2.00000000e+001 7.23536318e-005 6.79721038e-005 4.86424082e-005 4.42133296e-005 3.58894950e-005 3.35287397e-005 3.25454081e-005 2.61612044e-005 1.95743650e-005 
7.50000000e-001 3.05357143e+001 2.00000000e+001 4.93791966e-005 5.28625387e-005 3.96096936e-005 3.64075299e-005 3.02315808e-005 2.84301886e-005 2.76727246e-005 2.26079100e-005 1.71833109e-005 
7.50000000e-001 2.85714286e+001 2.00000000e+001 3.21409696e-005 3.99102996e-005 3.14967068e-005 2.93168035e-005 2.49734712e-005 2.36605861e-005 2.31018362e-005 1.92196563e-005 1.48640394e-005 
7.50000000e-001 2.62500000e+001 2.00000000e+001 2.01002188e-005 2.94434183e-005 2.46110232e-005 2.32287946e-005 2.03550239e-005 1.94441945e-005 1.90503159e-005 1.61691993e-005 1.27427466e-005 
7.50000000e-001 2.35714286e+001 2.00000000e+001 1.21419150e-005 2.13342205e-005 1.89880922e-005 1.81955939e-005 1.64431249e-005 1.58482865e-005 1.55851707e-005 1.35163860e-005 1.08663445e-005 
7.50000000e-001 2.05357143e+001 2.00000000e+001 7.14064613e-006 1.53040559e-005 1.45744882e-005 1.41952035e-005 1.32569518e-005 1.28991725e-005 1.27351330e-005 1.12975413e-005 9.26981337e-006 
7.50000000e-001 1.71428571e+001 2.00000000e+001 4.12805067e-006 1.09660899e-005 1.12165739e-005 1.11118881e-005 1.07373797e-005 1.05499631e-005 1.04579405e-005 9.49294611e-006 7.94808767e-006 
7.50000000e-001 1.33928571e+001 2.00000000e+001 2.39720672e-006 8.01010444e-006 8.81640330e-006 8.88470256e-006 8.88022047e-006 8.80867690e-006 8.76616303e-006 8.13489927e-006 6.94190122e-006 
7.50000000e-001 9.28571429e+000 2.00000000e+001 1.45619588e-006 6.15560255e-006 7.26513303e-006 7.43724980e-006 7.66296484e-006 7.66560942e-006 7.65504953e-006 7.24229784e-006 6.28301820e-006 
7.50000000e-001 4.82142857e+000 2.00000000e+001 9.75084321e-007 5.03070263e-006 6.25878489e-006 6.48082947e-006 6.82681328e-006 6.87132972e-006 6.87923015e-006 6.60079188e-006 5.79521511e-006 
7.50000000e-001 0.00000000e+000 2.00000000e+001 8.22891472e-007 4.64056453e-006 5.90244077e-006 6.14082697e-006 6.52766254e-006 6.58674260e-006 6.60110004e-006 6.37011760e-006 5.61926504e-006 
1.00000000e+000 3.50000000e+001 2.00000000e+001 1.70284013e-004 1.17537633e-004 7.52493649e-005 6.65556658e-005 5.11042536e-005 4.69765557e-005 4.52915882e-005 3.49927317e-005 2.51991813e-005 
1.00000000e+000 3.48214286e+001 2.00000000e+001 1.52852881e-004 1.09813304e-004 7.13060975e-005 6.32847310e-005 4.89308531e-005 4.50690936e-005 4.34889985e-005 3.37661188e-005 2.44347084e-005 
1.00000000e+000 3.42857143e+001 2.00000000e+001 1.20646426e-004 9.42450930e-005 6.30523442e-005 5.63681523e-005 4.42315799e-005 4.09160686e-005 3.95525781e-005 3.10369011e-005 2.26970908e-005 
1.00000000e+000 3.33928571e+001 2.00000000e+001 8.66993381e-005 7.59857092e-005 5.29576824e-005 4.78176265e-005 3.82894998e-005 3.56289160e-005 3.45267466e-005 2.74908256e-005 2.03964940e-005 
1.00000000e+000 3.21428571e+001 2.00000000e+001 5.76528345e-005 5.82418031e-005 4.26745629e-005 3.90043250e-005 3.20139429e-005 3.00046886e-005 2.91642619e-005 2.36375179e-005 1.78479600e-005 
1.00000000e+000 3.05357143e+001 2.00000000e+001 3.58057160e-005 4.27348028e-005 3.31944456e-005 3.07726869e-005 2.59959373e-005 2.45699603e-005 2.39659115e-005 1.98311795e-005 1.52818379e-005 
1.00000000e+000 2.85714286e+001 2.00000000e+001 2.09268863e-005 3.02086289e-005 2.50697664e-005 2.36166529e-005 2.06121473e-005 1.96676494e-005 1.92606228e-005 1.63149937e-005 1.28614753e-005 
1.00000000e+000 2.62500000e+001 2.00000000e+001 1.16018311e-005 2.07149380e-005 1.85053102e-005 1.77468414e-005 1.60622681e-005 1.54894967e-005 1.52362953e-005 1.32455925e-005 1.07052938e-005 
1.00000000e+000 2.35714286e+001 2.00000000e+001 6.13410977e-006 1.38524961e-005 1.34200787e-005 1.31253936e-005 1.23638711e-005 1.20624641e-005 1.19230487e-005 1.06628012e-005 8.85107662e-006 
1.00000000e+000 2.05357143e+001 2.00000000e+001 3.11646759e-006 9.10748410e-006 9.63995193e-006 9.63216912e-006 9.47559597e-006 9.36139226e-006 9.30169103e-006 8.57365237e-006 7.31803459e-006 
1.00000000e+000 1.71428571e+001 2.00000000e+001 1.53542995e-006 5.94431072e-006 6.92172376e-006 7.07610457e-006 7.28866602e-006 7.29632232e-006 7.28950594e-006 6.93221381e-006 6.08574205e-006 
1.00000000e+000 1.33928571e+001 2.00000000e+001 7.48649908e-007 3.93648238e-006 5.07127088e-006 5.30905289e-006 5.73165924e-006 5.81413784e-006 5.84048567e-006 5.72799047e-006 5.16656972e-006 
1.00000000e+000 9.28571429e+000 2.00000000e+001 3.76452652e-007 2.74397532e-006 3.91023932e-006 4.18814962e-006 4.72537008e-006 4.85204488e-006 4.89837861e-006 4.93940716e-006 4.56356200e-006 
1.00000000e+000 4.82142857e+000 2.00000000e+001 2.11236976e-007 2.07222038e-006 3.20143179e-006 3.48958529e-006 4.07079434e-006 4.21826053e-006 4.27445581e-006 4.40030423e-006 4.13749500e-006 
1.00000000e+000 0.00000000e+000 2.00000000e+001 1.63503668e-007 1.84828811e-006 2.95687107e-006 3.24689413e-006 3.84064501e-006 3.99475161e-006 4.05416162e-006 4.20871437e-006 3.98515012e-006 
1.25000000e+000 3.50000000e+001 2.00000000e+001 1.68997878e-004 1.16088118e-004 7.40808690e-005 6.54555869e-005 5.01383238e-005 4.60520858e-005 4.43850493e-005 3.42198568e-005 2.45919260e-005 
1.25000000e+000 3.48214286e+001 2.00000000e+001 1.48454432e-004 1.06996811e-004 6.94518685e-005 6.16196276e-005 4.75961806e-005 4.38231478e-005 4.22795753e-005 3.27915308e-005 2.37055759e-005 
1.25000000e+000 3.42857143e+001 2.00000000e+001 1.12022624e-004 8.92521082e-005 6.00421750e-005 5.37371533e-005 4.22482889e-005 3.90999192e-005 3.78040531e-005 2.96958389e-005 2.17419995e-005 
1.25000000e+000 3.33928571e+001 2.00000000e+001 7.56494112e-005 6.92091724e-005 4.88959110e-005 4.42862442e-005 3.56715845e-005 3.32470895e-005 3.22403107e-005 2.57716297e-005 1.92005875e-005 
1.25000000e+000 3.21428571e+001 2.00000000e+001 4.65569405e-005 5.05678041e-005 3.79421973e-005 3.48708320e-005 2.89326908e-005 2.71999855e-005 2.64718063e-005 2.16170252e-005 1.64505798e-005 
1.25000000e+000 3.05357143e+001 2.00000000e+001 2.63846561e-005 3.50844898e-005 2.82442123e-005 2.64041749e-005 2.26790265e-005 2.15368772e-005 2.10489783e-005 1.76225508e-005 1.37457527e-005 
1.25000000e+000 2.85714286e+001 2.00000000e+001 1.38829492e-005 2.32730570e-005 2.02966819e-005 1.93451920e-005 1.72816855e-005 1.66003669e-005 1.63022679e-005 1.40397295e-005 1.12592321e-005 
1.25000000e+000 2.62500000e+001 2.00000000e+001 6.84022370e-006 1.48673272e-005 1.41773429e-005 1.38077538e-005 1.28884655e-005 1.25398960e-005 1.23808876e-005 1.10039883e-005 9.09926140e-006 
1.25000000e+000 2.35714286e+001 2.00000000e+001 3.17315771e-006 9.19505562e-006 9.67718446e-006 9.65253679e-006 9.45809926e-006 9.33346073e-006 9.26979825e-006 8.52934332e-006 7.29101789e-006 
1.25000000e+000 2.05357143e+001 2.00000000e+001 1.39619987e-006 5.55003058e-006 6.50903377e-006 6.66483548e-006 6.88765276e-006 6.90275319e-006 6.90000898e-006 6.59127079e-006 5.83612539e-006 
1.25000000e+000 1.71428571e+001 2.00000000e+001 5.87684872e-007 3.30142207e-006 4.35670669e-006 4.58960321e-006 5.02308536e-006 5.11786749e-006 5.15102835e-006 5.11852554e-006 4.69902462e-006 
1.25000000e+000 1.33928571e+001 2.00000000e+001 2.41070960e-007 1.97851002e-006 2.96614720e-006 3.22075718e-006 3.74349924e-006 3.87957830e-006 3.93223579e-006 4.06629735e-006 3.86837445e-006 
1.25000000e+000 9.28571429e+000 2.00000000e+001 1.00221886e-007 1.24335367e-006 2.12743592e-006 2.38102334e-006 2.93449589e-006 3.09079887e-006 3.15359599e-006 3.38427611e-006 3.32549349e-006 
1.25000000e+000 4.82142857e+000 2.00000000e+001 4.65014130e-008 8.58986262e-007 1.64370208e-006 1.88500559e-006 2.43291342e-006 2.59482148e-006 2.66110067e-006 2.93753706e-006 2.95686558e-006 
1.25000000e+000 0.00000000e+000 2.00000000e+001 3.25032768e-008 7.36272397e-007 1.48140140e-006 1.71689249e-006 2.25982097e-006 2.42286755e-006 2.49003570e-006 2.78077438e-006 2.82630929e-006 
1.50000000e+000 3.50000000e+001 2.00000000e+001 1.68135410e-004 1.15101732e-004 7.32796765e-005 6.46990361e-005 4.94674656e-005 4.54072245e-005 4.37513714e-005 3.36706351e-005 2.41492334e-005 
1.50000000e+000 3.48214286e+001 2.00000000e+001 1.44650873e-004 1.04706161e-004 6.79939768e-005 6.03214623e-005 4.65711288e-005 4.28692911e-005 4.13546878e-005 3.20479954e-005 2.31451726e-005 
1.50000000e+000 3.42857143e+001 2.00000000e+001 1.04523789e-004 8.49825171e-005 5.75191497e-005 5.15460446e-005 4.06194956e-005 3.76142100e-005 3.63758777e-005 2.86082687e-005 2.09680948e-005 
1.50000000e+000 3.33928571e+001 2.00000000e+001 6.64590014e-005 6.34667554e-005 4.54690494e-005 4.13143283e-005 3.34827037e-005 3.12596178e-005 3.03339922e-005 2.43436427e-005 1.82069207e-005 
1.50000000e+000 3.21428571e+001 2.00000000e+001 3.79277872e-005 4.42702545e-005 3.40197370e-005 3.14405909e-005 2.63726313e-005 2.48692369e-005 2.42341195e-005 1.99355850e-005 1.52824680e-005 
1.50000000e+000 3.05357143e+001 2.00000000e+001 1.96503036e-005 2.90884381e-005 2.42688409e-005 2.28788175e-005 1.99784782e-005 1.90612848e-005 1.86656734e-005 1.58053931e-005 1.24695100e-005 
1.50000000e+000 2.85714286e+001 2.00000000e+001 9.32462818e-006 1.81352307e-005 1.66174966e-005 1.60237224e-005 1.46475467e-005 1.41624224e-005 1.39459951e-005 1.22036449e-005 9.94561609e-006 
1.50000000e+000 2.62500000e+001 2.00000000e+001 4.08950923e-006 1.08095639e-005 1.09994248e-005 1.08776540e-005 1.04658679e-005 1.02713187e-005 1.01777007e-005 9.23976887e-006 7.80640732e-006 
1.50000000e+000 2.35714286e+001 2.00000000e+001 1.66693962e-006 6.19274091e-006 7.07597653e-006 7.19602152e-006 7.32807221e-006 7.31183852e-006 7.29551786e-006 6.89793732e-006 6.06179917e-006 
1.50000000e+000 2.05357143e+001 2.00000000e+001 6.36124877e-007 3.43668523e-006 4.46090016e-006 4.67852229e-006 5.07212773e-006 5.15385575e-006 5.18159061e-006 5.12151682e-006 4.69489875e-006 
1.50000000e+000 1.71428571e+001 2.00000000e+001 2.29089973e-007 1.86518472e-006 2.78383628e-006 3.01971397e-006 3.50477200e-006 3.63204694e-006 3.68163189e-006 3.81554023e-006 3.65548677e-006 
1.50000000e+000 1.33928571e+001 2.00000000e+001 7.91921779e-008 1.01145708e-006 1.75873374e-006 1.97869369e-006 2.47023367e-006 2.61355213e-006 2.67204467e-006 2.90807639e-006 2.91249915e-006 
1.50000000e+000 9.28571429e+000 2.00000000e+001 2.72526911e-008 5.71217485e-007 1.16869213e-006 1.36534423e-006 1.83428375e-006 1.98061196e-006 2.04191938e-006 2.32888910e-006 2.43092057e-006 
1.50000000e+000 4.82142857e+000 2.00000000e+001 1.03810926e-008 3.58203818e-007 8.46975666e-007 1.02142211e-006 1.45726553e-006 1.59935683e-006 1.65983577e-006 1.96376242e-006 2.11517935e-006 
1.50000000e+000 0.00000000e+000 2.00000000e+001 6.46458462e-009 2.93344017e-007 7.42254211e-007 9.07928684e-007 1.32974165e-006 1.46957023e-006 1.52943083e-006 1.83736880e-006 2.00449284e-006 
1.75000000e+000 3.50000000e+001 2.00000000e+001 1.67519098e-004 1.14387821e-004 7.26967157e-005 6.41477317e-005 4.89764385e-005 4.49342683e-005 4.32861476e-005 3.32638586e-005 2.38160489e-005 
1.75000000e+000 3.48214286e+001 2.00000000e+001 1.41237923e-004 1.02740818e-004 6.67787475e-005 5.92482450e-005 4.57381836e-005 4.20978874e-005 4.06081303e-005 3.14532162e-005 2.26978852e-005 
1.75000000e+000 3.42857143e+001 2.00000000e+001 9.78555228e-005 8.12046255e-005 5.53156434e-005 4.96417315e-005 3.92210579e-005 3.63437191e-005 3.51566660e-005 2.76888341e-005 2.03182373e-005 
1.75000000e+000 3.33928571e+001 2.00000000e+001 5.86686726e-005 5.84699808e-005 4.24843204e-005 3.87288268e-005 3.15868939e-005 2.95413423e-005 2.86871993e-005 2.31161066e-005 1.73556824e-005 
1.75000000e+000 3.21428571e+001 2.00000000e+001 3.10936796e-005 3.89802384e-005 3.06785992e-005 2.85121770e-005 2.41810859e-005 2.28732650e-005 2.23176357e-005 1.84948810e-005 1.42801081e-005 
1.75000000e+000 3.05357143e+001 2.00000000e+001 1.47475622e-005 2.42836904e-005 2.09950165e-005 1.99592672e-005 1.77199376e-005 1.69857106e-005 1.66654573e-005 1.42713611e-005 1.13846066e-005 
1.75000000e+000 2.85714286e+001 2.00000000e+001 6.31907916e-006 1.42451476e-005 1.37123698e-005 1.33767866e-005 1.25117120e-005 1.21762695e-005 1.20226084e-005 1.06873320e-005 8.84668001e-006 
1.75000000e+000 2.62500000e+001 2.00000000e+001 2.46955264e-006 7.93109943e-006 8.61028622e-006 8.64570933e-006 8.57296235e-006 8.48597604e-006 8.43861427e-006 7.82198002e-006 6.74700863e-006 
1.75000000e+000 2.35714286e+001 2.00000000e+001 8.85343060e-007 4.21342280e-006 5.22585094e-006 5.41798721e-006 5.73222422e-006 5.78211737e-006 5.79539936e-006 5.62702043e-006 5.07828287e-006 
1.75000000e+000 2.05357143e+001 2.00000000e+001 2.93282264e-007 2.15223779e-006 3.09084441e-006 3.31966336e-006 3.77307586e-006 3.88605053e-006 3.92903739e-006 4.01436299e-006 3.80482757e-006 
1.75000000e+000 1.71428571e+001 2.00000000e+001 9.04466440e-008 1.06682070e-006 1.79938930e-006 2.00903981e-006 2.47004577e-006 2.60249167e-006 2.65632144e-006 2.86750929e-006 2.86251757e-006 
1.75000000e+000 1.33928571e+001 2.00000000e+001 2.63768875e-008 5.23776821e-007 1.05443832e-006 1.22837324e-006 1.64450531e-006 1.77535011e-006 1.83043391e-006 2.09359703e-006 2.20405187e-006 
1.75000000e+000 9.28571429e+000 2.00000000e+001 7.52600159e-009 2.65464742e-007 6.47510087e-007 7.88983750e-007 1.15347155e-006 1.27620431e-006 1.32914941e-006 1.60923059e-006 1.78233974e-006 
1.75000000e+000 4.82142857e+000 2.00000000e+001 2.34561559e-009 1.50213335e-007 4.37952272e-007 5.55143974e-007 8.74764439e-007 9.87705433e-007 1.03722832e-006 1.31458725e-006 1.51453445e-006 
1.75000000e+000 0.00000000e+000 2.00000000e+001 1.28637305e-009 1.16892239e-007 3.71939319e-007 4.80168859e-007 7.82499110e-007 8.91398251e-007 9.39450359e-007 1.21406292e-006 1.42167115e-006 
2.00000000e+000 3.50000000e+001 2.00000000e+001 1.67058049e-004 1.13847907e-004 7.22536883e-005 6.37282849e-005 4.86019068e-005 4.45731624e-005 4.29307716e-005 3.29517297e-005 2.35579283e-005 
2.00000000e+000 3.48214286e+001 2.00000000e+001 1.38105399e-004 1.00995228e-004 6.57245791e-005 5.83239157e-005 4.50323410e-005 4.14474514e-005 3.99799587e-005 3.09585585e-005 2.23288175e-005 
2.00000000e+000 3.42857143e+001 2.00000000e+001 9.18415447e-005 7.77900498e-005 5.33397983e-005 4.79399545e-005 3.79829876e-005 3.52227240e-005 3.40825271e-005 2.68864885e-005 1.97562655e-005 
2.00000000e+000 3.33928571e+001 2.00000000e+001 5.19821087e-005 5.40486427e-005 3.98312431e-005 3.64306379e-005 2.99052104e-005 2.80189442e-005 2.72289739e-005 2.20336859e-005 1.66084775e-005 
2.00000000e+000 3.21428571e+001 2.00000000e+001 2.56140997e-005 3.44690665e-005 2.77818022e-005 2.59653470e-005 2.22663769e-005 2.11279689e-005 2.06413727e-005 1.72335303e-005 1.34019831e-005 
2.00000000e+000 3.05357143e+001 2.00000000e+001 1.11331052e-005 2.03770941e-005 1.82537743e-005 1.74992939e-005 1.57955545e-005 1.52122435e-005 1.49544650e-005 1.29511588e-005 1.04453759e-005 
2.00000000e+000 2.85714286e+001 2.00000000e+001 4.31149082e-006 1.12566541e-005 1.13809446e-005 1.12318221e-005 1.07490852e-005 1.05291045e-005 1.04242939e-005 9.41278014e-006 7.91217703e-006 
2.00000000e+000 2.62500000e+001 2.00000000e+001 1.50267770e-006 5.85873817e-006 6.78478248e-006 6.91714531e-006 7.06848030e-006 7.05675211e-006 7.04228059e-006 6.66375144e-006 5.86601975e-006 
2.00000000e+000 2.35714286e+001 2.00000000e+001 4.74134627e-007 2.88848065e-006 3.88823993e-006 4.10957356e-006 4.51669749e-006 4.60556838e-006 4.63694188e-006 4.62187280e-006 4.28098785e-006 
2.00000000e+000 2.05357143e+001 2.00000000e+001 1.36422638e-007 1.35915557e-006 2.15927147e-006 2.37480117e-006 2.82899291e-006 2.95295275e-006 3.00228396e-006 3.16909926e-006 3.10285571e-006 
2.00000000e+000 1.71428571e+001 2.00000000e+001 3.60471974e-008 6.15796896e-007 1.17344545e-006 1.34832597e-006 1.75502612e-006 1.87954927e-006 1.93151122e-006 2.17001640e-006 2.25459493e-006 
2.00000000e+000 1.33928571e+001 2.00000000e+001 8.87492539e-009 2.73920694e-007 6.37882063e-007 7.69154700e-007 1.10308788e-006 1.21465054e-006 1.26271837e-006 1.51617115e-006 1.67574371e-006 
2.00000000e+000 9.28571429e+000 2.00000000e+001 2.10246549e-009 1.24553942e-007 3.61442442e-007 4.59059794e-007 7.29337649e-007 8.26499192e-007 8.69430056e-007 1.11626114e-006 1.31055515e-006 
2.00000000e+000 4.82142857e+000 2.00000000e+001 5.35478205e-010 6.33222377e-008 2.27209048e-007 3.02596830e-007 5.26208333e-007 6.11128272e-007 6.49336088e-007 8.81198565e-007 1.08547993e-006 
2.00000000e+000 0.00000000e+000 2.00000000e+001 2.56097275e-010 4.65868869e-008 1.86393581e-007 2.53962629e-007 4.60493755e-007 5.40721880e-007 5.77082017e-007 8.02232608e-007 1.00833211e-006 
2.25000000e+000 3.50000000e+001 2.00000000e+001 1.66700906e-004 1.13425895e-004 7.19058026e-005 6.33985562e-005 4.83068806e-005 4.42885353e-005 4.26505815e-005 3.27050432e-005 2.33527931e-005 
2.25000000e+000 3.48214286e+001 2.00000000e+001 1.35187345e-004 9.94079532e-005 6.47841977e-005 5.75043271e-005 4.44153505e-005 4.08815262e-005 3.94344944e-005 3.05341682e-005 2.20155280e-005 
2.25000000e+000 3.42857143e+001 2.00000000e+001 8.63651491e-005 7.46598381e-005 5.15364777e-005 4.63902771e-005 3.68631876e-005 3.42114840e-005 3.31147179e-005 2.61694681e-005 1.92586997e-005 
2.25000000e+000 3.33928571e+001 2.00000000e+001 4.61918326e-005 5.00915931e-005 3.74403276e-005 3.43578750e-005 2.83886006e-005 2.66467597e-005 2.59150497e-005 2.10611987e-005 1.59399825e-005 
2.25000000e+000 3.21428571e+001 2.00000000e+001 2.11811398e-005 3.05814572e-005 2.52395427e-005 2.37219475e-005 2.05695424e-005 1.95792493e-005 1.91532016e-005 1.61115053e-005 1.26201756e-005 
2.25000000e+000 3.05357143e+001 2.00000000e+001 8.44372260e-006 1.71678997e-005 1.59317473e-005 1.54014197e-005 1.41340808e-005 1.36762100e-005 1.34706684e-005 1.17985124e-005 9.62049231e-006 
2.25000000e+000 2.85714286e+001 2.00000000e+001 2.95760636e-006 8.93686085e-006 9.48837789e-006 9.47292132e-006 9.27578265e-006 9.14518664e-006 9.07859177e-006 8.32692161e-006 7.10701728e-006 
2.25000000e+000 2.62500000e+001 2.00000000e+001 9.19859351e-007 4.35082875e-006 5.37367944e-006 5.56237117e-006 5.85755472e-006 5.89793160e-006 5.90670629e-006 5.70536179e-006 5.12448611e-006 
2.25000000e+000 2.35714286e+001 2.00000000e+001 2.55578481e-007 1.99181541e-006 2.90962439e-006 3.13499534e-006 3.57919621e-006 3.68923740e-006 3.73105265e-006 3.81719923e-006 3.62748370e-006 
2.25000000e+000 2.05357143e+001 2.00000000e+001 6.39006572e-008 8.63858813e-007 1.51810889e-006 1.70969589e-006 2.13444784e-006 2.25785342e-006 2.30831262e-006 2.51652532e-006 2.54383764e-006 
2.25000000e+000 1.71428571e+001 2.00000000e+001 1.44719492e-008 3.57961398e-007 7.70589598e-007 9.11164754e-007 1.25527344e-006 1.36626446e-006 1.41351803e-006 1.65186948e-006 1.78481073e-006 
2.25000000e+000 1.33928571e+001 2.00000000e+001 3.00945213e-009 1.44355833e-007 3.88708861e-007 4.85031947e-007 7.44688890e-007 8.36175293e-007 8.76368651e-007 1.10377563e-006 1.27950304e-006 
2.25000000e+000 9.28571429e+000 2.00000000e+001 5.92572695e-010 5.89034819e-008 2.03077623e-007 2.68719854e-007 4.63460870e-007 5.37748824e-007 5.71277593e-007 7.77109646e-007 9.66281540e-007 
2.25000000e+000 4.82142857e+000 2.00000000e+001 1.23318065e-010 2.68230173e-008 1.18249562e-007 1.65397720e-007 3.17183486e-007 3.78823904e-007 4.07220638e-007 5.91466585e-007 7.78697933e-007 
2.25000000e+000 0.00000000e+000 2.00000000e+001 5.10097803e-011 1.85699660e-008 9.34177036e-008 1.34331900e-007 2.71011002e-007 3.28017353e-007 3.54503828e-007 5.30119364e-007 7.15184089e-007 
2.50000000e+000 3.50000000e+001 2.00000000e+001 1.66416463e-004 1.13087435e-004 7.16255874e-005 6.31326785e-005 4.80685058e-005 4.40584403e-005 4.24240231e-005 3.25052658e-005 2.31861253e-005 
2.50000000e+000 3.48214286e+001 2.00000000e+001 1.32441106e-004 9.79404641e-005 6.39281950e-005 5.67620475e-005 4.38633761e-005 4.03773185e-005 3.89493895e-005 3.01610005e-005 2.17432068e-005 
2.50000000e+000 3.42857143e+001 2.00000000e+001 8.13433846e-005 7.17615447e-005 4.98700371e-005 4.49602815e-005 3.58347704e-005 3.32845979e-005 3.22284538e-005 2.55171954e-005 1.88098770e-005 
2.50000000e+000 3.33928571e+001 2.00000000e+001 4.11443375e-005 4.65207930e-005 3.52644998e-005 3.24690028e-005 2.70046312e-005 2.53946577e-005 2.47162282e-005 2.01753083e-005 1.53330127e-005 
2.50000000e+000 3.21428571e+001 2.00000000e+001 1.75704066e-005 2.72051890e-005 2.29887309e-005 2.17275763e-005 1.90502559e-005 1.81902376e-005 1.78176351e-005 1.51015437e-005 1.19153476e-005 
2.50000000e+000 3.05357143e+001 2.00000000e+001 6.42843029e-006 1.45112821e-005 1.39480742e-005 1.35965309e-005 1.26856671e-005 1.23324986e-005 1.21708431e-005 1.07811851e-005 8.88782242e-006 
2.50000000e+000 2.85714286e+001 2.00000000e+001 2.03780332e-006 7.12205115e-006 7.93899943e-006 8.01793802e-006 8.03261055e-006 7.97111447e-006 7.93442228e-006 7.39222410e-006 6.40600361e-006 
2.50000000e+000 2.62500000e+001 2.00000000e+001 5.65848377e-007 3.24483211e-006 4.27345674e-006 4.49109070e-006 4.87361659e-006 4.94922857e-006 4.97415861e-006 4.90433654e-006 4.49415091e-006 
2.50000000e+000 2.35714286e+001 2.00000000e+001 1.38498816e-007 1.37997275e-006 2.18726196e-006 2.40242487e-006 2.84915426e-006 2.96861112e-006 3.01573190e-006 3.16669991e-006 3.08687062e-006 
2.50000000e+000 2.05357143e+001 2.00000000e+001 3.00997941e-008 5.51876911e-007 1.07274026e-006 1.23710014e-006 1.61854132e-006 1.73504146e-006 1.78363733e-006 2.00802681e-006 2.09492340e-006 
2.50000000e+000 1.71428571e+001 2.00000000e+001 5.84433930e-009 2.09242212e-007 5.08855623e-007 6.19161750e-007 9.02713499e-007 9.98486590e-007 1.03995849e-006 1.26373886e-006 1.41918822e-006 
2.50000000e+000 1.33928571e+001 2.00000000e+001 1.02685475e-009 7.65396702e-008 2.38283449e-007 3.07657007e-007 5.05489545e-007 5.78685720e-007 6.11409560e-007 8.07283468e-007 9.80733139e-007 
2.50000000e+000 9.28571429e+000 2.00000000e+001 1.68188604e-010 2.80397237e-008 1.14747849e-007 1.58141029e-007 2.95837161e-007 3.51359940e-007 3.76915257e-007 5.42825019e-007 7.14288110e-007 
2.50000000e+000 4.82142857e+000 2.00000000e+001 2.86113093e-011 1.14129857e-008 6.17275300e-008 9.06457230e-008 1.91566841e-007 2.35243929e-007 2.55819158e-007 3.97508249e-007 5.59131945e-007 
2.50000000e+000 0.00000000e+000 2.00000000e+001 1.01650864e-011 7.40334103e-009 4.68238076e-008 7.10594700e-008 1.59504651e-007 1.98994181e-007 2.17783000e-007 3.50317033e-007 5.07273158e-007 
END