TITLE="2RS_E_WD315.dat"
VARIABLES= "Density" "Radius" "Height" "0.1053" "0.356" "0.6617" "0.7889" "1.1732" "1.3325" "1.408" "2" "3" 
ZONE T="3D Data" I=11 J=15 K=3 F=POINT
0.00000000e+000 3.50000000e+001 0.00000000e+000 2.69253175e-004 1.80356644e-004 1.14189799e-004 1.00691753e-004 7.67474207e-005 7.03551295e-005 6.77447756e-005 5.18236065e-005 3.67279262e-005 
0.00000000e+000 3.48214286e+001 0.00000000e+000 2.67937265e-004 1.79478579e-004 1.13640709e-004 1.00209020e-004 7.63813037e-005 7.00199052e-005 6.74221431e-005 5.15774198e-005 3.65537541e-005 
0.00000000e+000 3.42857143e+001 0.00000000e+000 2.63816835e-004 1.76718085e-004 1.11890033e-004 9.86654957e-005 7.52064819e-005 6.89436828e-005 6.63861838e-005 5.07865378e-005 3.59938060e-005 
0.00000000e+000 3.33928571e+001 0.00000000e+000 2.56142525e-004 1.71598686e-004 1.08653537e-004 9.58156408e-005 7.30441926e-005 6.69647408e-005 6.44820050e-005 4.93354773e-005 3.49665923e-005 
0.00000000e+000 3.21428571e+001 0.00000000e+000 2.45612595e-004 1.64640541e-004 1.04277510e-004 9.19668579e-005 7.01306481e-005 6.42999735e-005 6.19185960e-005 4.73847459e-005 3.35866064e-005 
0.00000000e+000 3.05357143e+001 0.00000000e+000 2.32218031e-004 1.55745379e-004 9.86838502e-005 8.70493543e-005 6.64133041e-005 6.09016679e-005 5.86501984e-005 4.49000598e-005 3.18293687e-005 
0.00000000e+000 2.85714286e+001 0.00000000e+000 2.14447750e-004 1.43928210e-004 9.12660795e-005 8.05351328e-005 6.15027457e-005 5.64166327e-005 5.43382393e-005 4.16282484e-005 2.95162619e-005 
0.00000000e+000 2.62500000e+001 0.00000000e+000 1.92791979e-004 1.29520708e-004 8.22240935e-005 7.25961317e-005 5.55229765e-005 5.09567155e-005 4.90896888e-005 3.76479091e-005 2.67006279e-005 
0.00000000e+000 2.35714286e+001 0.00000000e+000 1.70590347e-004 1.14706874e-004 7.28748852e-005 6.43727814e-005 4.93042647e-005 4.52719033e-005 4.36222833e-005 3.34905092e-005 2.37539517e-005 
0.00000000e+000 2.05357143e+001 0.00000000e+000 1.49648914e-004 1.00694949e-004 6.39755184e-005 5.65247733e-005 4.33335588e-005 3.98040109e-005 3.83596354e-005 2.94732000e-005 2.08999842e-005 
0.00000000e+000 1.71428571e+001 0.00000000e+000 1.31749074e-004 8.88495832e-005 5.63771554e-005 4.97927695e-005 3.81549771e-005 3.50462001e-005 3.37744543e-005 2.59503599e-005 1.83910550e-005 
0.00000000e+000 1.33928571e+001 0.00000000e+000 1.20509174e-004 8.15280209e-005 5.14284316e-005 4.53216958e-005 3.45670476e-005 3.17117237e-005 3.05464336e-005 2.34174455e-005 1.65770043e-005 
0.00000000e+000 9.28571429e+000 0.00000000e+000 1.17513969e-004 7.95166100e-005 4.98766248e-005 4.38275539e-005 3.31772869e-005 3.03659802e-005 2.92223408e-005 2.22937234e-005 1.57432417e-005 
0.00000000e+000 4.82142857e+000 0.00000000e+000 1.16001778e-004 7.85335006e-005 4.92302021e-005 4.32320785e-005 3.26355591e-005 2.98356149e-005 2.86973587e-005 2.18296458e-005 1.53892597e-005 
0.00000000e+000 0.00000000e+000 0.00000000e+000 1.15750139e-004 7.83870808e-005 4.91374134e-005 4.31471441e-005 3.25529167e-005 2.97514020e-005 2.86125190e-005 2.17473698e-005 1.53238175e-005 
2.50000000e-001 3.50000000e+001 0.00000000e+000 2.01599573e-004 1.45805242e-004 9.58379999e-005 8.53591551e-005 6.64629806e-005 6.13211253e-005 5.92072061e-005 4.60450643e-005 3.31963766e-005 
2.50000000e-001 3.48214286e+001 0.00000000e+000 1.95049424e-004 1.42856088e-004 9.42902182e-005 8.40619705e-005 6.55772037e-005 6.05360954e-005 5.84621012e-005 4.55231362e-005 3.28594922e-005 
2.50000000e-001 3.42857143e+001 0.00000000e+000 1.80866334e-004 1.35993389e-004 9.05479897e-005 8.08918073e-005 6.33611460e-005 5.85577156e-005 5.65784527e-005 4.41776316e-005 3.19715984e-005 
2.50000000e-001 3.33928571e+001 0.00000000e+000 1.62001454e-004 1.26213085e-004 8.50318609e-005 7.61762457e-005 5.99994755e-005 5.55383105e-005 5.36961344e-005 4.20848484e-005 3.05642994e-005 
2.50000000e-001 3.21428571e+001 0.00000000e+000 1.41013963e-004 1.14718054e-004 7.84049316e-005 7.04785699e-005 5.58882566e-005 5.18322212e-005 5.01528604e-005 3.94878467e-005 2.87999121e-005 
2.50000000e-001 3.05357143e+001 0.00000000e+000 1.19690932e-004 1.02205248e-004 7.09874001e-005 6.40566162e-005 5.11874240e-005 4.75764958e-005 4.60767421e-005 3.64672129e-005 2.67228218e-005 
2.50000000e-001 2.85714286e+001 0.00000000e+000 9.83805611e-005 8.85605600e-005 6.26074932e-005 5.67380418e-005 4.57347218e-005 4.26144520e-005 4.13137254e-005 3.28901879e-005 2.42260295e-005 
2.50000000e-001 2.62500000e+001 0.00000000e+000 7.84287762e-005 7.46014943e-005 5.37275999e-005 4.89147350e-005 3.98018218e-005 3.71875190e-005 3.60931747e-005 2.89179648e-005 2.14135201e-005 
2.50000000e-001 2.35714286e+001 0.00000000e+000 6.15349840e-005 6.19102752e-005 4.54033215e-005 4.15218437e-005 3.41000327e-005 3.19459586e-005 3.10404305e-005 2.50262101e-005 1.86254498e-005 
2.50000000e-001 2.05357143e+001 0.00000000e+000 4.79409408e-005 5.10266483e-005 3.80694164e-005 3.49593317e-005 2.89563056e-005 2.71946932e-005 2.64511470e-005 2.14505039e-005 1.60374752e-005 
2.50000000e-001 1.71428571e+001 0.00000000e+000 3.77171357e-005 4.24822439e-005 3.21718946e-005 2.96408864e-005 2.47136152e-005 2.32549576e-005 2.26373901e-005 1.84429132e-005 1.38413107e-005 
2.50000000e-001 1.33928571e+001 0.00000000e+000 3.10495782e-005 3.69981041e-005 2.82833454e-005 2.60887787e-005 2.17903882e-005 2.05153192e-005 1.99754628e-005 1.63046479e-005 1.22698539e-005 
2.50000000e-001 9.28571429e+000 0.00000000e+000 2.75955690e-005 3.45223481e-005 2.65949917e-005 2.45326849e-005 2.04505137e-005 1.92380865e-005 1.87255966e-005 1.52634249e-005 1.14954428e-005 
2.50000000e-001 4.82142857e+000 0.00000000e+000 2.55420610e-005 3.30865675e-005 2.57081160e-005 2.37469562e-005 1.98152220e-005 1.86380437e-005 1.81399430e-005 1.47781030e-005 1.11352983e-005 
2.50000000e-001 0.00000000e+000 0.00000000e+000 2.48808011e-005 3.26609699e-005 2.54635768e-005 2.35365915e-005 1.96558988e-005 1.84898055e-005 1.79960390e-005 1.46617117e-005 1.10511289e-005 
5.00000000e-001 3.50000000e+001 0.00000000e+000 1.86504544e-004 1.32870220e-004 8.73625995e-005 7.78966042e-005 6.08895811e-005 5.62691706e-005 5.43696430e-005 4.25056744e-005 3.08571549e-005 
5.00000000e-001 3.48214286e+001 0.00000000e+000 1.75604798e-004 1.28081870e-004 8.49039179e-005 7.58515336e-005 5.95199559e-005 5.50636326e-005 5.32289129e-005 4.17229349e-005 3.03648370e-005 
5.00000000e-001 3.42857143e+001 0.00000000e+000 1.53894738e-004 1.17796774e-004 7.94256984e-005 7.12480511e-005 5.63661645e-005 5.22676563e-005 5.05750208e-005 3.98657363e-005 2.91698470e-005 
5.00000000e-001 3.33928571e+001 0.00000000e+000 1.27816620e-004 1.04396080e-004 7.20154118e-005 6.49571794e-005 5.19590923e-005 4.83331759e-005 4.68292317e-005 3.71941652e-005 2.74126255e-005 
5.00000000e-001 3.21428571e+001 0.00000000e+000 1.01528976e-004 8.97610576e-005 6.36634717e-005 5.78085869e-005 4.68634103e-005 4.37599645e-005 4.24656311e-005 3.40392544e-005 2.53066179e-005 
5.00000000e-001 3.05357143e+001 0.00000000e+000 7.75829726e-005 7.50932037e-005 5.49717453e-005 5.02976157e-005 4.14008309e-005 3.88277309e-005 3.77473667e-005 3.05738969e-005 2.29534263e-005 
5.00000000e-001 2.85714286e+001 0.00000000e+000 5.67974884e-005 6.07571469e-005 4.60529703e-005 4.24939801e-005 3.55757585e-005 3.35269751e-005 3.26597628e-005 2.67607590e-005 2.03053786e-005 
5.00000000e-001 2.62500000e+001 0.00000000e+000 4.00588827e-005 4.76528254e-005 3.74708148e-005 3.48853581e-005 2.97384865e-005 2.81716463e-005 2.75020607e-005 2.28135643e-005 1.75018404e-005 
5.00000000e-001 2.35714286e+001 0.00000000e+000 2.76219234e-005 3.67542756e-005 3.00027994e-005 2.81859835e-005 2.44693702e-005 2.33015679e-005 2.27970405e-005 1.91454172e-005 1.48478927e-005 
5.00000000e-001 2.05357143e+001 0.00000000e+000 1.87886725e-005 2.81237370e-005 2.38367810e-005 2.25928656e-005 1.99652254e-005 1.91090728e-005 1.87346353e-005 1.59227892e-005 1.24775562e-005 
5.00000000e-001 1.71428571e+001 0.00000000e+000 1.28299820e-005 2.17496908e-005 1.91202137e-005 1.82711795e-005 1.64063159e-005 1.57738903e-005 1.54937589e-005 1.33096559e-005 1.05287853e-005 
5.00000000e-001 1.33928571e+001 0.00000000e+000 9.09265774e-006 1.76105516e-005 1.59938090e-005 1.53796076e-005 1.39671098e-005 1.34706086e-005 1.32485770e-005 1.14695166e-005 9.14664500e-006 
5.00000000e-001 9.28571429e+000 0.00000000e+000 6.96078387e-006 1.53668189e-005 1.43857790e-005 1.39014201e-005 1.27137530e-005 1.22810549e-005 1.20863000e-005 1.05050004e-005 8.42415345e-006 
5.00000000e-001 4.82142857e+000 0.00000000e+000 5.74602214e-006 1.40389623e-005 1.34790230e-005 1.30887597e-005 1.20598044e-005 1.16676862e-005 1.14895622e-005 1.00189634e-005 8.06530711e-006 
5.00000000e-001 0.00000000e+000 0.00000000e+000 5.34820255e-006 1.36086133e-005 1.31955240e-005 1.28391179e-005 1.18685040e-005 1.14909864e-005 1.13187330e-005 9.88468097e-006 7.96978025e-006 
7.50000000e-001 3.50000000e+001 0.00000000e+000 1.80761898e-004 1.26905103e-004 8.29470708e-005 7.38718262e-005 5.76466547e-005 5.32599682e-005 5.14592493e-005 4.02423649e-005 2.92615878e-005 
7.50000000e-001 3.48214286e+001 0.00000000e+000 1.66012817e-004 1.20447787e-004 7.96493767e-005 7.11348869e-005 5.58250251e-005 5.16603868e-005 4.99473038e-005 3.92129062e-005 2.86209501e-005 
7.50000000e-001 3.42857143e+001 0.00000000e+000 1.38285108e-004 1.07250113e-004 7.26485001e-005 6.52638678e-005 5.18272081e-005 4.81245651e-005 4.65948331e-005 3.68852201e-005 2.71395684e-005 
7.50000000e-001 3.33928571e+001 0.00000000e+000 1.07317084e-004 9.10279804e-005 6.36774951e-005 5.76563877e-005 4.65202264e-005 4.33954772e-005 4.20965043e-005 3.36981893e-005 2.50639050e-005 
7.50000000e-001 3.21428571e+001 0.00000000e+000 7.84844866e-005 7.42755951e-005 5.40375624e-005 4.93979253e-005 4.06342518e-005 3.81165172e-005 3.70614112e-005 3.00711617e-005 2.26593653e-005 
7.50000000e-001 3.05357143e+001 0.00000000e+000 5.44874346e-005 5.85114569e-005 4.45333091e-005 4.11594788e-005 3.46168179e-005 3.26798699e-005 3.18597630e-005 2.62525772e-005 2.00758048e-005 
7.50000000e-001 2.85714286e+001 0.00000000e+000 3.58449484e-005 4.43040834e-005 3.54473744e-005 3.31640945e-005 2.85893821e-005 2.71821963e-005 2.65785014e-005 2.22789045e-005 1.73138996e-005 
7.50000000e-001 2.62500000e+001 0.00000000e+000 2.25338118e-005 3.23968170e-005 2.73336197e-005 2.59068820e-005 2.29285912e-005 2.19660194e-005 2.15460087e-005 1.83921030e-005 1.45355711e-005 
7.50000000e-001 2.35714286e+001 0.00000000e+000 1.37232230e-005 2.32101195e-005 2.06989967e-005 1.98835876e-005 1.80810025e-005 1.74573123e-005 1.71789551e-005 1.49393386e-005 1.20085508e-005 
7.50000000e-001 2.05357143e+001 0.00000000e+000 8.16091710e-006 1.64375088e-005 1.55275708e-005 1.51209490e-005 1.41307626e-005 1.37501146e-005 1.35746688e-005 1.20254972e-005 9.82930246e-006 
7.50000000e-001 1.71428571e+001 0.00000000e+000 4.81485299e-006 1.17259528e-005 1.17512773e-005 1.15986863e-005 1.11284603e-005 1.09093145e-005 1.08032006e-005 9.73956912e-006 8.08850837e-006 
7.50000000e-001 1.33928571e+001 0.00000000e+000 2.89825028e-006 8.71976610e-006 9.26894458e-006 9.26143643e-006 9.09040539e-006 8.96703978e-006 8.90266500e-006 8.14650797e-006 6.86478150e-006 
7.50000000e-001 9.28571429e+000 0.00000000e+000 1.85898954e-006 6.99696950e-006 7.88706606e-006 7.96890718e-006 7.96879676e-006 7.89732621e-006 7.85543154e-006 7.26684999e-006 6.19525118e-006 
7.50000000e-001 4.82142857e+000 0.00000000e+000 1.31884960e-006 5.99822077e-006 7.09521954e-006 7.23860549e-006 7.35703601e-006 7.31944759e-006 7.29181292e-006 6.80226796e-006 5.84752502e-006 
7.50000000e-001 0.00000000e+000 0.00000000e+000 1.14961384e-006 5.67020656e-006 6.83807714e-006 7.00368981e-006 7.16636825e-006 7.14138328e-006 7.11899624e-006 6.66408733e-006 5.74759395e-006 
1.00000000e+000 3.50000000e+001 0.00000000e+000 1.77803678e-004 1.23636162e-004 8.03759339e-005 7.14803458e-005 5.56236222e-005 5.13521373e-005 4.96010218e-005 3.87307731e-005 2.81402012e-005 
1.00000000e+000 3.48214286e+001 0.00000000e+000 1.59534666e-004 1.15632252e-004 7.62945968e-005 6.80955879e-005 5.33762221e-005 4.93806341e-005 4.77383916e-005 3.74669057e-005 2.73577074e-005 
1.00000000e+000 3.42857143e+001 0.00000000e+000 1.26787633e-004 9.98923942e-005 6.79372522e-005 6.10888859e-005 4.86124445e-005 4.51706804e-005 4.37482858e-005 3.47051129e-005 2.56089407e-005 
1.00000000e+000 3.33928571e+001 0.00000000e+000 9.23932486e-005 8.14238059e-005 5.76662068e-005 5.23719039e-005 4.25282625e-005 3.97502320e-005 3.85931415e-005 3.10595767e-005 2.32443829e-005 
1.00000000e+000 3.21428571e+001 0.00000000e+000 6.25662844e-005 6.32543114e-005 4.70683962e-005 4.32681682e-005 3.60114983e-005 3.39003870e-005 3.30118469e-005 2.70358635e-005 2.05808983e-005 
1.00000000e+000 3.05357143e+001 0.00000000e+000 3.97052001e-005 4.70748460e-005 3.70901406e-005 3.45764438e-005 2.96074981e-005 2.81022252e-005 2.74597878e-005 2.29447023e-005 1.78093825e-005 
1.00000000e+000 2.85714286e+001 0.00000000e+000 2.36155577e-005 3.34627971e-005 2.80958671e-005 2.66035123e-005 2.35142061e-005 2.25246093e-005 2.20941020e-005 1.88778205e-005 1.49691622e-005 
1.00000000e+000 2.62500000e+001 0.00000000e+000 1.32993662e-005 2.28728286e-005 2.05560140e-005 1.97911064e-005 1.80960088e-005 1.75055366e-005 1.72413869e-005 1.50861147e-005 1.22340840e-005 
1.00000000e+000 2.35714286e+001 0.00000000e+000 7.18063561e-006 1.52456949e-005 1.47259668e-005 1.44282901e-005 1.36684262e-005 1.33583893e-005 1.32129583e-005 1.18498600e-005 9.83339850e-006 
1.00000000e+000 2.05357143e+001 0.00000000e+000 3.74147344e-006 9.99439899e-006 1.04200411e-005 1.03971371e-005 1.02162998e-005 1.00897484e-005 1.00234385e-005 9.21788457e-006 7.82896352e-006 
1.00000000e+000 1.71428571e+001 0.00000000e+000 1.90762177e-006 6.56137505e-006 7.41791021e-006 7.54147418e-006 7.68828485e-006 7.67248470e-006 7.65496879e-006 7.21599223e-006 6.27020787e-006 
1.00000000e+000 1.33928571e+001 0.00000000e+000 9.73302658e-007 4.45395272e-006 5.48535397e-006 5.68119556e-006 5.99815794e-006 6.04371249e-006 6.05387474e-006 5.83829205e-006 5.18523163e-006 
1.00000000e+000 9.28571429e+000 0.00000000e+000 5.18061888e-007 3.25011192e-006 4.37808266e-006 4.61754945e-006 5.03351504e-006 5.11375158e-006 5.13952642e-006 5.05149691e-006 4.57172318e-006 
1.00000000e+000 4.82142857e+000 0.00000000e+000 3.08281456e-007 2.57990900e-006 3.74932380e-006 4.01649773e-006 4.49853679e-006 4.60117137e-006 4.63682270e-006 4.62492814e-006 4.24377131e-006 
1.00000000e+000 0.00000000e+000 0.00000000e+000 2.47113667e-007 2.36256680e-006 3.54357369e-006 3.82048695e-006 4.32715381e-006 4.43820579e-006 4.47754307e-006 4.49281717e-006 4.14501246e-006 
1.25000000e+000 3.50000000e+001 0.00000000e+000 1.76008830e-004 1.21604807e-004 7.87329241e-005 6.99355404e-005 5.42785829e-005 5.00704195e-005 4.83468041e-005 3.76779984e-005 2.73284062e-005 
1.25000000e+000 3.48214286e+001 0.00000000e+000 1.54464620e-004 1.12147139e-004 7.39113087e-005 6.59378725e-005 5.16268340e-005 4.77452456e-005 4.61505049e-005 3.61902300e-005 2.64097635e-005 
1.25000000e+000 3.42857143e+001 0.00000000e+000 1.17432383e-004 9.41471955e-005 6.43285562e-005 5.79007507e-005 4.61613456e-005 4.29158078e-005 4.15736762e-005 3.30256299e-005 2.44105234e-005 
1.25000000e+000 3.33928571e+001 0.00000000e+000 8.06265002e-005 7.38605755e-005 5.29611652e-005 4.82385931e-005 3.94009448e-005 3.68899974e-005 3.58418687e-005 2.89709009e-005 2.17836350e-005 
1.25000000e+000 3.21428571e+001 0.00000000e+000 5.07481622e-005 5.47664565e-005 4.16537887e-005 3.84925202e-005 3.23812171e-005 3.05788646e-005 2.98168026e-005 2.46145113e-005 1.88961807e-005 
1.25000000e+000 3.05357143e+001 0.00000000e+000 2.95601890e-005 3.86082771e-005 3.14433956e-005 2.95489932e-005 2.57219170e-005 2.45326882e-005 2.40207628e-005 2.03184007e-005 1.59740438e-005 
1.25000000e+000 2.85714286e+001 0.00000000e+000 1.59596476e-005 2.58333914e-005 2.27077885e-005 2.17434356e-005 1.96641033e-005 1.89642868e-005 1.86548276e-005 1.62136377e-005 1.30866533e-005 
1.25000000e+000 2.62500000e+001 0.00000000e+000 8.07643228e-006 1.65433681e-005 1.57870263e-005 1.54235415e-005 1.45318421e-005 1.41825510e-005 1.40206404e-005 1.25448751e-005 1.04110377e-005 
1.25000000e+000 2.35714286e+001 0.00000000e+000 3.87406329e-006 1.02763756e-005 1.07089021e-005 1.06880430e-005 1.05156463e-005 1.03923841e-005 1.03275969e-005 9.52620607e-006 8.13768771e-006 
1.25000000e+000 2.05357143e+001 0.00000000e+000 1.77046962e-006 6.24132916e-006 7.14847244e-006 7.29739542e-006 7.51306367e-006 7.52259783e-006 7.51643937e-006 7.15519254e-006 6.29630371e-006 
1.25000000e+000 1.71428571e+001 0.00000000e+000 7.80193134e-007 3.76927232e-006 4.78094726e-006 4.99808984e-006 5.39378111e-006 5.47328629e-006 5.49919696e-006 5.40489766e-006 4.90056235e-006 
1.25000000e+000 1.33928571e+001 0.00000000e+000 3.37538364e-007 2.32980770e-006 3.30336890e-006 3.54016627e-006 4.00600333e-006 4.11877050e-006 4.16073362e-006 4.21855313e-006 3.94009974e-006 
1.25000000e+000 9.28571429e+000 0.00000000e+000 1.48855237e-007 1.53575031e-006 2.45771119e-006 2.70213162e-006 3.20254953e-006 3.33302600e-006 3.38369564e-006 3.52796610e-006 3.38485221e-006 
1.25000000e+000 4.82142857e+000 0.00000000e+000 7.32367561e-008 1.11673110e-006 1.98871178e-006 2.23583880e-006 2.75693675e-006 2.89827725e-006 2.95423192e-006 3.14897186e-006 3.08287946e-006 
1.25000000e+000 0.00000000e+000 0.00000000e+000 5.31180587e-008 9.84395283e-007 1.83632293e-006 2.08406202e-006 2.61279667e-006 2.75824342e-006 2.81618278e-006 3.02898313e-006 2.98927335e-006 
1.50000000e+000 3.50000000e+001 0.00000000e+000 1.74808194e-004 1.20227012e-004 7.76036284e-005 6.88678023e-005 5.33336441e-005 4.91642195e-005 4.74574513e-005 3.69157400e-005 2.67238077e-005 
1.50000000e+000 3.48214286e+001 0.00000000e+000 1.50183652e-004 1.09389781e-004 7.20768208e-005 6.42856314e-005 5.02952742e-005 4.65005766e-005 4.49416978e-005 3.52130300e-005 2.56740113e-005 
1.50000000e+000 3.42857143e+001 0.00000000e+000 1.09441086e-004 8.93549822e-005 6.13750668e-005 5.53041140e-005 4.41815369e-005 4.10974320e-005 3.98209231e-005 3.16724716e-005 2.34391905e-005 
1.50000000e+000 3.33928571e+001 0.00000000e+000 7.09686045e-005 6.75829700e-005 4.90741118e-005 4.48293550e-005 3.68283652e-005 3.45379254e-005 3.35794964e-005 2.72508375e-005 2.05734509e-005 
1.50000000e+000 3.21428571e+001 0.00000000e+000 4.16340881e-005 4.79227333e-005 3.72473313e-005 3.45985937e-005 2.94082934e-005 2.78544402e-005 2.71941674e-005 2.26155405e-005 1.74924300e-005 
1.50000000e+000 3.05357143e+001 0.00000000e+000 2.23250138e-005 3.20685152e-005 2.69779627e-005 2.55510619e-005 2.25950460e-005 2.16492587e-005 2.12381664e-005 1.81700820e-005 1.44517370e-005 
1.50000000e+000 2.85714286e+001 0.00000000e+000 1.09718479e-005 2.02400579e-005 1.86039352e-005 1.80070312e-005 1.66451985e-005 1.61555426e-005 1.59344662e-005 1.40711614e-005 1.15433591e-005 
1.50000000e+000 2.62500000e+001 0.00000000e+000 4.99913567e-006 1.21643886e-005 1.23068923e-005 1.21941592e-005 1.18225143e-005 1.16351129e-005 1.15426498e-005 1.05453449e-005 8.94035320e-006 
1.50000000e+000 2.35714286e+001 0.00000000e+000 2.13279284e-006 7.05121385e-006 7.91278177e-006 8.03920642e-006 8.20038683e-006 8.19020912e-006 8.17525752e-006 7.74237293e-006 6.79479595e-006 
1.50000000e+000 2.05357143e+001 0.00000000e+000 8.55168477e-007 3.97067688e-006 4.98527885e-006 5.20239431e-006 5.60048588e-006 5.68111946e-006 5.70758083e-006 5.61308602e-006 5.10647521e-006 
1.50000000e+000 1.71428571e+001 0.00000000e+000 3.25623271e-007 2.20615760e-006 3.13125817e-006 3.36281011e-006 3.83240517e-006 3.95124255e-006 3.99651664e-006 4.08695266e-006 3.85828890e-006 
1.50000000e+000 1.33928571e+001 0.00000000e+000 1.19501840e-007 1.24077390e-006 2.01799426e-006 2.23518828e-006 2.70385536e-006 2.83442797e-006 2.88665734e-006 3.07096141e-006 3.01063351e-006 
1.50000000e+000 9.28571429e+000 0.00000000e+000 4.37105804e-008 7.36211265e-007 1.39358626e-006 1.59542219e-006 2.05133945e-006 2.18568884e-006 2.24078775e-006 2.47489817e-006 2.51410764e-006 
1.50000000e+000 4.82142857e+000 0.00000000e+000 1.76450616e-008 4.86301420e-007 1.05868668e-006 1.24851132e-006 1.69335476e-006 1.82925996e-006 1.88578376e-006 2.14702047e-006 2.24171925e-006 
1.50000000e+000 0.00000000e+000 0.00000000e+000 1.14179535e-008 4.10161754e-007 9.51605115e-007 1.13684867e-006 1.57764383e-006 1.71418546e-006 1.77125858e-006 2.04209060e-006 2.15578502e-006 
1.75000000e+000 3.50000000e+001 0.00000000e+000 1.73951994e-004 1.19233106e-004 7.67830357e-005 6.80896145e-005 5.26386083e-005 4.84951448e-005 4.67996437e-005 3.63443040e-005 2.62614265e-005 
1.75000000e+000 3.48214286e+001 0.00000000e+000 1.46409103e-004 1.07077983e-004 7.05803195e-005 6.29467086e-005 4.92285780e-005 4.55059092e-005 4.39764968e-005 3.44343548e-005 2.50848529e-005 
1.75000000e+000 3.42857143e+001 0.00000000e+000 1.02424451e-004 8.51947175e-005 5.88484288e-005 5.30928928e-005 4.25118626e-005 3.95679801e-005 3.83482160e-005 3.05410271e-005 2.26275642e-005 
1.75000000e+000 3.33928571e+001 0.00000000e+000 6.28512044e-005 6.22040732e-005 4.57472110e-005 4.19147901e-005 3.46358052e-005 3.25351423e-005 3.16537885e-005 2.57888443e-005 1.95436352e-005 
1.75000000e+000 3.21428571e+001 0.00000000e+000 3.44390956e-005 4.22457358e-005 3.35496761e-005 3.13240033e-005 2.68986583e-005 2.55520772e-005 2.49767786e-005 2.09198578e-005 1.62953472e-005 
1.75000000e+000 3.05357143e+001 0.00000000e+000 1.70375621e-005 2.68783577e-005 2.33461575e-005 2.22815166e-005 2.00098179e-005 1.92576592e-005 1.89270601e-005 1.63704842e-005 1.31633329e-005 
1.75000000e+000 2.85714286e+001 0.00000000e+000 7.63721163e-006 1.60277637e-005 1.53934885e-005 1.50577125e-005 1.42185124e-005 1.38856052e-005 1.37309386e-005 1.23112080e-005 1.02554650e-005 
1.75000000e+000 2.62500000e+001 0.00000000e+000 3.13717395e-006 9.05210626e-006 9.70034421e-006 9.74493663e-006 9.71442108e-006 9.63785338e-006 9.59357567e-006 8.94136928e-006 7.73500934e-006 
1.75000000e+000 2.35714286e+001 0.00000000e+000 1.19115236e-006 4.90101890e-006 5.91670939e-006 6.11698234e-006 6.46271521e-006 6.52078826e-006 6.53669502e-006 6.34893090e-006 5.71642566e-006 
1.75000000e+000 2.05357143e+001 0.00000000e+000 4.19035864e-007 2.56022106e-006 3.52008792e-006 3.75355504e-006 4.22010852e-006 4.33509983e-006 4.37830320e-006 4.44246907e-006 4.17176203e-006 
1.75000000e+000 1.71428571e+001 0.00000000e+000 1.37811112e-007 1.30889684e-006 2.07639879e-006 2.28960273e-006 2.75157126e-006 2.88087927e-006 2.93271661e-006 3.11580942e-006 3.05759963e-006 
1.75000000e+000 1.33928571e+001 0.00000000e+000 4.29080123e-008 6.69803261e-007 1.24716778e-006 1.42668964e-006 1.84162809e-006 1.96722672e-006 2.01930530e-006 2.25057829e-006 2.31223776e-006 
1.75000000e+000 9.28571429e+000 0.00000000e+000 1.30371708e-008 3.57179755e-007 7.97226975e-007 9.49538605e-007 1.32209078e-006 1.44142701e-006 1.49200600e-006 1.74345720e-006 1.87307081e-006 
1.75000000e+000 4.82142857e+000 0.00000000e+000 4.30279840e-009 2.12967619e-007 5.65560081e-007 6.99290386e-007 1.04234302e-006 1.15679230e-006 1.20599240e-006 1.46587591e-006 1.63162697e-006 
1.75000000e+000 0.00000000e+000 0.00000000e+000 2.45434150e-009 1.70899585e-007 4.93133601e-007 6.20147190e-007 9.52603965e-007 1.06532738e-006 1.11404607e-006 1.37674402e-006 1.55469535e-006 
2.00000000e+000 3.50000000e+001 0.00000000e+000 1.73313449e-004 1.18483264e-004 7.61609227e-005 6.74985943e-005 5.21078810e-005 4.79830751e-005 4.62956492e-005 3.59027245e-005 2.58991518e-005 
2.00000000e+000 3.48214286e+001 0.00000000e+000 1.42990851e-004 1.05063003e-004 6.93073711e-005 6.18153234e-005 4.83390632e-005 4.46793482e-005 4.31755177e-005 3.37922361e-005 2.45996579e-005 
2.00000000e+000 3.42857143e+001 0.00000000e+000 9.61558108e-005 8.14895970e-005 5.66213086e-005 5.11509719e-005 4.10583893e-005 3.82402654e-005 3.70712537e-005 2.95663780e-005 2.19315024e-005 
2.00000000e+000 3.33928571e+001 0.00000000e+000 5.59210961e-005 5.74993823e-005 4.28312915e-005 3.93613328e-005 3.27188590e-005 3.07856262e-005 2.99722461e-005 2.45151421e-005 1.86476015e-005 
2.00000000e+000 3.21428571e+001 0.00000000e+000 2.86679122e-005 3.74469628e-005 3.03812568e-005 2.85107294e-005 2.47330622e-005 2.35631944e-005 2.30604711e-005 1.94507214e-005 1.52548162e-005 
2.00000000e+000 3.05357143e+001 0.00000000e+000 1.31071593e-005 2.26824767e-005 2.03339039e-005 1.95541525e-005 1.78294748e-005 1.72344264e-005 1.69694314e-005 1.48345553e-005 1.20545190e-005 
2.00000000e+000 2.85714286e+001 0.00000000e+000 5.36681479e-006 1.27954935e-005 1.28334704e-005 1.26847648e-005 1.22310664e-005 1.20170185e-005 1.19131392e-005 1.08406639e-005 9.16455253e-006 
2.00000000e+000 2.62500000e+001 0.00000000e+000 1.98928965e-006 6.79763659e-006 7.71072073e-006 7.85218364e-006 8.04443644e-006 8.04424118e-006 8.03370564e-006 7.63421496e-006 6.73368999e-006 
2.00000000e+000 2.35714286e+001 0.00000000e+000 6.72424487e-007 3.43987256e-006 4.46478449e-006 4.69610336e-006 5.13591918e-006 5.23397641e-006 5.26863124e-006 5.24446450e-006 4.83989826e-006 
2.00000000e+000 2.05357143e+001 0.00000000e+000 2.07514011e-007 1.66747131e-006 2.50939687e-006 2.73361521e-006 3.20761818e-006 3.33586973e-006 3.38649936e-006 3.54211150e-006 3.42963298e-006 
2.00000000e+000 1.71428571e+001 0.00000000e+000 5.89204170e-008 7.84452865e-007 1.39027372e-006 1.57362451e-006 1.99254939e-006 2.11783198e-006 2.16954224e-006 2.39222467e-006 2.43714108e-006 
2.00000000e+000 1.33928571e+001 0.00000000e+000 1.55633229e-008 3.65324687e-007 7.78054095e-007 9.18834727e-007 1.26414895e-006 1.37543041e-006 1.42273349e-006 1.65925649e-006 1.78421056e-006 
2.00000000e+000 9.28571429e+000 0.00000000e+000 3.93320299e-009 1.75009954e-007 4.59614837e-007 5.69150611e-007 8.56905234e-007 9.55552616e-007 9.98431390e-007 1.23303489e-006 1.39955425e-006 
2.00000000e+000 4.82142857e+000 0.00000000e+000 1.06001423e-009 9.37571242e-008 3.03137791e-007 3.92813096e-007 6.42966936e-007 7.32923141e-007 7.72650505e-007 1.00216875e-006 1.18869347e-006 
2.00000000e+000 0.00000000e+000 0.00000000e+000 5.27572754e-010 7.12077176e-008 2.55548033e-007 3.38288318e-007 5.75196024e-007 6.62076891e-007 7.00687540e-007 9.28178353e-007 1.12120540e-006 
2.25000000e+000 3.50000000e+001 0.00000000e+000 1.72821334e-004 1.17898132e-004 7.56735487e-005 6.70350060e-005 5.16901338e-005 4.75794352e-005 4.58981027e-005 3.55524917e-005 2.56090911e-005 
2.25000000e+000 3.48214286e+001 0.00000000e+000 1.39840226e-004 1.03258821e-004 6.81910675e-005 6.08291719e-005 4.75737978e-005 4.39709452e-005 4.24901120e-005 3.32473649e-005 2.41901026e-005 
2.25000000e+000 3.42857143e+001 0.00000000e+000 9.04887993e-005 7.81324014e-005 5.46169781e-005 4.94081460e-005 3.97633298e-005 3.70602012e-005 3.59375290e-005 2.87068405e-005 2.13214174e-005 
2.25000000e+000 3.33928571e+001 0.00000000e+000 4.99385681e-005 5.33256735e-005 4.02329353e-005 3.70853663e-005 3.10115437e-005 2.92283215e-005 2.84758723e-005 2.33840893e-005 1.78536855e-005 
2.25000000e+000 3.21428571e+001 0.00000000e+000 2.39846246e-005 3.33362274e-005 2.76257627e-005 2.60565830e-005 2.28339909e-005 2.18168950e-005 2.13770690e-005 1.81568484e-005 1.43361934e-005 
2.25000000e+000 3.05357143e+001 0.00000000e+000 1.01483433e-005 1.92447966e-005 1.77997613e-005 1.72459464e-005 1.59630983e-005 1.54971317e-005 1.52863181e-005 1.35042979e-005 1.10870932e-005 
2.25000000e+000 2.85714286e+001 0.00000000e+000 3.79986301e-006 1.02807991e-005 1.07630242e-005 1.07481976e-005 1.05800119e-005 1.04568693e-005 1.03922169e-005 9.59512324e-006 8.22894902e-006 
2.25000000e+000 2.62500000e+001 0.00000000e+000 1.27173351e-006 5.14138994e-006 6.17026500e-006 6.36855945e-006 6.70295914e-006 6.75508915e-006 6.76814559e-006 6.55516491e-006 5.89227870e-006 
2.25000000e+000 2.35714286e+001 0.00000000e+000 3.82758930e-007 2.43283651e-006 3.39355405e-006 3.63087824e-006 4.10897226e-006 4.22877148e-006 4.27425269e-006 4.35836173e-006 4.11991528e-006 
2.25000000e+000 2.05357143e+001 0.00000000e+000 1.03601033e-007 1.09452298e-006 1.80241480e-006 2.00562134e-006 2.45521222e-006 2.58461176e-006 2.63717598e-006 2.84182404e-006 2.83485210e-006 
2.25000000e+000 1.71428571e+001 0.00000000e+000 2.53865680e-008 4.73804785e-007 9.38002509e-007 1.08969196e-006 1.45310813e-006 1.56757974e-006 1.61583142e-006 1.84781257e-006 1.95254440e-006 
2.25000000e+000 1.33928571e+001 0.00000000e+000 5.68833405e-009 2.00849415e-007 4.89104091e-007 5.96141744e-007 8.73523025e-007 9.67779224e-007 1.00865226e-006 1.22982750e-006 1.38267526e-006 
2.25000000e+000 9.28571429e+000 0.00000000e+000 1.19687735e-009 8.64507590e-008 2.66765811e-007 3.43285192e-007 5.58244564e-007 6.36474087e-007 6.71218055e-007 8.75261098e-007 1.04864325e-006 
2.25000000e+000 4.82142857e+000 0.00000000e+000 2.63391470e-010 4.14769674e-008 1.62998054e-007 2.21271258e-007 3.97423647e-007 4.65223443e-007 4.95891237e-007 6.86049187e-007 8.66806409e-007 
2.25000000e+000 0.00000000e+000 0.00000000e+000 1.13404521e-010 2.96697121e-008 1.32428240e-007 1.84535244e-007 3.47311718e-007 4.11465885e-007 4.40702687e-007 6.25762761e-007 8.08583894e-007 
2.50000000e+000 3.50000000e+001 0.00000000e+000 1.72432518e-004 1.17429401e-004 7.52817179e-005 6.66619304e-005 5.13531025e-005 4.72534685e-005 4.55769095e-005 3.52684905e-005 2.53723548e-005 
2.50000000e+000 3.48214286e+001 0.00000000e+000 1.36900558e-004 1.01611968e-004 6.71897528e-005 5.99493360e-005 4.68992585e-005 4.33488601e-005 4.18891712e-005 3.27739835e-005 2.38369412e-005 
2.50000000e+000 3.42857143e+001 0.00000000e+000 8.53216813e-005 7.50530701e-005 5.27860726e-005 4.78192813e-005 3.85893099e-005 3.59926515e-005 3.49128541e-005 2.79347295e-005 2.07770079e-005 
2.50000000e+000 3.33928571e+001 0.00000000e+000 4.47308671e-005 4.95848142e-005 3.78896561e-005 3.50311787e-005 2.94699514e-005 2.78225109e-005 2.71252691e-005 2.23647638e-005 1.71398352e-005 
2.50000000e+000 3.21428571e+001 0.00000000e+000 2.01500854e-005 2.97799508e-005 2.52030211e-005 2.38914146e-005 2.11484274e-005 2.02646398e-005 1.98798593e-005 1.70027261e-005 1.35149248e-005 
2.50000000e+000 3.05357143e+001 0.00000000e+000 7.89897321e-006 1.63996903e-005 1.56449242e-005 1.52710882e-005 1.43472959e-005 1.39882241e-005 1.38225406e-005 1.23387751e-005 1.02335155e-005 
2.50000000e+000 2.85714286e+001 0.00000000e+000 2.70694439e-006 8.30356683e-006 9.07030006e-006 9.15042839e-006 9.19317449e-006 9.13975799e-006 9.10553638e-006 8.52859928e-006 7.41823396e-006 
2.50000000e+000 2.62500000e+001 0.00000000e+000 8.18354013e-007 3.91136647e-006 4.96441569e-006 5.19276862e-006 5.61349369e-006 5.70080030e-006 5.73014848e-006 5.65502139e-006 5.17837179e-006 
2.50000000e+000 2.35714286e+001 0.00000000e+000 2.19318764e-007 1.73121356e-006 2.59444350e-006 2.82343617e-006 3.30543932e-006 3.43507701e-006 3.48613019e-006 3.64024891e-006 3.52315435e-006 
2.50000000e+000 2.05357143e+001 0.00000000e+000 5.20543501e-008 7.22917923e-007 1.30247658e-006 1.48033527e-006 1.89014130e-006 2.01389345e-006 2.06519586e-006 2.29195204e-006 2.35421695e-006 
2.50000000e+000 1.71428571e+001 0.00000000e+000 1.10047411e-008 2.87931818e-007 6.36744223e-007 7.59177755e-007 1.06590731e-006 1.16693740e-006 1.21025795e-006 1.43471495e-006 1.57136745e-006 
2.50000000e+000 1.33928571e+001 0.00000000e+000 2.09153539e-009 1.11118177e-007 3.09376165e-007 3.89140442e-007 6.07018851e-007 6.84670269e-007 7.18931616e-007 9.15845551e-007 1.07568524e-006 
2.50000000e+000 9.28571429e+000 0.00000000e+000 3.66648589e-010 4.29914263e-008 1.55739048e-007 2.08191897e-007 3.65359092e-007 4.25779630e-007 4.53140349e-007 6.23429083e-007 7.87779523e-007 
2.50000000e+000 4.82142857e+000 0.00000000e+000 6.59203284e-011 1.84311680e-008 8.79092503e-008 1.24974070e-007 2.46136558e-007 2.95828859e-007 3.18810276e-007 4.70248825e-007 6.32660968e-007 
2.50000000e+000 0.00000000e+000 0.00000000e+000 2.43769309e-011 1.23623151e-008 6.86260164e-008 1.00663435e-007 2.09711895e-007 2.55716822e-007 2.77183299e-007 4.21879125e-007 5.83129515e-007 
0.00000000e+000 3.50000000e+001 1.00000000e+001 2.22206421e-004 1.49286598e-004 9.47423251e-005 8.36433397e-005 6.39689223e-005 5.87081980e-005 5.65572125e-005 4.33733198e-005 3.07554707e-005 
0.00000000e+000 3.48214286e+001 1.00000000e+001 2.21344809e-004 1.48693284e-004 9.43670530e-005 8.33124445e-005 6.37164509e-005 5.84766088e-005 5.63341527e-005 4.32024303e-005 3.06344086e-005 
0.00000000e+000 3.42857143e+001 1.00000000e+001 2.18517413e-004 1.46798572e-004 9.31675596e-005 8.22550728e-005 6.29105836e-005 5.77377271e-005 5.56226199e-005 4.26578935e-005 3.02487788e-005 
0.00000000e+000 3.33928571e+001 1.00000000e+001 2.13549809e-004 1.43495300e-004 9.10800543e-005 8.04150770e-005 6.15087364e-005 5.64526816e-005 5.43852656e-005 4.17115692e-005 2.95786435e-005 
0.00000000e+000 3.21428571e+001 1.00000000e+001 2.07080565e-004 1.39189655e-004 8.83585523e-005 7.80151691e-005 5.96777482e-005 5.47734533e-005 5.27680415e-005 4.04734570e-005 2.87016116e-005 
0.00000000e+000 3.05357143e+001 1.00000000e+001 1.99390474e-004 1.34114911e-004 8.51507932e-005 7.51852975e-005 5.75165097e-005 5.27907051e-005 5.08582392e-005 3.90101412e-005 2.76642938e-005 
0.00000000e+000 2.85714286e+001 1.00000000e+001 1.89409464e-004 1.27533248e-004 8.09835670e-005 7.15082592e-005 5.47088883e-005 5.02156130e-005 4.83782037e-005 3.71115060e-005 2.63187089e-005 
0.00000000e+000 2.62500000e+001 1.00000000e+001 1.76519857e-004 1.19006397e-004 7.55748757e-005 6.67347489e-005 5.10655488e-005 4.68751461e-005 4.51615574e-005 3.46509500e-005 2.45738360e-005 
0.00000000e+000 2.35714286e+001 1.00000000e+001 1.62628295e-004 1.09787334e-004 6.97043987e-005 6.15480863e-005 4.70978187e-005 4.32348738e-005 4.16552707e-005 3.19646686e-005 2.26659794e-005 
0.00000000e+000 2.05357143e+001 1.00000000e+001 1.48839667e-004 1.00641499e-004 6.38452534e-005 5.63585183e-005 4.31047520e-005 3.95649838e-005 3.81179272e-005 2.92441096e-005 2.07287583e-005 
0.00000000e+000 1.71428571e+001 1.00000000e+001 1.36660090e-004 9.26077338e-005 5.86513589e-005 5.17380895e-005 3.95115397e-005 3.62519823e-005 3.49204043e-005 2.67683465e-005 1.89602316e-005 
0.00000000e+000 1.33928571e+001 1.00000000e+001 1.28367594e-004 8.71511865e-005 5.49778553e-005 4.84205526e-005 3.68441316e-005 3.37696795e-005 3.25158041e-005 2.48735234e-005 1.75990296e-005 
0.00000000e+000 9.28571429e+000 1.00000000e+001 1.25016644e-004 8.49035318e-005 5.33814740e-005 4.69312823e-005 3.55404604e-005 3.25249806e-005 3.12975399e-005 2.38627084e-005 1.68548419e-005 
0.00000000e+000 4.82142857e+000 1.00000000e+001 1.22973436e-004 8.35406352e-005 5.24987497e-005 4.61344691e-005 3.48693157e-005 3.18849755e-005 3.06707553e-005 2.33368188e-005 1.64629677e-005 
0.00000000e+000 0.00000000e+000 1.00000000e+001 1.22313833e-004 8.31027283e-005 5.22179730e-005 4.58838489e-005 3.46637458e-005 3.16898480e-005 3.04799208e-005 2.31771204e-005 1.63438222e-005 
2.50000000e-001 3.50000000e+001 1.00000000e+001 1.62177273e-004 1.18285240e-004 7.81702415e-005 6.97690616e-005 5.46181144e-005 5.04822535e-005 4.87785550e-005 3.80909574e-005 2.75207260e-005 
2.50000000e-001 3.48214286e+001 1.00000000e+001 1.57267046e-004 1.16086295e-004 7.70176579e-005 6.88029340e-005 5.39579778e-005 4.98971156e-005 4.82231626e-005 3.77022703e-005 2.72710626e-005 
2.50000000e-001 3.42857143e+001 1.00000000e+001 1.46622280e-004 1.11000082e-004 7.42609183e-005 6.64704126e-005 5.23303229e-005 4.84446475e-005 4.68405149e-005 3.67165867e-005 2.66242729e-005 
2.50000000e-001 3.33928571e+001 1.00000000e+001 1.32755815e-004 1.03966120e-004 7.03386318e-005 6.31252889e-005 4.99549074e-005 4.63133057e-005 4.48068748e-005 3.52454805e-005 2.56428352e-005 
2.50000000e-001 3.21428571e+001 1.00000000e+001 1.17532666e-004 9.58646260e-005 6.57312176e-005 5.91746475e-005 4.71161156e-005 4.37568356e-005 4.23637823e-005 3.34612930e-005 2.44408643e-005 
2.50000000e-001 3.05357143e+001 1.00000000e+001 1.02214509e-004 8.73355195e-005 6.07881941e-005 5.49147783e-005 4.40217374e-005 4.09609402e-005 3.96881082e-005 3.14903279e-005 2.31009355e-005 
2.50000000e-001 2.85714286e+001 1.00000000e+001 8.69106262e-005 7.81796715e-005 5.53085961e-005 5.01524668e-005 4.05007221e-005 3.77628202e-005 3.66207253e-005 2.92003391e-005 2.15212359e-005 
2.50000000e-001 2.62500000e+001 1.00000000e+001 7.20875305e-005 6.84895386e-005 4.92857526e-005 4.48673692e-005 3.65154550e-005 3.41221238e-005 3.31203971e-005 2.65484425e-005 1.96615420e-005 
2.50000000e-001 2.35714286e+001 1.00000000e+001 5.89565176e-005 5.92969735e-005 4.34072457e-005 3.96707967e-005 3.25360649e-005 3.04701093e-005 2.96024097e-005 2.38522100e-005 1.77480692e-005 
2.50000000e-001 2.05357143e+001 1.00000000e+001 4.78365579e-005 5.10306488e-005 3.79867391e-005 3.48456334e-005 2.87849535e-005 2.70119047e-005 2.62647448e-005 2.12652670e-005 1.58925341e-005 
2.50000000e-001 1.71428571e+001 1.00000000e+001 3.90327015e-005 4.42035356e-005 3.34202567e-005 3.07546566e-005 2.55570322e-005 2.40223165e-005 2.33737901e-005 1.89998402e-005 1.42534609e-005 
2.50000000e-001 1.33928571e+001 1.00000000e+001 3.27911680e-005 3.93570612e-005 3.01246961e-005 2.77783133e-005 2.31595001e-005 2.17874428e-005 2.12069188e-005 1.72785505e-005 1.30010778e-005 
2.50000000e-001 9.28571429e+000 1.00000000e+001 2.89895817e-005 3.65960463e-005 2.83097880e-005 2.61388612e-005 2.18159190e-005 2.05248643e-005 1.99784404e-005 1.62840933e-005 1.22735595e-005 
2.50000000e-001 4.82142857e+000 1.00000000e+001 2.66590806e-005 3.48845067e-005 2.72322837e-005 2.51854455e-005 2.10630245e-005 1.98220125e-005 1.92960064e-005 1.57350538e-005 1.18725502e-005 
2.50000000e-001 0.00000000e+000 1.00000000e+001 2.58577279e-005 3.42987901e-005 2.68677326e-005 2.48654601e-005 2.08162012e-005 1.95931291e-005 1.90743500e-005 1.55589266e-005 1.17449953e-005 
5.00000000e-001 3.50000000e+001 1.00000000e+001 1.49627929e-004 1.07161131e-004 7.07574384e-005 6.32110648e-005 4.96700366e-005 4.59836249e-005 4.44654817e-005 3.49135555e-005 2.54099386e-005 
5.00000000e-001 3.48214286e+001 1.00000000e+001 1.41355000e-004 1.03535649e-004 6.88947440e-005 6.16605294e-005 4.86294210e-005 4.50671354e-005 4.35980787e-005 3.43182925e-005 2.50370735e-005 
5.00000000e-001 3.42857143e+001 1.00000000e+001 1.24888183e-004 9.57930515e-005 6.47824903e-005 5.82057127e-005 4.62621450e-005 4.29682816e-005 4.16058852e-005 3.29256148e-005 2.41456358e-005 
5.00000000e-001 3.33928571e+001 1.00000000e+001 1.05274023e-004 8.58733039e-005 5.93429855e-005 5.35957967e-005 4.30419815e-005 4.00959004e-005 3.88723553e-005 3.09830450e-005 2.28785602e-005 
5.00000000e-001 3.21428571e+001 1.00000000e+001 8.54504729e-005 7.51130171e-005 5.32799143e-005 4.84206549e-005 3.93710110e-005 3.68058943e-005 3.57350846e-005 2.87259170e-005 2.13870241e-005 
5.00000000e-001 3.05357143e+001 1.00000000e+001 6.71726547e-005 6.44299734e-005 4.70929802e-005 4.31027551e-005 3.55428058e-005 3.33596575e-005 3.24426157e-005 2.63296391e-005 1.97839933e-005 
5.00000000e-001 2.85714286e+001 1.00000000e+001 5.09900446e-005 5.39645234e-005 4.07763518e-005 3.76143329e-005 3.14999542e-005 2.96947270e-005 2.89308246e-005 2.37268209e-005 1.80075198e-005 
5.00000000e-001 2.62500000e+001 1.00000000e+001 3.74047372e-005 4.40449234e-005 3.44827024e-005 3.20745966e-005 2.73065462e-005 2.58620055e-005 2.52454556e-005 2.09363585e-005 1.60570499e-005 
5.00000000e-001 2.35714286e+001 1.00000000e+001 2.67960315e-005 3.54066965e-005 2.87710416e-005 2.69937239e-005 2.33740030e-005 2.22436237e-005 2.17563397e-005 1.82488934e-005 1.41443803e-005 
5.00000000e-001 2.05357143e+001 1.00000000e+001 1.88653029e-005 2.82124549e-005 2.38249822e-005 2.25492169e-005 1.98592870e-005 1.89886745e-005 1.86090762e-005 1.57847482e-005 1.23617086e-005 
5.00000000e-001 1.71428571e+001 1.00000000e+001 1.32402382e-005 2.25997959e-005 1.98410611e-005 1.89383899e-005 1.69493482e-005 1.62781351e-005 1.59817894e-005 1.36979339e-005 1.08323004e-005 
5.00000000e-001 1.33928571e+001 1.00000000e+001 9.50389167e-006 1.86333395e-005 1.69696367e-005 1.63181799e-005 1.48017575e-005 1.42668523e-005 1.40278623e-005 1.21267429e-005 9.67311087e-006 
5.00000000e-001 9.28571429e+000 1.00000000e+001 7.21686869e-006 1.61704807e-005 1.52294291e-005 1.47368077e-005 1.35057042e-005 1.30506588e-005 1.28451939e-005 1.11706217e-005 8.96980537e-006 
5.00000000e-001 4.82142857e+000 1.00000000e+001 5.90496729e-006 1.46710750e-005 1.41831811e-005 1.37964318e-005 1.27536558e-005 1.23489893e-005 1.21642907e-005 1.06250034e-005 8.57070186e-006 
5.00000000e-001 0.00000000e+000 1.00000000e+001 5.46694880e-006 1.41564792e-005 1.38244965e-005 1.34753286e-005 1.25006260e-005 1.21141031e-005 1.19368378e-005 1.04448550e-005 8.44022206e-006 
7.50000000e-001 3.50000000e+001 1.00000000e+001 1.45007290e-004 1.02199884e-004 6.70029762e-005 5.97663949e-005 4.68546124e-005 4.33599903e-005 4.19235119e-005 3.29170533e-005 2.39912084e-005 
7.50000000e-001 3.48214286e+001 1.00000000e+001 1.33761495e-004 9.72813349e-005 6.44866749e-005 5.76755082e-005 4.54585820e-005 4.21329771e-005 4.07633062e-005 3.21262737e-005 2.35006755e-005 
7.50000000e-001 3.42857143e+001 1.00000000e+001 1.12628193e-004 8.72809835e-005 5.91880258e-005 5.32304020e-005 4.24270172e-005 3.94504060e-005 3.82193895e-005 3.03599982e-005 2.23813564e-005 
7.50000000e-001 3.33928571e+001 1.00000000e+001 8.90448306e-005 7.51052400e-005 5.24995125e-005 4.75651108e-005 3.84816028e-005 3.59363721e-005 3.48776595e-005 2.79988525e-005 2.08551175e-005 
7.50000000e-001 3.21428571e+001 1.00000000e+001 6.68124950e-005 6.25091282e-005 4.53365280e-005 4.14441523e-005 3.41385248e-005 3.20462173e-005 3.11693670e-005 2.53401684e-005 1.91099350e-005 
7.50000000e-001 3.05357143e+001 1.00000000e+001 4.78643119e-005 5.06058259e-005 3.83148944e-005 3.53893724e-005 2.97612683e-005 2.81036054e-005 2.74022456e-005 2.26008252e-005 1.72850046e-005 
7.50000000e-001 2.85714286e+001 1.00000000e+001 3.26851478e-005 3.97198557e-005 3.15605441e-005 2.94894559e-005 2.53786248e-005 2.41237093e-005 2.35862766e-005 1.97663588e-005 1.53522871e-005 
7.50000000e-001 2.62500000e+001 1.00000000e+001 2.13389537e-005 3.02178192e-005 2.52986540e-005 2.39346658e-005 2.11163343e-005 2.02150907e-005 1.98230733e-005 1.68989983e-005 1.33412510e-005 
7.50000000e-001 2.35714286e+001 1.00000000e+001 1.34436397e-005 2.25193440e-005 1.99434463e-005 1.91197498e-005 1.73168700e-005 1.67016893e-005 1.64284354e-005 1.42567566e-005 1.14460496e-005 
7.50000000e-001 2.05357143e+001 1.00000000e+001 8.22064973e-006 1.65461507e-005 1.55582330e-005 1.51240336e-005 1.40752994e-005 1.36793875e-005 1.34981443e-005 1.19280938e-005 9.74024759e-006 
7.50000000e-001 1.71428571e+001 1.00000000e+001 4.94249378e-006 1.21626922e-005 1.21817730e-005 1.20112086e-005 1.14875425e-005 1.12490683e-005 1.11346006e-005 1.00156794e-005 8.31534269e-006 
7.50000000e-001 1.33928571e+001 1.00000000e+001 2.99302601e-006 9.17156002e-006 9.79410534e-006 9.79023814e-006 9.60494498e-006 9.47056547e-006 9.40070907e-006 8.59343876e-006 7.24595399e-006 
7.50000000e-001 9.28571429e+000 1.00000000e+001 1.90095715e-006 7.30756493e-006 8.30307385e-006 8.40452801e-006 8.42930963e-006 8.35872763e-006 8.31620151e-006 7.70175280e-006 6.57844998e-006 
7.50000000e-001 4.82142857e+000 1.00000000e+001 1.33448383e-006 6.21299519e-006 7.41628479e-006 7.58321344e-006 7.74056519e-006 7.70950967e-006 7.68374691e-006 7.18486661e-006 6.19330281e-006 
7.50000000e-001 0.00000000e+000 1.00000000e+001 1.15595089e-006 5.84311763e-006 7.11336212e-006 7.30278344e-006 7.50699876e-006 7.49001260e-006 7.47020405e-006 7.01177257e-006 6.06536165e-006 
1.00000000e+000 3.50000000e+001 1.00000000e+001 1.42660030e-004 9.95401349e-005 6.48644794e-005 5.77630586e-005 4.51320713e-005 4.17273838e-005 4.03300090e-005 3.16050960e-005 2.30079688e-005 
1.00000000e+000 3.48214286e+001 1.00000000e+001 1.28696581e-004 9.34240201e-005 6.17381115e-005 5.51665473e-005 4.34014208e-005 4.02074065e-005 3.88933059e-005 3.06285902e-005 2.24048863e-005 
1.00000000e+000 3.42857143e+001 1.00000000e+001 1.03649892e-004 8.14505981e-005 5.53831559e-005 4.98350058e-005 3.97679163e-005 3.69938153e-005 3.58466183e-005 2.85181817e-005 2.10731291e-005 
1.00000000e+000 3.33928571e+001 1.00000000e+001 7.72087511e-005 6.74623072e-005 4.76508004e-005 4.32785004e-005 3.51961607e-005 3.29217908e-005 3.19744263e-005 2.57852963e-005 1.93122533e-005 
1.00000000e+000 3.21428571e+001 1.00000000e+001 5.38178300e-005 5.35883634e-005 3.96536175e-005 3.64256296e-005 3.03113251e-005 2.85420822e-005 2.77980053e-005 2.27874927e-005 1.73463417e-005 
1.00000000e+000 3.05357143e+001 1.00000000e+001 3.53188872e-005 4.10682589e-005 3.20961971e-005 2.98763262e-005 2.55344010e-005 2.42301558e-005 2.36745539e-005 1.97771667e-005 1.53375409e-005 
1.00000000e+000 2.85714286e+001 1.00000000e+001 2.18065956e-005 3.02887191e-005 2.51839795e-005 2.37947686e-005 2.09567464e-005 2.00590767e-005 1.96699068e-005 1.67820960e-005 1.32862406e-005 
1.00000000e+000 2.62500000e+001 1.00000000e+001 1.27243804e-005 2.15256694e-005 1.91509794e-005 1.83908074e-005 1.67341912e-005 1.61682356e-005 1.59165620e-005 1.38925365e-005 1.12436646e-005 
1.00000000e+000 2.35714286e+001 1.00000000e+001 7.07394368e-006 1.48895049e-005 1.42618304e-005 1.39383158e-005 1.31349150e-005 1.28183303e-005 1.26713853e-005 1.13301748e-005 9.38401257e-006 
1.00000000e+000 2.05357143e+001 1.00000000e+001 3.76681995e-006 1.00871966e-005 1.04667765e-005 1.04233100e-005 1.01939184e-005 1.00533317e-005 9.98145896e-006 9.15205278e-006 7.76248445e-006 
1.00000000e+000 1.71428571e+001 1.00000000e+001 1.94308278e-006 6.78855315e-006 7.67990565e-006 7.80146229e-006 7.93015549e-006 7.90555136e-006 7.88402141e-006 7.41540757e-006 6.44184120e-006 
1.00000000e+000 1.33928571e+001 1.00000000e+001 9.91895088e-007 4.65429161e-006 5.77060154e-006 5.98190042e-006 6.31801529e-006 6.36465089e-006 6.37462928e-006 6.14413731e-006 5.46254931e-006 
1.00000000e+000 9.28571429e+000 1.00000000e+001 5.22194534e-007 3.36817477e-006 4.58282734e-006 4.84460205e-006 5.30156111e-006 5.39068901e-006 5.41961509e-006 5.33599698e-006 4.84113271e-006 
1.00000000e+000 4.82142857e+000 1.00000000e+001 3.07137214e-007 2.64873240e-006 3.89297637e-006 4.18194872e-006 4.70889166e-006 4.82303896e-006 4.86311259e-006 4.86553228e-006 4.47979606e-006 
1.00000000e+000 0.00000000e+000 1.00000000e+001 2.44440619e-007 2.41183113e-006 3.66022507e-006 3.95770728e-006 4.50822119e-006 4.63103056e-006 4.67497468e-006 4.70712627e-006 4.35874369e-006 
1.25000000e+000 3.50000000e+001 1.00000000e+001 1.41246293e-004 9.79091653e-005 6.35193204e-005 5.64895434e-005 4.40047589e-005 4.06474649e-005 3.92708942e-005 3.07043489e-005 2.23053082e-005 
1.25000000e+000 3.48214286e+001 1.00000000e+001 1.24754105e-004 9.06676337e-005 5.98168733e-005 5.34148560e-005 4.19564622e-005 3.88490180e-005 3.75712195e-005 2.95505028e-005 2.15942258e-005 
1.25000000e+000 3.42857143e+001 1.00000000e+001 9.63453060e-005 7.69354710e-005 5.25069395e-005 4.72788028e-005 3.77718163e-005 3.51478233e-005 3.40622906e-005 2.71211479e-005 2.00637252e-005 
1.25000000e+000 3.33928571e+001 1.00000000e+001 6.78215393e-005 6.14616311e-005 4.38886695e-005 3.99593285e-005 3.26538596e-005 3.05864342e-005 2.97237481e-005 2.40565072e-005 1.80899867e-005 
1.25000000e+000 3.21428571e+001 1.00000000e+001 4.40570094e-005 4.67027918e-005 3.52558832e-005 3.25373840e-005 2.73308647e-005 2.58063103e-005 2.51626344e-005 2.07721836e-005 1.59322650e-005 
1.25000000e+000 3.05357143e+001 1.00000000e+001 2.65737537e-005 3.39612033e-005 2.73773196e-005 2.56720265e-005 2.22705582e-005 2.12257036e-005 2.07772610e-005 1.75510615e-005 1.37729187e-005 
1.25000000e+000 2.85714286e+001 1.00000000e+001 1.48817415e-005 2.35895398e-005 2.04943101e-005 1.95683194e-005 1.76063817e-005 1.69583303e-005 1.66733277e-005 1.44536128e-005 1.16357639e-005 
1.25000000e+000 2.62500000e+001 1.00000000e+001 7.78060510e-006 1.56916614e-005 1.48035447e-005 1.44173415e-005 1.34994988e-005 1.31530697e-005 1.29942284e-005 1.15854636e-005 9.58672093e-006 
1.25000000e+000 2.35714286e+001 1.00000000e+001 3.82440943e-006 1.00896500e-005 1.04219432e-005 1.03720004e-005 1.01416653e-005 1.00050318e-005 9.93550058e-006 9.12973946e-006 7.77844307e-006 
1.25000000e+000 2.05357143e+001 1.00000000e+001 1.77605124e-006 6.30843416e-006 7.19557591e-006 7.33092606e-006 7.50993519e-006 7.50772739e-006 7.49674636e-006 7.11240227e-006 6.24785460e-006 
1.25000000e+000 1.71428571e+001 1.00000000e+001 7.87112341e-007 3.88662710e-006 4.94157661e-006 5.16345138e-006 5.55854649e-006 5.63502121e-006 5.65935643e-006 5.55056220e-006 5.03171808e-006 
1.25000000e+000 1.33928571e+001 1.00000000e+001 3.39210953e-007 2.41757820e-006 3.45877558e-006 3.71191411e-006 4.20592445e-006 4.32444553e-006 4.36842640e-006 4.42887347e-006 4.14267803e-006 
1.25000000e+000 9.28571429e+000 1.00000000e+001 1.47838052e-007 1.57892509e-006 2.55773968e-006 2.81996329e-006 3.35842576e-006 3.49918041e-006 3.55391507e-006 3.71415464e-006 3.57439360e-006 
1.25000000e+000 4.82142857e+000 1.00000000e+001 7.18416844e-008 1.13642082e-006 2.05121406e-006 2.31369699e-006 2.87113550e-006 3.02341639e-006 3.08387280e-006 3.29956007e-006 3.24354580e-006 
1.25000000e+000 0.00000000e+000 1.00000000e+001 5.16947974e-008 9.95547612e-007 1.88342328e-006 2.14489036e-006 2.70737475e-006 2.86336398e-006 2.92569928e-006 3.15999573e-006 3.13233183e-006 
1.50000000e+000 3.50000000e+001 1.00000000e+001 1.40305141e-004 9.68119812e-005 6.26046899e-005 5.56192904e-005 4.32223860e-005 3.98932724e-005 3.85290790e-005 3.00600396e-005 2.17879935e-005 
1.50000000e+000 3.48214286e+001 1.00000000e+001 1.21434183e-004 8.85025469e-005 5.83535872e-005 5.20887045e-005 4.08704632e-005 3.78284100e-005 3.65777160e-005 2.87360034e-005 2.09729016e-005 
1.50000000e+000 3.42857143e+001 1.00000000e+001 9.00945800e-005 7.31817102e-005 5.01702121e-005 4.52144696e-005 3.61765522e-005 3.36756511e-005 3.26402953e-005 2.60091399e-005 1.92556465e-005 
1.50000000e+000 3.33928571e+001 1.00000000e+001 6.00634161e-005 5.64755965e-005 4.07911680e-005 3.72344916e-005 3.05778663e-005 2.86814206e-005 2.78883997e-005 2.26466278e-005 1.70880747e-005 
1.50000000e+000 3.21428571e+001 1.00000000e+001 3.64422896e-005 4.11208754e-005 3.16748635e-005 2.93697106e-005 2.48994530e-005 2.35728017e-005 2.30102149e-005 1.91196843e-005 1.47635295e-005 
1.50000000e+000 3.05357143e+001 1.00000000e+001 2.02479313e-005 2.84232958e-005 2.36310228e-005 2.23205275e-005 1.96458256e-005 1.88025558e-005 1.84375205e-005 1.57371669e-005 1.24821703e-005 
1.50000000e+000 2.85714286e+001 1.00000000e+001 1.03067402e-005 1.86262801e-005 1.69003325e-005 1.63034945e-005 1.49746517e-005 1.45099115e-005 1.43017999e-005 1.25836846e-005 1.02866733e-005 
1.50000000e+000 2.62500000e+001 1.00000000e+001 4.83584961e-006 1.16141477e-005 1.16093473e-005 1.14627085e-005 1.10331081e-005 1.08363224e-005 1.07414012e-005 9.76977999e-006 8.25163472e-006 
1.50000000e+000 2.35714286e+001 1.00000000e+001 2.10400490e-006 6.95018957e-006 7.73342997e-006 7.83350734e-006 7.93658124e-006 7.91083290e-006 7.88988117e-006 7.43885006e-006 6.50712112e-006 
1.50000000e+000 2.05357143e+001 1.00000000e+001 8.52825150e-007 4.01421261e-006 5.02552661e-006 5.23470954e-006 5.60714565e-006 5.67860743e-006 5.70117381e-006 5.58635781e-006 5.07190024e-006 
1.50000000e+000 1.71428571e+001 1.00000000e+001 3.24952146e-007 2.26537808e-006 3.22960166e-006 3.46813249e-006 3.94524608e-006 4.06416668e-006 4.10922412e-006 4.19415780e-006 3.95926802e-006 
1.50000000e+000 1.33928571e+001 1.00000000e+001 1.18378067e-007 1.27800434e-006 2.10237587e-006 2.33322531e-006 2.82912845e-006 2.96662588e-006 3.02155683e-006 3.21608744e-006 3.15909387e-006 
1.50000000e+000 9.28571429e+000 1.00000000e+001 4.27621914e-008 7.50770035e-007 1.44173416e-006 1.65600078e-006 2.14169444e-006 2.28515444e-006 2.34404043e-006 2.59668598e-006 2.64748932e-006 
1.50000000e+000 4.82142857e+000 1.00000000e+001 1.70422910e-008 4.90516248e-007 1.08472143e-006 1.28408769e-006 1.75450956e-006 1.89906820e-006 1.95931024e-006 2.24071501e-006 2.35073124e-006 
1.50000000e+000 0.00000000e+000 1.00000000e+001 1.09335109e-008 4.10950980e-007 9.69159677e-007 1.16244577e-006 1.62590742e-006 1.77043210e-006 1.83098052e-006 2.12138630e-006 2.25100260e-006 
1.75000000e+000 3.50000000e+001 1.00000000e+001 1.39636387e-004 9.60248199e-005 6.19450034e-005 5.49901015e-005 4.26521748e-005 3.93416648e-005 3.79856126e-005 2.95818247e-005 2.13963191e-005 
1.75000000e+000 3.48214286e+001 1.00000000e+001 1.18510995e-004 8.66952033e-005 5.71680917e-005 5.10222219e-005 4.00084364e-005 3.70205799e-005 3.57921198e-005 2.80937390e-005 2.04807136e-005 
1.75000000e+000 3.42857143e+001 1.00000000e+001 8.45921150e-005 6.99260027e-005 4.81789823e-005 4.34650438e-005 3.48404607e-005 3.24466708e-005 3.14547416e-005 2.50877471e-005 1.85871923e-005 
1.75000000e+000 3.33928571e+001 1.00000000e+001 5.34964478e-005 5.21911664e-005 3.81412733e-005 3.49085830e-005 2.88154623e-005 2.70668213e-005 2.63338753e-005 2.14562230e-005 1.62423714e-005 
1.75000000e+000 3.21428571e+001 1.00000000e+001 3.03655696e-005 3.64601690e-005 2.86609744e-005 2.67010765e-005 2.28486698e-005 2.16884100e-005 2.11939940e-005 1.77234090e-005 1.37725022e-005 
1.75000000e+000 3.05357143e+001 1.00000000e+001 1.55669983e-005 2.39875246e-005 2.05667752e-005 1.95673207e-005 1.74719198e-005 1.67908578e-005 1.64931064e-005 1.42199146e-005 1.13933335e-005 
1.75000000e+000 2.85714286e+001 1.00000000e+001 7.21326509e-006 1.48498675e-005 1.40682350e-005 1.37104228e-005 1.28515055e-005 1.25255770e-005 1.23760424e-005 1.10467918e-005 9.16222682e-006 
1.75000000e+000 2.62500000e+001 1.00000000e+001 3.04040197e-006 8.68883258e-006 9.19928691e-006 9.20725762e-006 9.10568767e-006 9.01328620e-006 8.96346966e-006 8.31088552e-006 7.15731981e-006 
1.75000000e+000 2.35714286e+001 1.00000000e+001 1.17176885e-006 4.84337864e-006 5.80281736e-006 5.98140880e-006 6.27509542e-006 6.31783081e-006 6.32757096e-006 6.11548977e-006 5.48548045e-006 
1.75000000e+000 2.05357143e+001 1.00000000e+001 4.14733887e-007 2.58591174e-006 3.55130695e-006 3.78084670e-006 4.23066631e-006 4.33887267e-006 4.37909530e-006 4.42650240e-006 4.14756040e-006 
1.75000000e+000 1.71428571e+001 1.00000000e+001 1.35913670e-007 1.33752093e-006 2.13608746e-006 2.35635914e-006 2.82889146e-006 2.95985521e-006 3.01219843e-006 3.19504146e-006 3.13575898e-006 
1.75000000e+000 1.33928571e+001 1.00000000e+001 4.18876555e-008 6.84596313e-007 1.29250259e-006 1.48232231e-006 1.92008994e-006 2.05223396e-006 2.10698934e-006 2.35091266e-006 2.42129786e-006 
1.75000000e+000 9.28571429e+000 1.00000000e+001 1.25613757e-008 3.61231265e-007 8.19806752e-007 9.80176143e-007 1.37414723e-006 1.50070442e-006 1.55439287e-006 1.82299388e-006 1.96690517e-006 
1.75000000e+000 4.82142857e+000 1.00000000e+001 4.09176178e-009 2.12920870e-007 5.75627901e-007 7.14820203e-007 1.07448518e-006 1.19516737e-006 1.24714358e-006 1.52374369e-006 1.70530411e-006 
1.75000000e+000 0.00000000e+000 1.00000000e+001 2.31265924e-009 1.69641003e-007 4.98712195e-007 6.30008588e-007 9.76444427e-007 1.09467650e-006 1.14588592e-006 1.42414970e-006 1.61765546e-006 
2.00000000e+000 3.50000000e+001 1.00000000e+001 1.39139067e-004 9.54333084e-005 6.14475145e-005 5.45149858e-005 4.22197322e-005 3.89225134e-005 3.75722539e-005 2.92152405e-005 2.10920576e-005 
2.00000000e+000 3.48214286e+001 1.00000000e+001 1.15865417e-004 8.51242630e-005 5.61643301e-005 5.01257374e-005 3.92943277e-005 3.63539825e-005 3.51448698e-005 2.75684403e-005 2.00790173e-005 
2.00000000e+000 3.42857143e+001 1.00000000e+001 7.96617627e-005 6.70257272e-005 4.64271645e-005 4.19327422e-005 3.36824648e-005 3.13850540e-005 3.04320756e-005 2.42992623e-005 1.80184523e-005 
2.00000000e+000 3.33928571e+001 1.00000000e+001 4.78507254e-005 4.84301104e-005 3.58161439e-005 3.28702803e-005 2.72772119e-005 2.56596887e-005 2.49799880e-005 2.04235542e-005 1.55108883e-005 
2.00000000e+000 3.21428571e+001 1.00000000e+001 2.54423800e-005 3.24934143e-005 2.60678229e-005 2.44010627e-005 2.10772289e-005 2.00600841e-005 1.96243685e-005 1.65158849e-005 1.29142348e-005 
2.00000000e+000 3.05357143e+001 1.00000000e+001 1.20494658e-005 2.03690911e-005 1.80089858e-005 1.72581133e-005 1.56325807e-005 1.50847740e-005 1.48424963e-005 1.29245812e-005 1.04577454e-005 
2.00000000e+000 2.85714286e+001 1.00000000e+001 5.08807098e-006 1.19243498e-005 1.17928631e-005 1.16100716e-005 1.11045760e-005 1.08856235e-005 1.07815630e-005 9.76021011e-006 8.20964231e-006 
2.00000000e+000 2.62500000e+001 1.00000000e+001 1.92805566e-006 6.55235478e-006 7.34632128e-006 7.45266440e-006 7.57121625e-006 7.55227603e-006 7.53465331e-006 7.11885293e-006 6.24723206e-006 
2.00000000e+000 2.35714286e+001 1.00000000e+001 6.58533109e-007 3.40433419e-006 4.39084579e-006 4.60525184e-006 5.00114239e-006 5.08524992e-006 5.11412832e-006 5.06393361e-006 4.65390778e-006 
2.00000000e+000 2.05357143e+001 1.00000000e+001 2.03580133e-007 1.68101103e-006 2.53194731e-006 2.75480900e-006 3.21871155e-006 3.34217690e-006 3.39062549e-006 3.53307265e-006 3.41299866e-006 
2.00000000e+000 1.71428571e+001 1.00000000e+001 5.73911756e-008 7.97268730e-007 1.42593169e-006 1.61549262e-006 2.04534316e-006 2.17295114e-006 2.22550861e-006 2.45086094e-006 2.49783978e-006 
2.00000000e+000 1.33928571e+001 1.00000000e+001 1.49709286e-008 3.70439099e-007 8.01936255e-007 9.50024515e-007 1.31311409e-006 1.42997246e-006 1.47963087e-006 1.72865274e-006 1.86445021e-006 
2.00000000e+000 9.28571429e+000 1.00000000e+001 3.73202340e-009 1.75508584e-007 4.69740607e-007 5.84233518e-007 8.86602627e-007 9.90622011e-007 1.03588433e-006 1.28483010e-006 1.46550846e-006 
2.00000000e+000 4.82142857e+000 1.00000000e+001 9.92490553e-010 9.29104812e-008 3.06489555e-007 3.99082509e-007 6.59418530e-007 7.53599870e-007 7.95273293e-007 1.03757801e-006 1.23825721e-006 
2.00000000e+000 0.00000000e+000 1.00000000e+001 4.89218319e-010 7.00300503e-008 2.56632633e-007 3.41449434e-007 5.86412909e-007 6.76855741e-007 7.17137854e-007 9.56079783e-007 1.16251311e-006 
2.25000000e+000 3.50000000e+001 1.00000000e+001 1.38756713e-004 9.49731517e-005 6.10593074e-005 5.41439038e-005 4.18811000e-005 3.85939174e-005 3.72480198e-005 2.89263450e-005 2.08501876e-005 
2.25000000e+000 3.48214286e+001 1.00000000e+001 1.13427439e-004 8.37202301e-005 5.52869004e-005 4.93471899e-005 3.86829064e-005 3.57856245e-005 3.45939604e-005 2.71255244e-005 1.97424446e-005 
2.25000000e+000 3.42857143e+001 1.00000000e+001 7.51906708e-005 6.43954081e-005 4.48517976e-005 4.05593688e-005 3.26534793e-005 3.04444973e-005 2.95271963e-005 2.36071618e-005 1.75230089e-005 
2.25000000e+000 3.33928571e+001 1.00000000e+001 4.29438401e-005 4.50802238e-005 3.37401664e-005 3.10511233e-005 2.59075945e-005 2.44081986e-005 2.37764755e-005 1.95088723e-005 1.48654742e-005 
2.25000000e+000 3.21428571e+001 1.00000000e+001 2.14103496e-005 2.90722328e-005 2.38021589e-005 2.23868261e-005 1.95205160e-005 1.86281844e-005 1.82437643e-005 1.54527809e-005 1.21581092e-005 
2.25000000e+000 3.05357143e+001 1.00000000e+001 9.37649088e-006 1.73791454e-005 1.58430149e-005 1.52923783e-005 1.40517857e-005 1.36148216e-005 1.34188951e-005 1.18010321e-005 9.64167159e-006 
2.25000000e+000 2.85714286e+001 1.00000000e+001 3.61109509e-006 9.62864692e-006 9.93907965e-006 9.88439650e-006 9.64589958e-006 9.51013231e-006 9.44174113e-006 8.66747056e-006 7.39173773e-006 
2.25000000e+000 2.62500000e+001 1.00000000e+001 1.23084894e-006 4.97182353e-006 5.90197274e-006 6.06855046e-006 6.33220952e-006 6.36480854e-006 6.37017801e-006 6.13166273e-006 5.48106871e-006 
2.25000000e+000 2.35714286e+001 1.00000000e+001 3.72697624e-007 2.40877623e-006 3.34412726e-006 3.56869006e-006 4.01100535e-006 4.11868130e-006 4.15902243e-006 4.21787259e-006 3.96957514e-006 
2.25000000e+000 2.05357143e+001 1.00000000e+001 1.00651247e-007 1.10040840e-006 1.81768867e-006 2.02102410e-006 2.46512221e-006 2.59129771e-006 2.64232995e-006 2.83704215e-006 2.82361195e-006 
2.25000000e+000 1.71428571e+001 1.00000000e+001 2.44113890e-008 4.78714443e-007 9.58788647e-007 1.11551635e-006 1.48889450e-006 1.60584057e-006 1.65505380e-006 1.89115619e-006 1.99975806e-006 
2.25000000e+000 1.33928571e+001 1.00000000e+001 5.39145369e-009 2.02017231e-007 5.01277397e-007 6.13277512e-007 9.03861583e-007 1.00259673e-006 1.04541229e-006 1.27776971e-006 1.44175019e-006 
2.25000000e+000 9.28571429e+000 1.00000000e+001 1.11835173e-009 8.59600630e-008 2.70950605e-007 3.50385972e-007 5.74934274e-007 6.56993483e-007 6.93484562e-007 9.08842528e-007 1.09492838e-006 
2.25000000e+000 4.82142857e+000 1.00000000e+001 2.42815753e-010 4.07400922e-008 1.63708169e-007 2.23428866e-007 4.05517348e-007 4.76051124e-007 5.08021135e-007 7.07458704e-007 8.99961333e-007 
2.25000000e+000 0.00000000e+000 1.00000000e+001 1.03498174e-010 2.89101816e-008 1.32062952e-007 1.85059964e-007 3.52179264e-007 4.18514236e-007 4.48815165e-007 6.41852504e-007 8.35432733e-007 
2.50000000e+000 3.50000000e+001 1.00000000e+001 1.38455248e-004 9.46054657e-005 6.07481656e-005 5.38462637e-005 4.16089841e-005 3.83296750e-005 3.69871947e-005 2.86932730e-005 2.06539553e-005 
2.50000000e+000 3.48214286e+001 1.00000000e+001 1.11152503e-004 8.24401915e-005 5.45016553e-005 4.86544153e-005 3.81458810e-005 3.52884434e-005 3.41128696e-005 2.67426118e-005 1.94539553e-005 
2.50000000e+000 3.42857143e+001 1.00000000e+001 7.11008921e-005 6.19796816e-005 4.34128425e-005 3.93079717e-005 3.17221848e-005 2.95953294e-005 2.87111365e-005 2.29875075e-005 1.70829543e-005 
2.50000000e+000 3.33928571e+001 1.00000000e+001 3.86445213e-005 4.20653504e-005 3.18634311e-005 2.94061395e-005 2.46702236e-005 2.32783152e-005 2.26902819e-005 1.86856403e-005 1.42867820e-005 
2.50000000e+000 3.21428571e+001 1.00000000e+001 1.80811173e-005 2.60928989e-005 2.18004566e-005 2.06022499e-005 1.81350205e-005 1.73525218e-005 1.70133553e-005 1.45038740e-005 1.14827315e-005 
2.50000000e+000 3.05357143e+001 1.00000000e+001 7.32797229e-006 1.48848320e-005 1.39892904e-005 1.36006069e-005 1.26771941e-005 1.23331349e-005 1.21762599e-005 1.08143866e-005 8.92112595e-006 
2.50000000e+000 2.85714286e+001 1.00000000e+001 2.57554334e-006 7.80970354e-006 8.41292656e-006 8.45133171e-006 8.41421289e-006 8.34333868e-006 8.30305628e-006 7.72869341e-006 6.68167947e-006 
2.50000000e+000 2.62500000e+001 1.00000000e+001 7.89964277e-007 3.79121744e-006 4.76441740e-006 4.96511080e-006 5.32082448e-006 5.38905348e-006 5.41069020e-006 5.30521987e-006 4.82946707e-006 
2.50000000e+000 2.35714286e+001 1.00000000e+001 2.12109008e-007 1.71338356e-006 2.56017590e-006 2.77974430e-006 3.23325068e-006 3.35264701e-006 3.39926866e-006 3.53016002e-006 3.40112777e-006 
2.50000000e+000 2.05357143e+001 1.00000000e+001 5.00468748e-008 7.24324942e-007 1.31210753e-006 1.49083469e-006 1.89815027e-006 2.01983628e-006 2.07010560e-006 2.28962746e-006 2.34673174e-006 
2.50000000e+000 1.71428571e+001 1.00000000e+001 1.04434655e-008 2.89094866e-007 6.48417447e-007 7.74719243e-007 1.08989652e-006 1.19326466e-006 1.23753049e-006 1.46664398e-006 1.60809300e-006 
2.50000000e+000 1.33928571e+001 1.00000000e+001 1.95322952e-009 1.10849168e-007 3.15244745e-007 3.98255104e-007 6.25601135e-007 7.06709210e-007 7.42506450e-007 9.48871777e-007 1.11916837e-006 
2.50000000e+000 9.28571429e+000 1.00000000e+001 3.37373666e-010 4.23806876e-008 1.57188210e-007 2.11279029e-007 3.74529403e-007 4.37591954e-007 4.66191330e-007 6.45064323e-007 8.20184704e-007 
2.50000000e+000 4.82142857e+000 1.00000000e+001 5.98362731e-011 1.79440874e-008 8.77070333e-008 1.25421371e-007 2.49870706e-007 3.01260740e-007 3.25079898e-007 4.82992173e-007 6.54687640e-007 
2.50000000e+000 0.00000000e+000 1.00000000e+001 2.18978473e-011 1.19352069e-008 6.79606213e-008 1.00300868e-007 2.11508733e-007 2.58778473e-007 2.80889822e-007 4.30902441e-007 6.00380959e-007 
0.00000000e+000 3.50000000e+001 2.00000000e+001 2.08530284e-004 1.39652349e-004 8.79282463e-005 7.73999125e-005 5.87819663e-005 5.38317101e-005 5.18130357e-005 3.95422474e-005 2.79492762e-005 
0.00000000e+000 3.48214286e+001 2.00000000e+001 2.07434982e-004 1.38927157e-004 8.74740311e-005 7.70010823e-005 5.84814474e-005 5.35573218e-005 5.15492857e-005 3.93425026e-005 2.78086822e-005 
0.00000000e+000 3.42857143e+001 2.00000000e+001 2.04267025e-004 1.36831852e-004 8.61630952e-005 7.58502002e-005 5.76144553e-005 5.27657482e-005 5.07884093e-005 3.87663439e-005 2.74032863e-005 
0.00000000e+000 3.33928571e+001 2.00000000e+001 1.99262106e-004 1.33535056e-004 8.41014260e-005 7.40402466e-005 5.62506922e-005 5.15204983e-005 4.95914027e-005 3.78597950e-005 2.67655579e-005 
0.00000000e+000 3.21428571e+001 2.00000000e+001 1.92932289e-004 1.29379394e-004 8.15024658e-005 7.17582080e-005 5.45300695e-005 4.99489374e-005 4.80805247e-005 3.67145673e-005 2.59595205e-005 
0.00000000e+000 3.05357143e+001 2.00000000e+001 1.86101518e-004 1.24900840e-004 7.87022879e-005 6.92990891e-005 5.26745720e-005 4.82536048e-005 4.64503914e-005 3.54776979e-005 2.50885904e-005 
0.00000000e+000 2.85714286e+001 2.00000000e+001 1.78603136e-004 1.20007826e-004 7.56402543e-005 6.66078393e-005 5.06383753e-005 4.63912420e-005 4.46588467e-005 3.41148929e-005 2.41277391e-005 
0.00000000e+000 2.62500000e+001 2.00000000e+001 1.70331396e-004 1.14620892e-004 7.22561640e-005 6.36275753e-005 4.83711915e-005 4.43139189e-005 4.26590305e-005 3.25876570e-005 2.30487232e-005 
0.00000000e+000 2.35714286e+001 2.00000000e+001 1.62024105e-004 1.09201998e-004 6.88286649e-005 6.06002823e-005 4.60512577e-005 4.21833054e-005 4.06059207e-005 3.10114251e-005 2.19314149e-005 
0.00000000e+000 2.05357143e+001 2.00000000e+001 1.54350033e-004 1.04192003e-004 6.56367942e-005 5.77716667e-005 4.38644431e-005 4.01691949e-005 3.86627466e-005 2.95097838e-005 2.08628196e-005 
0.00000000e+000 1.71428571e+001 2.00000000e+001 1.47633871e-004 9.97891859e-005 6.28071494e-005 5.52541881e-005 4.18972670e-005 3.83508724e-005 3.69058002e-005 2.81405161e-005 1.98831558e-005 
0.00000000e+000 1.33928571e+001 2.00000000e+001 1.42420263e-004 9.63496818e-005 6.05849114e-005 5.32702421e-005 4.03290891e-005 3.68951834e-005 3.54966668e-005 2.70308512e-005 1.90842613e-005 
0.00000000e+000 9.28571429e+000 2.00000000e+001 1.38460333e-004 9.37355618e-005 5.89176810e-005 5.17869130e-005 3.91581733e-005 3.58067065e-005 3.44421541e-005 2.61954055e-005 1.84798147e-005 
0.00000000e+000 4.82142857e+000 2.00000000e+001 1.35966948e-004 9.20892173e-005 5.78758587e-005 5.08649054e-005 3.84377988e-005 3.51381631e-005 3.37947777e-005 2.56828473e-005 1.81085624e-005 
0.00000000e+000 0.00000000e+000 2.00000000e+001 1.35335525e-004 9.16816397e-005 5.76209591e-005 5.06401722e-005 3.82627367e-005 3.49754309e-005 3.36370410e-005 2.55570649e-005 1.80172361e-005 
2.50000000e-001 3.50000000e+001 2.00000000e+001 1.57227295e-004 1.12750903e-004 7.34698841e-005 6.52751042e-005 5.05769368e-005 4.66041390e-005 4.49746259e-005 3.48837691e-005 2.50911413e-005 
2.50000000e-001 3.48214286e+001 2.00000000e+001 1.52431891e-004 1.10554073e-004 7.23103593e-005 6.43019960e-005 4.99107831e-005 4.60133423e-005 4.44137112e-005 3.44901089e-005 2.48363344e-005 
2.50000000e-001 3.42857143e+001 2.00000000e+001 1.41814567e-004 1.05434717e-004 6.95419700e-005 6.19631836e-005 4.82862060e-005 4.45659297e-005 4.30367907e-005 3.35115873e-005 2.41936851e-005 
2.50000000e-001 3.33928571e+001 2.00000000e+001 1.27954597e-004 9.84334031e-005 6.56787789e-005 5.86819638e-005 4.59806750e-005 4.25045550e-005 4.10728511e-005 3.21028380e-005 2.32590112e-005 
2.50000000e-001 3.21428571e+001 2.00000000e+001 1.12689920e-004 9.03981494e-005 6.11732868e-005 5.48394146e-005 4.32570128e-005 4.00628015e-005 3.87438556e-005 3.04204553e-005 2.21344568e-005 
2.50000000e-001 3.05357143e+001 2.00000000e+001 9.75724981e-005 8.21667648e-005 5.65074525e-005 5.08496906e-005 4.04136197e-005 3.75094951e-005 3.63067424e-005 2.86524223e-005 2.09477231e-005 
2.50000000e-001 2.85714286e+001 2.00000000e+001 8.31572082e-005 7.39497836e-005 5.17687350e-005 4.67790929e-005 3.74831018e-005 3.48695647e-005 3.37835168e-005 2.68067334e-005 1.96988151e-005 
2.50000000e-001 2.62500000e+001 2.00000000e+001 6.99238521e-005 6.59607950e-005 4.70501159e-005 4.26985864e-005 3.45009747e-005 3.21704573e-005 3.11985491e-005 2.48929645e-005 1.83885983e-005 
2.50000000e-001 2.35714286e+001 2.00000000e+001 5.83624683e-005 5.86093323e-005 4.26147265e-005 3.88397402e-005 3.16420348e-005 2.95717289e-005 2.87051752e-005 2.30267975e-005 1.70977600e-005 
2.50000000e-001 2.05357143e+001 2.00000000e+001 4.86847240e-005 5.21709039e-005 3.86634856e-005 3.53850926e-005 2.90529595e-005 2.72096249e-005 2.64352716e-005 2.13119736e-005 1.59018214e-005 
2.50000000e-001 1.71428571e+001 2.00000000e+001 4.08743627e-005 4.67496796e-005 3.52832106e-005 3.24155423e-005 2.68015307e-005 2.51476724e-005 2.44505276e-005 1.97976218e-005 1.48364704e-005 
2.50000000e-001 1.33928571e+001 2.00000000e+001 3.49425535e-005 4.25078339e-005 3.26188031e-005 3.00692229e-005 2.50097869e-005 2.35022371e-005 2.28647904e-005 1.85787267e-005 1.39741264e-005 
2.50000000e-001 9.28571429e+000 2.00000000e+001 3.07051431e-005 3.93812636e-005 3.06491797e-005 2.83348581e-005 2.36830269e-005 2.22821583e-005 2.16881664e-005 1.76697049e-005 1.33278344e-005 
2.50000000e-001 4.82142857e+000 2.00000000e+001 2.81055341e-005 3.74233023e-005 2.94147154e-005 2.72499253e-005 2.28574074e-005 2.15238679e-005 2.09572044e-005 1.71059086e-005 1.29272096e-005 
2.50000000e-001 0.00000000e+000 2.00000000e+001 2.72464530e-005 3.68009022e-005 2.90344656e-005 2.69192133e-005 2.26117733e-005 2.12998931e-005 2.07419512e-005 1.69428321e-005 1.28136446e-005 
5.00000000e-001 3.50000000e+001 2.00000000e+001 1.47552755e-004 1.03752994e-004 6.73471594e-005 5.98271157e-005 4.64141056e-005 4.28049158e-005 4.13262680e-005 3.21714161e-005 2.32759053e-005 
5.00000000e-001 3.48214286e+001 2.00000000e+001 1.39633511e-004 1.00244553e-004 6.55431809e-005 5.83258974e-005 4.54072005e-005 4.19180827e-005 4.04868627e-005 3.15942378e-005 2.29119406e-005 
5.00000000e-001 3.42857143e+001 2.00000000e+001 1.23331040e-004 9.25799823e-005 6.14969585e-005 5.49348323e-005 4.30974155e-005 3.98738891e-005 3.85479553e-005 3.02431815e-005 2.20463931e-005 
5.00000000e-001 3.33928571e+001 2.00000000e+001 1.03630401e-004 8.27058276e-005 5.61465425e-005 5.04202552e-005 3.99776517e-005 3.71006307e-005 3.59125700e-005 2.83852052e-005 2.08404689e-005 
5.00000000e-001 3.21428571e+001 2.00000000e+001 8.35828956e-005 7.19586000e-005 5.01773167e-005 4.53525113e-005 3.64307464e-005 3.39356363e-005 3.29000663e-005 2.62403524e-005 1.94336709e-005 
5.00000000e-001 3.05357143e+001 2.00000000e+001 6.52417289e-005 6.14278807e-005 4.41982064e-005 4.02503142e-005 3.28231965e-005 3.07070610e-005 2.98232651e-005 2.40337404e-005 1.79760043e-005 
5.00000000e-001 2.85714286e+001 2.00000000e+001 4.94075778e-005 5.15311045e-005 3.84124389e-005 3.52774237e-005 2.92537648e-005 2.74981000e-005 2.67592885e-005 2.18107857e-005 1.64902608e-005 
5.00000000e-001 2.62500000e+001 2.00000000e+001 3.64575676e-005 4.25934330e-005 3.29963549e-005 3.05791040e-005 2.58139627e-005 2.43868910e-005 2.37809931e-005 1.96160617e-005 1.49998362e-005 
5.00000000e-001 2.35714286e+001 2.00000000e+001 2.63747280e-005 3.48975665e-005 2.81687985e-005 2.63545009e-005 2.26629543e-005 2.15207870e-005 2.10307809e-005 1.75601710e-005 1.35835872e-005 
5.00000000e-001 2.05357143e+001 2.00000000e+001 1.88519637e-005 2.85415790e-005 2.40514205e-005 2.27227792e-005 1.99087683e-005 1.90030682e-005 1.86097621e-005 1.57275257e-005 1.23059636e-005 
5.00000000e-001 1.71428571e+001 2.00000000e+001 1.34357649e-005 2.34738916e-005 2.06651856e-005 1.97132032e-005 1.75892432e-005 1.68721996e-005 1.65564385e-005 1.41535948e-005 1.11955536e-005 
5.00000000e-001 1.33928571e+001 2.00000000e+001 9.71860513e-006 1.96588450e-005 1.80552283e-005 1.73811646e-005 1.57714770e-005 1.51964147e-005 1.49392235e-005 1.29028814e-005 1.03064142e-005 
5.00000000e-001 9.28571429e+000 2.00000000e+001 7.30904187e-006 1.69611047e-005 1.61732756e-005 1.56935364e-005 1.44462177e-005 1.39716744e-005 1.37560153e-005 1.19815456e-005 9.64707886e-006 
5.00000000e-001 4.82142857e+000 2.00000000e+001 5.93709789e-006 1.53179219e-005 1.50107918e-005 1.46494123e-005 1.36251902e-005 1.32127435e-005 1.30227433e-005 1.14101157e-005 9.23776138e-006 
5.00000000e-001 0.00000000e+000 2.00000000e+001 5.48728989e-006 1.47734924e-005 1.46310200e-005 1.43104357e-005 1.33631661e-005 1.29719758e-005 1.27907225e-005 1.12323571e-005 9.11305432e-006 
7.50000000e-001 3.50000000e+001 2.00000000e+001 1.44114694e-004 9.99333332e-005 6.43839237e-005 5.70870907e-005 4.41339633e-005 4.06681128e-005 3.92510501e-005 3.05187841e-005 2.20872552e-005 
7.50000000e-001 3.48214286e+001 2.00000000e+001 1.33391477e-004 9.52259519e-005 6.19838651e-005 5.50956420e-005 4.28080953e-005 3.95034200e-005 3.81499462e-005 2.97678662e-005 2.16190893e-005 
7.50000000e-001 3.42857143e+001 2.00000000e+001 1.12416940e-004 8.53651053e-005 5.68076049e-005 5.07675691e-005 3.98787376e-005 3.69170244e-005 3.56994033e-005 2.80733433e-005 2.05452350e-005 
7.50000000e-001 3.33928571e+001 2.00000000e+001 8.85593419e-005 7.32106728e-005 5.02223547e-005 4.52167053e-005 3.60573250e-005 3.35256054e-005 3.24790803e-005 2.58162753e-005 1.90933832e-005 
7.50000000e-001 3.21428571e+001 2.00000000e+001 6.59157223e-005 6.05651477e-005 4.31399765e-005 3.91980352e-005 3.18443060e-005 2.97682537e-005 2.89039036e-005 2.32790749e-005 1.74398303e-005 
7.50000000e-001 3.05357143e+001 2.00000000e+001 4.67619816e-005 4.87191109e-005 3.62793399e-005 3.33221010e-005 2.76673909e-005 2.60267594e-005 2.53373277e-005 2.07209260e-005 1.57552871e-005 
7.50000000e-001 2.85714286e+001 2.00000000e+001 3.17247490e-005 3.81945668e-005 2.99230212e-005 2.78229168e-005 2.36772478e-005 2.24310045e-005 2.19010109e-005 1.82188943e-005 1.40826109e-005 
7.50000000e-001 2.62500000e+001 2.00000000e+001 2.06952316e-005 2.92933098e-005 2.42749946e-005 2.28766820e-005 1.99965545e-005 1.90890830e-005 1.86971267e-005 1.58412908e-005 1.24619259e-005 
7.50000000e-001 2.35714286e+001 2.00000000e+001 1.30547862e-005 2.21137131e-005 1.94844398e-005 1.86301650e-005 1.67572419e-005 1.61264274e-005 1.58481487e-005 1.36883380e-005 1.09675496e-005 
7.50000000e-001 2.05357143e+001 2.00000000e+001 8.02399598e-006 1.65573443e-005 1.55850994e-005 1.51325742e-005 1.40252212e-005 1.36105528e-005 1.34218735e-005 1.18238042e-005 9.65234665e-006 
7.50000000e-001 1.71428571e+001 2.00000000e+001 4.84736140e-006 1.24036714e-005 1.25191277e-005 1.23502818e-005 1.18007227e-005 1.15481872e-005 1.14273404e-005 1.02654642e-005 8.53556793e-006 
7.50000000e-001 1.33928571e+001 2.00000000e+001 2.93385103e-006 9.44971328e-006 1.02389676e-005 1.02608971e-005 1.00984585e-005 9.96155426e-006 9.88949161e-006 9.04852427e-006 7.65354829e-006 
7.50000000e-001 9.28571429e+000 2.00000000e+001 1.84033740e-006 7.47066476e-006 8.64930297e-006 8.79250200e-006 8.88395411e-006 8.82471331e-006 8.78564164e-006 8.16585890e-006 7.00755220e-006 
7.50000000e-001 4.82142857e+000 2.00000000e+001 1.27983874e-006 6.31386305e-006 7.69098755e-006 7.90239161e-006 8.14127237e-006 8.12805144e-006 8.10862446e-006 7.62200438e-006 6.60795047e-006 
7.50000000e-001 0.00000000e+000 2.00000000e+001 1.10549088e-006 5.93138908e-006 7.37331442e-006 7.60793209e-006 7.89769288e-006 7.90040185e-006 7.88776885e-006 7.44673075e-006 6.48129846e-006 
1.00000000e+000 3.50000000e+001 2.00000000e+001 1.42376907e-004 9.79377006e-005 6.27491932e-005 5.55443062e-005 4.27819844e-005 3.93785337e-005 3.79889022e-005 2.94623096e-005 2.12832271e-005 
1.00000000e+000 3.48214286e+001 2.00000000e+001 1.29061316e-004 9.21101940e-005 5.97891833e-005 5.30915338e-005 4.11546411e-005 3.79508082e-005 3.66398931e-005 2.85460370e-005 2.07153059e-005 
1.00000000e+000 3.42857143e+001 2.00000000e+001 1.04092339e-004 8.03015207e-005 5.35953215e-005 4.79160436e-005 3.76593843e-005 3.48675752e-005 3.37198594e-005 2.65334529e-005 1.94464936e-005 
1.00000000e+000 3.33928571e+001 2.00000000e+001 7.71679630e-005 6.62833281e-005 4.59652733e-005 4.14805351e-005 3.32274088e-005 3.09350441e-005 2.99862048e-005 2.39205797e-005 1.77715646e-005 
1.00000000e+000 3.21428571e+001 2.00000000e+001 5.32239109e-005 5.22921144e-005 3.80285270e-005 3.47184440e-005 2.84739033e-005 2.66917956e-005 2.59473662e-005 2.10511118e-005 1.59030911e-005 
1.00000000e+000 3.05357143e+001 2.00000000e+001 3.44686846e-005 3.97611386e-005 3.05952383e-005 2.83185373e-005 2.38809041e-005 2.25676770e-005 2.20123352e-005 1.82154644e-005 1.40310668e-005 
1.00000000e+000 2.85714286e+001 2.00000000e+001 2.10453048e-005 2.92211718e-005 2.39913445e-005 2.25579068e-005 1.96364626e-005 1.87273914e-005 1.83364379e-005 1.55163308e-005 1.22155177e-005 
1.00000000e+000 2.62500000e+001 2.00000000e+001 1.21903638e-005 2.08516495e-005 1.84038529e-005 1.76084131e-005 1.58736344e-005 1.52914934e-005 1.50349371e-005 1.30360401e-005 1.05081799e-005 
1.00000000e+000 2.35714286e+001 2.00000000e+001 6.73439983e-006 1.45328992e-005 1.38933226e-005 1.35489163e-005 1.26874333e-005 1.23552360e-005 1.22026785e-005 1.08597070e-005 8.97631571e-006 
1.00000000e+000 2.05357143e+001 2.00000000e+001 3.57464397e-006 9.96952179e-006 1.03999489e-005 1.03535537e-005 1.00981100e-005 9.94731192e-006 9.87128654e-006 9.02872229e-006 7.66036185e-006 
1.00000000e+000 1.71428571e+001 2.00000000e+001 1.83727232e-006 6.79242552e-006 7.78625837e-006 7.92336865e-006 8.06481179e-006 8.03930879e-006 8.01699761e-006 7.54054067e-006 6.56855185e-006 
1.00000000e+000 1.33928571e+001 2.00000000e+001 9.31236047e-007 4.68168684e-006 5.92682735e-006 6.16856601e-006 6.55456041e-006 6.61108787e-006 6.62455470e-006 6.40267516e-006 5.72019062e-006 
1.00000000e+000 9.28571429e+000 2.00000000e+001 4.83115947e-007 3.35587146e-006 4.68265841e-006 4.97888261e-006 5.50548422e-006 5.61242907e-006 5.64827431e-006 5.59254381e-006 5.10769019e-006 
1.00000000e+000 4.82142857e+000 2.00000000e+001 2.81014215e-007 2.62007990e-006 3.95602315e-006 4.27709871e-006 4.87595572e-006 5.01057201e-006 5.05889052e-006 5.09890162e-006 4.73152624e-006 
1.00000000e+000 0.00000000e+000 2.00000000e+001 2.22792848e-007 2.38165093e-006 3.71602181e-006 4.04486146e-006 4.66774624e-006 4.81178888e-006 4.86437329e-006 4.93708100e-006 4.60963837e-006 
1.25000000e+000 3.50000000e+001 2.00000000e+001 1.41329156e-004 9.67264305e-005 6.17404824e-005 5.45840284e-005 4.19177369e-005 3.85455412e-005 3.71697478e-005 2.87536704e-005 2.07209836e-005 
1.25000000e+000 3.48214286e+001 2.00000000e+001 1.25580422e-004 8.98381858e-005 5.82483199e-005 5.16923950e-005 4.00028942e-005 3.68667563e-005 3.55840237e-005 2.76790603e-005 2.00571683e-005 
1.25000000e+000 3.42857143e+001 2.00000000e+001 9.71277740e-005 7.62708189e-005 5.11244083e-005 4.57399603e-005 3.59851745e-005 3.33237838e-005 3.22291254e-005 2.53699518e-005 1.86051438e-005 
1.25000000e+000 3.33928571e+001 2.00000000e+001 6.79246556e-005 6.07010747e-005 4.25961486e-005 3.85380845e-005 3.10158184e-005 2.89127044e-005 2.80405585e-005 2.24377079e-005 1.67270900e-005 
1.25000000e+000 3.21428571e+001 2.00000000e+001 4.35228005e-005 4.57602758e-005 3.39993038e-005 3.11906950e-005 2.58211303e-005 2.42687632e-005 2.36177320e-005 1.92860412e-005 1.46712985e-005 
1.25000000e+000 3.05357143e+001 2.00000000e+001 2.57986432e-005 3.29614405e-005 2.62146491e-005 2.44497583e-005 2.09300491e-005 1.98639248e-005 1.94097779e-005 1.62337152e-005 1.26456643e-005 
1.25000000e+000 2.85714286e+001 2.00000000e+001 1.42138505e-005 2.27597900e-005 1.95775637e-005 1.86094920e-005 1.65538263e-005 1.58860588e-005 1.55949909e-005 1.34030396e-005 1.07244415e-005 
1.25000000e+000 2.62500000e+001 2.00000000e+001 7.32889152e-006 1.51438632e-005 1.42228688e-005 1.38089166e-005 1.28184477e-005 1.24533579e-005 1.22879228e-005 1.08819231e-005 8.96644565e-006 
1.25000000e+000 2.35714286e+001 2.00000000e+001 3.55434262e-006 9.76454152e-006 1.01101965e-005 1.00481395e-005 9.77447422e-006 9.62430925e-006 9.54959180e-006 8.73636422e-006 7.42964923e-006 
1.25000000e+000 2.05357143e+001 2.00000000e+001 1.63343979e-006 6.14766377e-006 7.08599732e-006 7.22474438e-006 7.39428603e-006 7.38665321e-006 7.37337771e-006 6.98385748e-006 6.14119637e-006 
1.25000000e+000 1.71428571e+001 2.00000000e+001 7.16291496e-007 3.81230776e-006 4.94063014e-006 5.17844920e-006 5.59596191e-006 5.67626330e-006 5.70195334e-006 5.60026942e-006 5.09721480e-006 
1.25000000e+000 1.33928571e+001 2.00000000e+001 3.04872304e-007 2.37342326e-006 3.48954176e-006 3.76571867e-006 4.30538539e-006 4.43577101e-006 4.48447395e-006 4.56765889e-006 4.30089627e-006 
1.25000000e+000 9.28571429e+000 2.00000000e+001 1.30683715e-007 1.53306973e-006 2.56340246e-006 2.84695595e-006 3.43638440e-006 3.59267404e-006 3.65386685e-006 3.84802584e-006 3.73523800e-006 
1.25000000e+000 4.82142857e+000 2.00000000e+001 6.27179988e-008 1.09426531e-006 2.04260448e-006 2.32249746e-006 2.92701904e-006 3.09513653e-006 3.16236742e-006 3.41589256e-006 3.39129769e-006 
1.25000000e+000 0.00000000e+000 2.00000000e+001 4.49154326e-008 9.56418944e-007 1.87292794e-006 2.15062109e-006 2.75886430e-006 2.93074657e-006 2.99994453e-006 3.27329160e-006 3.27852470e-006 
1.50000000e+000 3.50000000e+001 2.00000000e+001 1.40630695e-004 9.59139184e-005 6.10615086e-005 5.39358107e-005 4.13275616e-005 3.79736408e-005 3.66058937e-005 2.82561315e-005 2.03147105e-005 
1.50000000e+000 3.48214286e+001 2.00000000e+001 1.22577064e-004 8.80125731e-005 5.70595489e-005 5.06234350e-005 3.91366283e-005 3.60536235e-005 3.47926627e-005 2.70290701e-005 1.95583270e-005 
1.50000000e+000 3.42857143e+001 2.00000000e+001 9.10504860e-005 7.28390775e-005 4.90765565e-005 4.39513767e-005 3.46322236e-005 3.20816385e-005 3.10316548e-005 2.44416738e-005 1.79333086e-005 
1.50000000e+000 3.33928571e+001 2.00000000e+001 6.01704464e-005 5.59648755e-005 3.97675835e-005 3.60784126e-005 2.91853342e-005 2.72434862e-005 2.64363768e-005 2.12207380e-005 1.58693936e-005 
1.50000000e+000 3.21428571e+001 2.00000000e+001 3.58803695e-005 4.03722357e-005 3.06613259e-005 2.82695050e-005 2.36290167e-005 2.22676747e-005 2.16941558e-005 1.78284952e-005 1.36499571e-005 
1.50000000e+000 3.05357143e+001 2.00000000e+001 1.95016438e-005 2.75902465e-005 2.26871718e-005 2.13236900e-005 1.85310990e-005 1.76618883e-005 1.72884617e-005 1.46090115e-005 1.14993810e-005 
1.50000000e+000 2.85714286e+001 2.00000000e+001 9.71240101e-006 1.79279040e-005 1.61590054e-005 1.55282490e-005 1.41125084e-005 1.36259723e-005 1.34102550e-005 1.16983365e-005 9.50322796e-006 
1.50000000e+000 2.62500000e+001 2.00000000e+001 4.46473276e-006 1.11401765e-005 1.11325551e-005 1.09668556e-005 1.04776291e-005 1.02632567e-005 1.01616815e-005 9.18261900e-006 7.72336178e-006 
1.50000000e+000 2.35714286e+001 2.00000000e+001 1.90369343e-006 6.65539732e-006 7.46043282e-006 7.55449311e-006 7.62715100e-006 7.59053721e-006 7.56522575e-006 7.10547192e-006 6.20653735e-006 
1.50000000e+000 2.05357143e+001 2.00000000e+001 7.58561548e-007 3.85146160e-006 4.90037379e-006 5.11451012e-006 5.48510160e-006 5.55378489e-006 5.57511207e-006 5.45945942e-006 4.96587452e-006 
1.50000000e+000 1.71428571e+001 2.00000000e+001 2.84286609e-007 2.17666081e-006 3.18280450e-006 3.43336909e-006 3.93106135e-006 4.05473610e-006 4.10167921e-006 4.19873366e-006 3.98484893e-006 
1.50000000e+000 1.33928571e+001 2.00000000e+001 1.01828204e-007 1.22424045e-006 2.08320899e-006 2.32839194e-006 2.85735522e-006 3.00485309e-006 3.06398491e-006 3.28267841e-006 3.25170497e-006 
1.50000000e+000 9.28571429e+000 2.00000000e+001 3.61143355e-008 7.10337933e-007 1.41719611e-006 1.64228292e-006 2.15919602e-006 2.31370676e-006 2.37742205e-006 2.65939261e-006 2.74025414e-006 
1.50000000e+000 4.82142857e+000 2.00000000e+001 1.41980823e-008 4.59798458e-007 1.05852729e-006 1.26512678e-006 1.76103279e-006 1.91578118e-006 1.98062305e-006 2.29162001e-006 2.43307761e-006 
1.50000000e+000 0.00000000e+000 2.00000000e+001 9.05810944e-009 3.84119629e-007 9.44041662e-007 1.14352943e-006 1.63068295e-006 1.78510708e-006 1.85017646e-006 2.17024605e-006 2.33182969e-006 
1.75000000e+000 3.50000000e+001 2.00000000e+001 1.40134014e-004 9.53310162e-005 6.05740811e-005 5.34701654e-005 4.09018716e-005 3.75601387e-005 3.61977053e-005 2.78920452e-005 2.00118343e-005 
1.75000000e+000 3.48214286e+001 2.00000000e+001 1.19883100e-004 8.64564503e-005 5.60810005e-005 4.97521862e-005 3.84444114e-005 3.54071451e-005 3.41647125e-005 2.65175340e-005 1.91657583e-005 
1.75000000e+000 3.42857143e+001 2.00000000e+001 8.56236326e-005 6.98048585e-005 4.72985207e-005 4.24086695e-005 3.34835110e-005 3.10321372e-005 3.00219469e-005 2.36674590e-005 1.73766485e-005 
1.75000000e+000 3.33928571e+001 2.00000000e+001 5.35405868e-005 5.18290225e-005 3.73061948e-005 3.39437662e-005 2.76091748e-005 2.58101306e-005 2.50604894e-005 2.01839421e-005 1.51418423e-005 
1.75000000e+000 3.21428571e+001 2.00000000e+001 2.97515116e-005 3.58154453e-005 2.78108512e-005 2.57728693e-005 2.17562192e-005 2.05589852e-005 2.00520687e-005 1.65860044e-005 1.27790693e-005 
1.75000000e+000 3.05357143e+001 2.00000000e+001 1.48462738e-005 2.32476429e-005 1.97679459e-005 1.87253595e-005 1.65228941e-005 1.58153244e-005 1.55083365e-005 1.32397843e-005 1.05277171e-005 
1.75000000e+000 2.85714286e+001 2.00000000e+001 6.69185425e-006 1.42317810e-005 1.34424293e-005 1.30598174e-005 1.21271457e-005 1.17804071e-005 1.16231625e-005 1.02894046e-005 8.48179578e-006 
1.75000000e+000 2.62500000e+001 2.00000000e+001 2.74551697e-006 8.26774883e-006 8.79141001e-006 8.78744347e-006 8.63985863e-006 8.53229169e-006 8.47648454e-006 7.81289389e-006 6.70262945e-006 
1.75000000e+000 2.35714286e+001 2.00000000e+001 1.03023445e-006 4.58149326e-006 5.55981284e-006 5.73575151e-006 6.00842661e-006 6.04273574e-006 6.04897363e-006 5.82892791e-006 5.22413317e-006 
1.75000000e+000 2.05357143e+001 2.00000000e+001 3.56276934e-007 2.43973937e-006 3.42575198e-006 3.65937448e-006 4.10973027e-006 4.21646276e-006 4.25599434e-006 4.30468405e-006 4.04487894e-006 
1.75000000e+000 1.71428571e+001 2.00000000e+001 1.14229693e-007 1.25807406e-006 2.07406557e-006 2.30174884e-006 2.78912443e-006 2.92415184e-006 2.97819736e-006 3.17336842e-006 3.13560588e-006 
1.75000000e+000 1.33928571e+001 2.00000000e+001 3.44821601e-008 6.39774986e-007 1.25766636e-006 1.45490647e-006 1.91319994e-006 2.05249727e-006 2.11039646e-006 2.37481334e-006 2.47098441e-006 
1.75000000e+000 9.28571429e+000 2.00000000e+001 1.01355529e-008 3.33023621e-007 7.90357274e-007 9.54833470e-007 1.36498889e-006 1.49838657e-006 1.55522403e-006 1.84557878e-006 2.01642499e-006 
1.75000000e+000 4.82142857e+000 2.00000000e+001 3.25361855e-009 1.94305905e-007 5.50490764e-007 6.91255767e-007 1.06184405e-006 1.18813421e-006 1.24281198e-006 1.53950639e-006 1.74729428e-006 
1.75000000e+000 0.00000000e+000 2.00000000e+001 1.82737003e-009 1.54288303e-007 4.75870180e-007 6.08070538e-007 9.63884046e-007 1.08733802e-006 1.14110777e-006 1.43894131e-006 1.65852476e-006 
2.00000000e+000 3.50000000e+001 2.00000000e+001 1.39764619e-004 9.48926351e-005 6.02071749e-005 5.31196299e-005 4.05810620e-005 3.72482316e-005 3.58896492e-005 2.76158144e-005 1.97794510e-005 
2.00000000e+000 3.48214286e+001 2.00000000e+001 1.17409266e-004 8.50792161e-005 5.52390332e-005 4.90090564e-005 3.78652912e-005 3.48693579e-005 3.36435538e-005 2.60981729e-005 1.88461911e-005 
2.00000000e+000 3.42857143e+001 2.00000000e+001 8.07077937e-005 6.70598800e-005 4.57084665e-005 4.10356231e-005 3.24739517e-005 3.01137769e-005 2.91400749e-005 2.29989747e-005 1.69008042e-005 
2.00000000e+000 3.33928571e+001 2.00000000e+001 4.78020306e-005 4.81529499e-005 3.51154971e-005 3.20461537e-005 2.62149931e-005 2.45449320e-005 2.38471816e-005 1.92754150e-005 1.45081866e-005 
2.00000000e+000 3.21428571e+001 2.00000000e+001 2.47779961e-005 3.19009528e-005 2.53292597e-005 2.35950248e-005 2.01194951e-005 1.90657066e-005 1.86171037e-005 1.55013593e-005 1.20195978e-005 
2.00000000e+000 3.05357143e+001 2.00000000e+001 1.13630592e-005 1.96840466e-005 1.73088624e-005 1.65251124e-005 1.48073930e-005 1.42346253e-005 1.39832702e-005 1.20616274e-005 9.68787738e-006 
2.00000000e+000 2.85714286e+001 2.00000000e+001 4.63974385e-006 1.13624392e-005 1.12466028e-005 1.10470437e-005 1.04820014e-005 1.02445410e-005 1.01333549e-005 9.10301379e-006 7.61270419e-006 
2.00000000e+000 2.62500000e+001 2.00000000e+001 1.70028598e-006 6.17603456e-006 6.98787907e-006 7.08720076e-006 7.17120636e-006 7.13974465e-006 7.11701689e-006 6.68996076e-006 5.85167652e-006 
2.00000000e+000 2.35714286e+001 2.00000000e+001 5.61892346e-007 3.17692262e-006 4.17369322e-006 4.38671197e-006 4.76749250e-006 4.84506297e-006 4.87115479e-006 4.81433698e-006 4.42454432e-006 
2.00000000e+000 2.05357143e+001 2.00000000e+001 1.68750521e-007 1.55805230e-006 2.41429807e-006 2.63934652e-006 3.10324670e-006 3.22569035e-006 3.27366545e-006 3.41805540e-006 3.31504501e-006 
2.00000000e+000 1.71428571e+001 2.00000000e+001 4.63185126e-008 7.33739159e-007 1.36350794e-006 1.55648274e-006 1.99487346e-006 2.12528299e-006 2.17908208e-006 2.41480718e-006 2.48147311e-006 
2.00000000e+000 1.33928571e+001 2.00000000e+001 1.17943406e-008 3.37683007e-007 7.66174467e-007 9.16995126e-007 1.29071767e-006 1.41204155e-006 1.46376849e-006 1.72814295e-006 1.88644100e-006 
2.00000000e+000 9.28571429e+000 2.00000000e+001 2.87725811e-009 1.57652599e-007 4.44141793e-007 5.59026568e-007 8.67716755e-007 9.75362877e-007 1.02241853e-006 1.28580629e-006 1.48809064e-006 
2.00000000e+000 4.82142857e+000 2.00000000e+001 7.53371738e-010 8.25484259e-008 2.87251101e-007 3.78807778e-007 6.41621006e-007 7.38272560e-007 7.81273551e-007 1.03564177e-006 1.25600209e-006 
2.00000000e+000 0.00000000e+000 2.00000000e+001 3.68775152e-010 6.19794278e-008 2.39890483e-007 3.23358075e-007 5.69765448e-007 6.62337207e-007 7.03807261e-007 9.54084870e-007 1.17965183e-006 
2.25000000e+000 3.50000000e+001 2.00000000e+001 1.39480751e-004 9.45512829e-005 5.99210033e-005 5.28462034e-005 4.03307657e-005 3.70048146e-005 3.56491953e-005 2.73997020e-005 1.95964898e-005 
2.25000000e+000 3.48214286e+001 2.00000000e+001 1.15102695e-004 8.38292459e-005 5.44919083e-005 4.83544563e-005 3.73638869e-005 3.44062807e-005 3.31958341e-005 2.57427204e-005 1.85782591e-005 
2.25000000e+000 3.42857143e+001 2.00000000e+001 7.62116787e-005 6.45390873e-005 4.42584745e-005 3.97876522e-005 3.15650266e-005 2.92898742e-005 2.83501553e-005 2.24063466e-005 1.64835225e-005 
2.25000000e+000 3.33928571e+001 2.00000000e+001 4.27920662e-005 4.48468457e-005 3.31364096e-005 3.03320249e-005 2.49587139e-005 2.34064416e-005 2.27561131e-005 1.84624723e-005 1.39446312e-005 
2.25000000e+000 3.21428571e+001 2.00000000e+001 2.07077013e-005 2.85023342e-005 2.31406390e-005 2.16688888e-005 1.86664046e-005 1.77392290e-005 1.73422283e-005 1.45376833e-005 1.13454628e-005 
2.25000000e+000 3.05357143e+001 2.00000000e+001 8.73410298e-006 1.67295100e-005 1.52121376e-005 1.46380143e-005 1.33208853e-005 1.28614968e-005 1.26571703e-005 1.10319702e-005 8.95068666e-006 
2.25000000e+000 2.85714286e+001 2.00000000e+001 3.23290225e-006 9.11182343e-006 9.45056302e-006 9.38540717e-006 9.10027994e-006 8.94869091e-006 8.87403129e-006 8.08970302e-006 6.86297481e-006 
2.25000000e+000 2.62500000e+001 2.00000000e+001 1.05884398e-006 4.63677229e-006 5.58199636e-006 5.74445472e-006 5.98214932e-006 6.00458263e-006 6.00570655e-006 5.75709819e-006 5.13338395e-006 
2.25000000e+000 2.35714286e+001 2.00000000e+001 3.08329735e-007 2.21535115e-006 3.15066192e-006 3.37374710e-006 3.80404478e-006 3.90647674e-006 3.94455245e-006 3.99798322e-006 3.76645789e-006 
2.25000000e+000 2.05357143e+001 2.00000000e+001 8.04555437e-008 1.00118635e-006 1.71206713e-006 1.91548676e-006 2.35764068e-006 2.48273350e-006 2.53330202e-006 2.72965973e-006 2.73105248e-006 
2.25000000e+000 1.71428571e+001 2.00000000e+001 1.89142624e-008 4.30892796e-007 9.02551844e-007 1.05970082e-006 1.43612022e-006 1.55453428e-006 1.60446626e-006 1.84819670e-006 1.97360478e-006 
2.25000000e+000 1.33928571e+001 2.00000000e+001 4.06516879e-009 1.79614273e-007 4.70187102e-007 5.82078137e-007 8.76360690e-007 9.77410444e-007 1.02139288e-006 1.26411220e-006 1.44626074e-006 
2.25000000e+000 9.28571429e+000 2.00000000e+001 8.23928665e-010 7.52318536e-008 2.51241866e-007 3.29308494e-007 5.54385513e-007 6.37884250e-007 6.75201170e-007 8.99079585e-007 1.10120646e-006 
2.25000000e+000 4.82142857e+000 2.00000000e+001 1.75979642e-010 3.52423640e-008 1.50372146e-007 2.08171430e-007 3.88501131e-007 4.59595930e-007 4.92009473e-007 6.97613075e-007 9.03696464e-007 
2.25000000e+000 0.00000000e+000 2.00000000e+001 7.44461483e-011 2.49006150e-008 1.20938534e-007 1.71963613e-007 3.36808826e-007 4.03466976e-007 4.34104595e-007 6.32616840e-007 8.39058966e-007 
2.50000000e+000 3.50000000e+001 2.00000000e+001 1.39257151e-004 9.42783088e-005 5.96916149e-005 5.26269787e-005 4.01300468e-005 3.68095983e-005 3.54563455e-005 2.72262187e-005 1.94491302e-005 
2.50000000e+000 3.48214286e+001 2.00000000e+001 1.12929471e-004 8.26746680e-005 5.38141606e-005 4.77642480e-005 3.69184778e-005 3.39969438e-005 3.28009162e-005 2.54332715e-005 1.83479029e-005 
2.50000000e+000 3.42857143e+001 2.00000000e+001 7.20708824e-005 6.22000113e-005 4.29182345e-005 3.86367097e-005 3.07325605e-005 2.85373429e-005 2.76295661e-005 2.18703928e-005 1.61100212e-005 
2.50000000e+000 3.33928571e+001 2.00000000e+001 3.83902205e-005 4.18485635e-005 3.13297964e-005 2.87662570e-005 2.38117833e-005 2.23678139e-005 2.17611429e-005 1.77236917e-005 1.34351347e-005 
2.50000000e+000 3.21428571e+001 2.00000000e+001 1.73552247e-005 2.55288860e-005 2.11926186e-005 1.99486902e-005 1.73617944e-005 1.65470456e-005 1.61960056e-005 1.36701971e-005 1.07387486e-005 
2.50000000e+000 3.05357143e+001 2.00000000e+001 6.73669476e-006 1.42614183e-005 1.34087417e-005 1.30046015e-005 1.20194475e-005 1.16558579e-005 1.14914968e-005 1.01214870e-005 8.29568483e-006 
2.50000000e+000 2.85714286e+001 2.00000000e+001 2.26172544e-006 7.33297587e-006 7.96880634e-006 8.00126003e-006 7.92824435e-006 7.84414517e-006 7.79850078e-006 7.21474413e-006 6.20904983e-006 
2.50000000e+000 2.62500000e+001 2.00000000e+001 6.62364577e-007 3.49517854e-006 4.47653170e-006 4.67444763e-006 5.01003961e-006 5.06998722e-006 5.08810520e-006 4.97408560e-006 4.52088950e-006 
2.50000000e+000 2.35714286e+001 2.00000000e+001 1.70026014e-007 1.55174759e-006 2.38889328e-006 2.60615917e-006 3.04877088e-006 3.16370201e-006 3.20839392e-006 3.33464555e-006 3.21976907e-006 
2.50000000e+000 2.05357143e+001 2.00000000e+001 3.85624800e-008 6.46522257e-007 1.22005305e-006 1.39698848e-006 1.79997414e-006 1.92024382e-006 1.96994072e-006 2.19022463e-006 2.25984287e-006 
2.50000000e+000 1.71428571e+001 2.00000000e+001 7.76740203e-009 2.54421138e-007 6.00692728e-007 7.25407929e-007 1.03938106e-006 1.14303831e-006 1.18754000e-006 1.42145546e-006 1.57650055e-006 
2.50000000e+000 1.33928571e+001 2.00000000e+001 1.40968446e-009 9.61214416e-008 2.90271897e-007 3.71651888e-007 5.98265663e-007 6.80125495e-007 7.16407305e-007 9.28926170e-007 1.11302916e-006 
2.50000000e+000 9.28571429e+000 2.00000000e+001 2.37554997e-010 3.61386338e-008 1.42938718e-007 1.95035001e-007 3.55808351e-007 4.18953337e-007 4.47747289e-007 6.30795658e-007 8.17025508e-007 
2.50000000e+000 4.82142857e+000 2.00000000e+001 4.14126009e-011 1.51142344e-008 7.89578916e-008 1.14707093e-007 2.35706603e-007 2.86628353e-007 3.10380060e-007 4.70526088e-007 6.50812662e-007 
2.50000000e+000 0.00000000e+000 2.00000000e+001 1.50337526e-011 1.00050765e-008 6.09738317e-008 9.14560588e-008 1.99107141e-007 2.45782571e-007 2.67761767e-007 4.19473269e-007 5.96812442e-007 
END