TITLE="2RS_E_WD000.dat"
VARIABLES= "Density" "Radius" "Height" "0.1053" "0.356" "0.6617" "0.7889" "1.1732" "1.3325" "1.408" "2" "3" 
ZONE T="3D Data" I=11 J=15 K=3 F=POINT
0.00000000e+000 3.50000000e+001 0.00000000e+000 2.38749424e-004 1.61711844e-004 1.03132111e-004 9.12031512e-005 7.00388528e-005 6.43636615e-005 6.20395779e-005 4.77164248e-005 3.38735106e-005 
0.00000000e+000 3.48214286e+001 0.00000000e+000 2.37551457e-004 1.60958786e-004 1.02667561e-004 9.07965831e-005 6.97341250e-005 6.40858327e-005 6.17726835e-005 4.75151111e-005 3.37326023e-005 
0.00000000e+000 3.42857143e+001 0.00000000e+000 2.33529722e-004 1.58289038e-004 1.01010705e-004 8.93425391e-005 6.86378035e-005 6.30845314e-005 6.08100916e-005 4.67858636e-005 3.32196448e-005 
0.00000000e+000 3.33928571e+001 0.00000000e+000 2.27820545e-004 1.54500114e-004 9.86341436e-005 8.72546955e-005 6.70643431e-005 6.16485264e-005 5.94301273e-005 4.57433473e-005 3.24882987e-005 
0.00000000e+000 3.21428571e+001 0.00000000e+000 2.19857245e-004 1.49246679e-004 9.53810651e-005 8.44068705e-005 6.49335208e-005 5.97079640e-005 5.75669443e-005 4.43426608e-005 3.15086393e-005 
0.00000000e+000 3.05357143e+001 0.00000000e+000 2.11036805e-004 1.43418911e-004 9.17612705e-005 8.12391238e-005 6.25716414e-005 5.75606755e-005 5.55069063e-005 4.28015686e-005 3.04342919e-005 
0.00000000e+000 2.85714286e+001 0.00000000e+000 2.02364181e-004 1.37735735e-004 8.82862792e-005 7.82154690e-005 6.03512300e-005 5.55527072e-005 5.35849418e-005 4.13826913e-005 2.94540946e-005 
0.00000000e+000 2.62500000e+001 0.00000000e+000 1.94886805e-004 1.32763388e-004 8.52930463e-005 7.56340851e-005 5.85082364e-005 5.39034578e-005 5.20135226e-005 4.02527498e-005 2.86866875e-005 
0.00000000e+000 2.35714286e+001 0.00000000e+000 1.90627594e-004 1.29979620e-004 8.37641128e-005 7.43761396e-005 5.77401844e-005 5.32581987e-005 5.14159976e-005 3.98941104e-005 2.84742612e-005 
0.00000000e+000 2.05357143e+001 0.00000000e+000 1.91528149e-004 1.30535534e-004 8.44799856e-005 7.51606329e-005 5.86392713e-005 5.41662003e-005 5.23229060e-005 4.07127518e-005 2.91006573e-005 
0.00000000e+000 1.71428571e+001 0.00000000e+000 2.06132768e-004 1.40246231e-004 9.13798436e-005 8.14798294e-005 6.37970606e-005 5.89650392e-005 5.69683707e-005 4.43422336e-005 3.16932677e-005 
0.00000000e+000 1.33928571e+001 0.00000000e+000 2.49499227e-004 1.68710685e-004 1.09273324e-004 9.71663439e-005 7.55091466e-005 6.96158064e-005 6.71880758e-005 5.20090923e-005 3.70931021e-005 
0.00000000e+000 9.28571429e+000 0.00000000e+000 3.05230012e-004 2.06207110e-004 1.32445119e-004 1.17342016e-004 9.03613824e-005 8.30736337e-005 8.00835382e-005 6.16270675e-005 4.38659211e-005 
0.00000000e+000 4.82142857e+000 0.00000000e+000 3.61229854e-004 2.43538718e-004 1.55319598e-004 1.37206947e-004 1.04902679e-004 9.62280495e-005 9.26796951e-005 7.09857129e-005 5.04335554e-005 
0.00000000e+000 0.00000000e+000 0.00000000e+000 3.79184580e-004 2.55230618e-004 1.62390560e-004 1.43327390e-004 1.09351504e-004 1.00243938e-004 9.65216394e-005 7.38243878e-005 5.24144328e-005 
2.50000000e-001 3.50000000e+001 0.00000000e+000 1.80468262e-004 1.30632036e-004 8.62726250e-005 7.70272024e-005 6.03874221e-005 5.58455543e-005 5.39734663e-005 4.21943080e-005 3.04694318e-005 
2.50000000e-001 3.48214286e+001 0.00000000e+000 1.75301520e-004 1.28266635e-004 8.50272194e-005 7.59830327e-005 5.96745541e-005 5.52140552e-005 5.33742339e-005 4.17755036e-005 3.02000948e-005 
2.50000000e-001 3.42857143e+001 0.00000000e+000 1.63598952e-004 1.22425431e-004 8.18199915e-005 7.32595496e-005 5.77604773e-005 5.35027205e-005 5.17438746e-005 4.06072015e-005 2.94270996e-005 
2.50000000e-001 3.33928571e+001 0.00000000e+000 1.49015975e-004 1.14838053e-004 7.75583436e-005 6.96216375e-005 5.51789329e-005 5.11888356e-005 4.95372608e-005 3.90173198e-005 2.83698668e-005 
2.50000000e-001 3.21428571e+001 0.00000000e+000 1.32529454e-004 1.05813620e-004 7.24015975e-005 6.52009315e-005 5.20139021e-005 4.83445050e-005 4.68217973e-005 3.70475860e-005 2.70495013e-005 
2.50000000e-001 3.05357143e+001 0.00000000e+000 1.16047819e-004 9.64481691e-005 6.69638154e-005 6.05224987e-005 4.86445775e-005 4.53127223e-005 4.39259973e-005 3.49421174e-005 2.56345317e-005 
2.50000000e-001 2.85714286e+001 0.00000000e+000 1.00643753e-004 8.74808829e-005 6.17498716e-005 5.60411032e-005 4.54322694e-005 4.24284335e-005 4.11738213e-005 3.29544605e-005 2.43076259e-005 
2.50000000e-001 2.62500000e+001 0.00000000e+000 8.68633636e-005 7.93206148e-005 5.70205821e-005 5.19908471e-005 4.25669026e-005 3.98695285e-005 3.87380906e-005 3.12231133e-005 2.31698695e-005 
2.50000000e-001 2.35714286e+001 0.00000000e+000 7.56223373e-005 7.29205011e-005 5.34829406e-005 4.90199800e-005 4.05842198e-005 3.81379762e-005 3.71063572e-005 3.01381220e-005 2.25078187e-005 
2.50000000e-001 2.05357143e+001 0.00000000e+000 6.71212326e-005 6.86123671e-005 5.14598549e-005 4.74535595e-005 3.97973796e-005 3.75359715e-005 3.65752069e-005 2.99476103e-005 2.25103104e-005 
2.50000000e-001 1.71428571e+001 0.00000000e+000 6.31774122e-005 6.89794495e-005 5.31033987e-005 4.92896260e-005 4.18291987e-005 3.95655360e-005 3.85957205e-005 3.17819275e-005 2.40079799e-005 
2.50000000e-001 1.33928571e+001 0.00000000e+000 6.66347785e-005 7.77712238e-005 6.07189250e-005 5.64488288e-005 4.79387246e-005 4.53323783e-005 4.42152810e-005 3.63956659e-005 2.75640697e-005 
2.50000000e-001 9.28571429e+000 0.00000000e+000 7.27239850e-005 9.01097700e-005 7.09316443e-005 6.59409023e-005 5.58705146e-005 5.27807850e-005 5.14590651e-005 4.22877819e-005 3.20871756e-005 
2.50000000e-001 4.82142857e+000 0.00000000e+000 7.97540929e-005 1.02739977e-004 8.11827033e-005 7.54288568e-005 6.37353689e-005 6.01496498e-005 5.86187442e-005 4.80789361e-005 3.65067791e-005 
2.50000000e-001 0.00000000e+000 0.00000000e+000 8.14821779e-005 1.06326871e-004 8.41417931e-005 7.81751670e-005 6.60213307e-005 6.22933854e-005 6.07023392e-005 4.97672385e-005 3.77974167e-005 
5.00000000e-001 3.50000000e+001 0.00000000e+000 1.69604264e-004 1.20562294e-004 7.93857336e-005 7.08869184e-005 5.56684686e-005 5.15291168e-005 4.98241787e-005 3.90874749e-005 2.83720568e-005 
5.00000000e-001 3.48214286e+001 0.00000000e+000 1.61153315e-004 1.16791564e-004 7.74420379e-005 6.92686833e-005 5.45828041e-005 5.05731699e-005 4.89195079e-005 3.84665555e-005 2.79819915e-005 
5.00000000e-001 3.42857143e+001 0.00000000e+000 1.43680939e-004 1.08324348e-004 7.28974845e-005 6.54387962e-005 5.19405878e-005 4.82256265e-005 4.66892322e-005 3.68975958e-005 2.69679451e-005 
5.00000000e-001 3.33928571e+001 0.00000000e+000 1.23243062e-004 9.78241932e-005 6.70991685e-005 6.05179092e-005 4.84983053e-005 4.51553699e-005 4.37676910e-005 3.48237030e-005 2.56161665e-005 
5.00000000e-001 3.21428571e+001 0.00000000e+000 1.01993841e-004 8.61382752e-005 6.04769949e-005 5.48605459e-005 4.44849241e-005 4.15606444e-005 4.03410091e-005 3.23650021e-005 2.39946256e-005 
5.00000000e-001 3.05357143e+001 0.00000000e+000 8.22176104e-005 7.45593252e-005 5.37471719e-005 4.90759239e-005 4.03334420e-005 3.78307991e-005 3.67811225e-005 2.97933084e-005 2.22876979e-005 
5.00000000e-001 2.85714286e+001 0.00000000e+000 6.48928538e-005 6.38214922e-005 4.74098077e-005 4.36135662e-005 3.63992003e-005 3.42947632e-005 3.34059897e-005 2.73568426e-005 2.06741054e-005 
5.00000000e-001 2.62500000e+001 0.00000000e+000 5.03344641e-005 5.42544229e-005 4.16850165e-005 3.86723546e-005 3.28449725e-005 3.11053679e-005 3.03642578e-005 2.51758188e-005 1.92427852e-005 
5.00000000e-001 2.35714286e+001 0.00000000e+000 3.88017669e-005 4.64494941e-005 3.70745006e-005 3.47244378e-005 3.00804518e-005 2.86518327e-005 2.80361729e-005 2.35652280e-005 1.82335308e-005 
5.00000000e-001 2.05357143e+001 0.00000000e+000 2.99488255e-005 4.03794544e-005 3.36617679e-005 3.18786834e-005 2.82504302e-005 2.70832538e-005 2.65717458e-005 2.26677074e-005 1.77674281e-005 
5.00000000e-001 1.71428571e+001 0.00000000e+000 2.38433726e-005 3.71184444e-005 3.25939529e-005 3.12561204e-005 2.83588848e-005 2.73547754e-005 2.69043292e-005 2.32604299e-005 1.84540572e-005 
5.00000000e-001 1.33928571e+001 0.00000000e+000 2.06162233e-005 3.79663011e-005 3.48982857e-005 3.37567550e-005 3.10591380e-005 3.00586622e-005 2.96027232e-005 2.57909324e-005 2.06621780e-005 
5.00000000e-001 9.28571429e+000 0.00000000e+000 1.87343123e-005 4.04825702e-005 3.85976316e-005 3.75625274e-005 3.48731000e-005 3.38177538e-005 3.33316538e-005 2.91862951e-005 2.35654705e-005 
5.00000000e-001 4.82142857e+000 0.00000000e+000 1.80012962e-005 4.36606368e-005 4.26090430e-005 4.16131899e-005 3.88183685e-005 3.76798892e-005 3.71523827e-005 3.26128355e-005 2.64529796e-005 
5.00000000e-001 0.00000000e+000 0.00000000e+000 1.75095750e-005 4.42948893e-005 4.35976350e-005 4.26391561e-005 3.98606060e-005 3.87102385e-005 3.81756340e-005 3.35495963e-005 2.72567075e-005 
7.50000000e-001 3.50000000e+001 0.00000000e+000 1.65514235e-004 1.16252232e-004 7.60932706e-005 6.78497843e-005 5.31450086e-005 4.91625485e-005 4.75246553e-005 3.72459635e-005 2.70343250e-005 
7.50000000e-001 3.48214286e+001 0.00000000e+000 1.54132453e-004 1.11206816e-004 7.35096734e-005 6.57037941e-005 5.17139988e-005 4.79052831e-005 4.63360069e-005 3.64357856e-005 2.65302740e-005 
7.50000000e-001 3.42857143e+001 0.00000000e+000 1.31908734e-004 1.00478426e-004 6.77875061e-005 6.08934232e-005 4.84173032e-005 4.49833370e-005 4.35630584e-005 3.45000678e-005 2.52926998e-005 
7.50000000e-001 3.33928571e+001 0.00000000e+000 1.07198902e-004 8.76548825e-005 6.07139340e-005 5.48962953e-005 4.42359370e-005 4.12589482e-005 4.00213437e-005 3.19984543e-005 2.36755079e-005 
7.50000000e-001 3.21428571e+001 0.00000000e+000 8.30952862e-005 7.40479765e-005 5.29589730e-005 4.82660667e-005 3.95302723e-005 3.70451811e-005 3.60052493e-005 2.91233283e-005 2.17902933e-005 
7.50000000e-001 3.05357143e+001 0.00000000e+000 6.20522125e-005 6.11090751e-005 4.53303609e-005 4.16890783e-005 3.47848429e-005 3.27763339e-005 3.19290293e-005 2.61742353e-005 1.98376019e-005 
7.50000000e-001 2.85714286e+001 0.00000000e+000 4.48240620e-005 4.95422409e-005 3.83193859e-005 3.56080854e-005 3.03503644e-005 2.87770366e-005 2.81064616e-005 2.33959318e-005 1.79935061e-005 
7.50000000e-001 2.62500000e+001 0.00000000e+000 3.14048336e-005 3.96035083e-005 3.21160774e-005 3.01971593e-005 2.63715931e-005 2.51835720e-005 2.46702332e-005 2.08963507e-005 1.63384078e-005 
7.50000000e-001 2.35714286e+001 0.00000000e+000 2.15346242e-005 3.16175354e-005 2.70665935e-005 2.57939092e-005 2.31598441e-005 2.22964462e-005 2.19158467e-005 1.89296518e-005 1.50729544e-005 
7.50000000e-001 2.05357143e+001 0.00000000e+000 1.45192979e-005 2.53677515e-005 2.31198604e-005 2.23820061e-005 2.07553935e-005 2.01676335e-005 1.98994669e-005 1.75670122e-005 1.42695002e-005 
7.50000000e-001 1.71428571e+001 0.00000000e+000 9.82504271e-006 2.11946587e-005 2.08507083e-005 2.05630414e-005 1.97651162e-005 1.93930200e-005 1.92109724e-005 1.73372112e-005 1.43727702e-005 
7.50000000e-001 1.33928571e+001 0.00000000e+000 6.94187845e-006 1.93781187e-005 2.06394496e-005 2.06966786e-005 2.04908656e-005 2.02586587e-005 2.01303994e-005 1.84888805e-005 1.56157390e-005 
7.50000000e-001 9.28571429e+000 0.00000000e+000 5.12150073e-006 1.86404835e-005 2.13150840e-005 2.16703136e-005 2.19633105e-005 2.18423222e-005 2.17556015e-005 2.02568761e-005 1.73744886e-005 
7.50000000e-001 4.82142857e+000 0.00000000e+000 4.14719674e-006 1.86863827e-005 2.24546448e-005 2.30372275e-005 2.36997012e-005 2.36548251e-005 2.35952482e-005 2.21547061e-005 1.91875517e-005 
7.50000000e-001 0.00000000e+000 0.00000000e+000 3.76261339e-006 1.84528962e-005 2.25898988e-005 2.32567241e-005 2.40659843e-005 2.40552491e-005 2.40086191e-005 2.26167982e-005 1.96555280e-005 
1.00000000e+000 3.50000000e+001 0.00000000e+000 1.63348475e-004 1.13930086e-004 7.42588301e-005 6.61332016e-005 5.16612879e-005 4.77507268e-005 4.61438551e-005 3.60901990e-005 2.61478911e-005 
1.00000000e+000 3.48214286e+001 0.00000000e+000 1.49269471e-004 1.07698048e-004 7.10765492e-005 6.34927090e-005 4.99055009e-005 4.62097252e-005 4.46876461e-005 3.51010043e-005 2.55354739e-005 
1.00000000e+000 3.42857143e+001 0.00000000e+000 1.22972605e-004 9.49614945e-005 6.42932003e-005 5.77952673e-005 4.60113593e-005 4.27619238e-005 4.14172719e-005 3.28264211e-005 2.40894502e-005 
1.00000000e+000 3.33928571e+001 0.00000000e+000 9.50062584e-005 8.02149944e-005 5.61327357e-005 5.08738274e-005 4.11846392e-005 3.84634126e-005 3.73300385e-005 2.99433750e-005 2.22319491e-005 
1.00000000e+000 3.21428571e+001 0.00000000e+000 6.92049024e-005 6.51791344e-005 4.74824373e-005 4.34633815e-005 3.59068911e-005 3.37335206e-005 3.28206767e-005 2.67117848e-005 2.01156318e-005 
1.00000000e+000 3.05357143e+001 0.00000000e+000 4.80003487e-005 5.14183269e-005 3.92271598e-005 3.63173177e-005 3.07100608e-005 2.90485188e-005 2.83431938e-005 2.34580926e-005 1.79571076e-005 
1.00000000e+000 2.85714286e+001 0.00000000e+000 3.17919724e-005 3.95786293e-005 3.18423170e-005 2.98673491e-005 2.59395577e-005 2.47286713e-005 2.42073260e-005 2.04243809e-005 1.59305386e-005 
1.00000000e+000 2.62500000e+001 0.00000000e+000 2.01400692e-005 2.98205861e-005 2.54856399e-005 2.42629702e-005 2.17252251e-005 2.08971604e-005 2.05333308e-005 1.77096012e-005 1.41101054e-005 
1.00000000e+000 2.35714286e+001 0.00000000e+000 1.22933391e-005 2.22459680e-005 2.03779403e-005 1.97338893e-005 1.82995595e-005 1.77832152e-005 1.75485080e-005 1.55181598e-005 1.26635968e-005 
1.00000000e+000 2.05357143e+001 0.00000000e+000 7.25048610e-006 1.65035354e-005 1.63817223e-005 1.61837465e-005 1.56346722e-005 1.53746971e-005 1.52467157e-005 1.38718102e-005 1.16279143e-005 
1.00000000e+000 1.71428571e+001 0.00000000e+000 4.19173400e-006 1.25445270e-005 1.37357360e-005 1.38994240e-005 1.40795836e-005 1.40291760e-005 1.39879121e-005 1.31237070e-005 1.13245014e-005 
1.00000000e+000 1.33928571e+001 0.00000000e+000 2.44345570e-006 1.02159272e-005 1.24922869e-005 1.29546098e-005 1.37326620e-005 1.38505072e-005 1.38783050e-005 1.33938969e-005 1.18916951e-005 
1.00000000e+000 9.28571429e+000 0.00000000e+000 1.45987194e-006 8.76617910e-006 1.19292740e-005 1.26480699e-005 1.39493917e-005 1.42145735e-005 1.43026757e-005 1.41347191e-005 1.28582404e-005 
1.00000000e+000 4.82142857e+000 0.00000000e+000 9.73265180e-007 8.05232986e-006 1.18804241e-005 1.27968038e-005 1.45037282e-005 1.48815831e-005 1.50154042e-005 1.50723054e-005 1.39317123e-005 
1.00000000e+000 0.00000000e+000 0.00000000e+000 8.08545755e-007 7.68733463e-006 1.17048493e-005 1.26849465e-005 1.45299283e-005 1.49483744e-005 1.50990004e-005 1.52466704e-005 1.41741193e-005 
1.25000000e+000 3.50000000e+001 0.00000000e+000 1.61999604e-004 1.12474138e-004 7.31017341e-005 6.50462071e-005 5.07078954e-005 4.68374730e-005 4.52478095e-005 3.53214553e-005 2.55365113e-005 
1.25000000e+000 3.48214286e+001 0.00000000e+000 1.45399627e-004 1.05121390e-004 6.93517344e-005 6.19363074e-005 4.86431198e-005 4.50263317e-005 4.35367794e-005 3.41613954e-005 2.48203553e-005 
1.25000000e+000 3.42857143e+001 0.00000000e+000 1.15538209e-004 9.05684860e-005 6.15964350e-005 5.54238020e-005 4.41963258e-005 4.10910965e-005 3.98049161e-005 3.15706720e-005 2.31785895e-005 
1.25000000e+000 3.33928571e+001 0.00000000e+000 8.50495648e-005 7.41958326e-005 5.24911196e-005 4.76935118e-005 3.87971475e-005 3.62812490e-005 3.52309886e-005 2.83437270e-005 2.11018926e-005 
1.25000000e+000 3.21428571e+001 0.00000000e+000 5.83346409e-005 5.80850748e-005 4.31213807e-005 3.96471123e-005 3.30400100e-005 3.11154562e-005 3.03036680e-005 2.48042025e-005 1.87819100e-005 
1.25000000e+000 3.05357143e+001 0.00000000e+000 3.76318083e-005 4.38677060e-005 3.44332701e-005 3.20935378e-005 2.74990489e-005 2.61080072e-005 2.55132239e-005 2.13039999e-005 1.64508879e-005 
1.25000000e+000 2.85714286e+001 0.00000000e+000 2.28688403e-005 3.21016647e-005 2.68772404e-005 2.54473463e-005 2.25123266e-005 2.15735265e-005 2.11643475e-005 1.80825795e-005 1.42814288e-005 
1.25000000e+000 2.62500000e+001 0.00000000e+000 1.30986021e-005 2.28225288e-005 2.05702391e-005 1.98282322e-005 1.81941095e-005 1.76222636e-005 1.73653185e-005 1.52312988e-005 1.23428324e-005 
1.25000000e+000 2.35714286e+001 0.00000000e+000 7.11382801e-006 1.59260197e-005 1.56238740e-005 1.53732845e-005 1.47108377e-005 1.44239396e-005 1.42865540e-005 1.29130034e-005 1.07750294e-005 
1.25000000e+000 2.05357143e+001 0.00000000e+000 3.66903687e-006 1.09398157e-005 1.18341410e-005 1.19268705e-005 1.19863418e-005 1.19211383e-005 1.18779070e-005 1.11140470e-005 9.58866416e-006 
1.25000000e+000 1.71428571e+001 0.00000000e+000 1.81610239e-006 7.58263899e-006 9.23179758e-006 9.57735986e-006 1.01984357e-005 1.03103967e-005 1.03427880e-005 1.00621585e-005 9.01251280e-006 
1.25000000e+000 1.33928571e+001 0.00000000e+000 8.80506982e-007 5.50891844e-006 7.69947353e-006 8.24477038e-006 9.32672925e-006 9.58645488e-006 9.68214404e-006 9.79401872e-006 9.11892067e-006 
1.25000000e+000 9.28571429e+000 0.00000000e+000 4.28081213e-007 4.19558388e-006 6.75603651e-006 7.45985022e-006 8.92867070e-006 9.31585137e-006 9.46643856e-006 9.91292092e-006 9.55036073e-006 
1.25000000e+000 4.82142857e+000 0.00000000e+000 2.32147465e-007 3.49246608e-006 6.30994378e-006 7.13189233e-006 8.89665374e-006 9.38168399e-006 9.57433396e-006 1.02688278e-005 1.01256952e-005 
1.25000000e+000 0.00000000e+000 0.00000000e+000 1.73748322e-007 3.20248691e-006 6.06481493e-006 6.91877006e-006 8.77250097e-006 9.28919700e-006 9.49575075e-006 1.02782451e-005 1.02213320e-005 
1.50000000e+000 3.50000000e+001 0.00000000e+000 1.61075168e-004 1.11471098e-004 7.23035360e-005 6.42960043e-005 5.00477479e-005 4.62037567e-005 4.46253151e-005 3.47814328e-005 2.50977370e-005 
1.50000000e+000 3.48214286e+001 0.00000000e+000 1.42095880e-004 1.03050614e-004 6.80105525e-005 6.07367238e-005 4.76866040e-005 4.41333662e-005 4.26696800e-005 3.34571201e-005 2.42816762e-005 
1.50000000e+000 3.42857143e+001 0.00000000e+000 1.09074451e-004 8.68360579e-005 5.93553887e-005 5.34673761e-005 4.27235487e-005 3.97419974e-005 3.85056450e-005 3.05690279e-005 2.24548909e-005 
1.50000000e+000 3.33928571e+001 0.00000000e+000 7.66259198e-005 6.90715774e-005 4.94180831e-005 4.50201804e-005 3.68104332e-005 3.44714139e-005 3.34925212e-005 2.70289608e-005 2.01767349e-005 
1.50000000e+000 3.21428571e+001 0.00000000e+000 4.95551510e-005 5.21565243e-005 3.94657258e-005 3.64506017e-005 3.06473781e-005 2.89336643e-005 2.82074250e-005 2.32210511e-005 1.76760817e-005 
1.50000000e+000 3.05357143e+001 0.00000000e+000 2.97571935e-005 3.77454682e-005 3.04893281e-005 2.86111168e-005 2.48448865e-005 2.36765236e-005 2.31728350e-005 1.95208063e-005 1.52001490e-005 
1.50000000e+000 2.85714286e+001 0.00000000e+000 1.65964789e-005 2.62777856e-005 2.29040486e-005 2.18918147e-005 1.97306622e-005 1.90068263e-005 1.86865599e-005 1.61645580e-005 1.29200324e-005 
1.50000000e+000 2.62500000e+001 0.00000000e+000 8.59256710e-006 1.76358329e-005 1.67750979e-005 1.63748073e-005 1.54004909e-005 1.50200062e-005 1.48433905e-005 1.32361163e-005 1.09007569e-005 
1.50000000e+000 2.35714286e+001 0.00000000e+000 4.14976822e-006 1.15159635e-005 1.21125429e-005 1.21124443e-005 1.19624652e-005 1.18336887e-005 1.17641121e-005 1.08625332e-005 9.25823420e-006 
1.50000000e+000 2.05357143e+001 0.00000000e+000 1.87055479e-006 7.32902795e-006 8.65277226e-006 8.89820126e-006 9.30229731e-006 9.35533830e-006 9.36465521e-006 9.00341239e-006 7.98311712e-006 
1.50000000e+000 1.71428571e+001 0.00000000e+000 7.93327614e-007 4.64080905e-006 6.28882364e-006 6.68808272e-006 7.48022637e-006 7.66954049e-006 7.73898993e-006 7.79546917e-006 7.23394882e-006 
1.50000000e+000 1.33928571e+001 0.00000000e+000 3.21571585e-007 3.01726248e-006 4.81195410e-006 5.31658259e-006 6.40489438e-006 6.70435045e-006 6.82310970e-006 7.22074459e-006 7.03686663e-006 
1.50000000e+000 9.28571429e+000 0.00000000e+000 1.27940806e-007 2.03700459e-006 3.86607600e-006 4.44090199e-006 5.75575376e-006 6.14503502e-006 6.30459760e-006 6.98529938e-006 7.11797081e-006 
1.50000000e+000 4.82142857e+000 0.00000000e+000 5.61532452e-008 1.52402780e-006 3.36376664e-006 3.98744029e-006 5.46965636e-006 5.92645937e-006 6.11675992e-006 7.00615224e-006 7.36674217e-006 
1.50000000e+000 0.00000000e+000 0.00000000e+000 3.73368476e-008 1.33413343e-006 3.14245788e-006 3.77371686e-006 5.29643305e-006 5.77248054e-006 5.97187224e-006 6.92887929e-006 7.37087346e-006 
1.75000000e+000 3.50000000e+001 0.00000000e+000 1.60399509e-004 1.10736064e-004 7.17175748e-005 6.37452471e-005 4.95631237e-005 4.57384152e-005 4.41681182e-005 3.43834064e-005 2.47708160e-005 
1.75000000e+000 3.48214286e+001 0.00000000e+000 1.39159224e-004 1.01292288e-004 6.69022777e-005 5.97532897e-005 4.69160981e-005 4.34178198e-005 4.19763615e-005 3.29003448e-005 2.38580738e-005 
1.75000000e+000 3.42857143e+001 0.00000000e+000 1.03311558e-004 8.35456786e-005 5.74078061e-005 5.17760100e-005 4.14673532e-005 3.85966223e-005 3.74048000e-005 2.97307285e-005 2.18554211e-005 
1.75000000e+000 3.33928571e+001 0.00000000e+000 6.93489891e-005 6.45816928e-005 4.67318372e-005 4.26880238e-005 3.50888656e-005 3.29073456e-005 3.19919705e-005 2.59032939e-005 1.93908533e-005 
1.75000000e+000 3.21428571e+001 0.00000000e+000 4.23282585e-005 4.70767924e-005 3.63074405e-005 3.36867535e-005 2.85799615e-005 2.70500624e-005 2.63985030e-005 2.18598027e-005 1.67289385e-005 
1.75000000e+000 3.05357143e+001 0.00000000e+000 2.36716918e-005 3.26672053e-005 2.71545977e-005 2.56562042e-005 2.25814067e-005 2.16011939e-005 2.11747192e-005 1.79972400e-005 1.41310246e-005 
1.75000000e+000 2.85714286e+001 0.00000000e+000 1.21178580e-005 2.16445701e-005 1.96422446e-005 1.89539907e-005 1.74068614e-005 1.68570041e-005 1.66090996e-005 1.45478701e-005 1.17665135e-005 
1.75000000e+000 2.62500000e+001 0.00000000e+000 5.66940042e-006 1.37146847e-005 1.37725774e-005 1.36160454e-005 1.31295249e-005 1.28950384e-005 1.27802652e-005 1.15870916e-005 9.69621487e-006 
1.75000000e+000 2.35714286e+001 0.00000000e+000 2.43362652e-006 8.38015966e-006 9.45747312e-006 9.61364013e-006 9.80342054e-006 9.78515496e-006 9.76369198e-006 9.21001909e-006 8.01486860e-006 
1.75000000e+000 2.05357143e+001 0.00000000e+000 9.58282064e-007 4.94193820e-006 6.37573190e-006 6.69218397e-006 7.28082253e-006 7.40472585e-006 7.44651750e-006 7.35459444e-006 6.69729985e-006 
1.75000000e+000 1.71428571e+001 0.00000000e+000 3.48352707e-007 2.86213640e-006 4.32305615e-006 4.71397244e-006 5.53771010e-006 5.75756385e-006 5.84349230e-006 6.09001003e-006 5.84818733e-006 
1.75000000e+000 1.33928571e+001 0.00000000e+000 1.18434616e-007 1.67040935e-006 3.03923913e-006 3.46356735e-006 4.43855468e-006 4.72945820e-006 4.84912392e-006 5.36171657e-006 5.46100989e-006 
1.75000000e+000 9.28571429e+000 0.00000000e+000 3.87393445e-008 1.00043648e-006 2.23218572e-006 2.66532764e-006 3.73429612e-006 4.07750245e-006 4.22282306e-006 4.94425534e-006 5.32250572e-006 
1.75000000e+000 4.82142857e+000 0.00000000e+000 1.37448814e-008 6.68848756e-007 1.79955889e-006 2.23624406e-006 3.37018027e-006 3.75120738e-006 3.91521739e-006 4.78679324e-006 5.36476411e-006 
1.75000000e+000 0.00000000e+000 0.00000000e+000 8.02334904e-009 5.55790990e-007 1.62825179e-006 2.05830574e-006 3.19774375e-006 3.58712804e-006 3.75570786e-006 4.67097010e-006 5.31533280e-006 
2.00000000e+000 3.50000000e+001 0.00000000e+000 1.59882211e-004 1.10173321e-004 7.12680243e-005 6.33225769e-005 4.91912641e-005 4.53814243e-005 4.38174040e-005 3.40780031e-005 2.45188784e-005 
2.00000000e+000 3.48214286e+001 0.00000000e+000 1.36482382e-004 9.97445769e-005 6.59482243e-005 5.89123186e-005 4.62673470e-005 4.28183668e-005 4.13967842e-005 3.24408914e-005 2.35122147e-005 
2.00000000e+000 3.42857143e+001 0.00000000e+000 9.80909713e-005 8.05772246e-005 5.56666956e-005 5.02693289e-005 4.03592977e-005 3.75900374e-005 3.64389589e-005 2.90034235e-005 2.13416259e-005 
2.00000000e+000 3.33928571e+001 0.00000000e+000 6.29759983e-005 6.05755548e-005 4.43313888e-005 4.06053518e-005 3.35568629e-005 3.15179420e-005 3.06601261e-005 2.49106452e-005 1.87035966e-005 
2.00000000e+000 3.21428571e+001 0.00000000e+000 3.63035882e-005 4.26545058e-005 3.35266852e-005 3.12486233e-005 2.67525264e-005 2.53852063e-005 2.47998618e-005 2.06593316e-005 1.58970091e-005 
2.00000000e+000 3.05357143e+001 0.00000000e+000 1.89140681e-005 2.83932441e-005 2.42860427e-005 2.31028931e-005 2.06111234e-005 1.97919210e-005 1.94318146e-005 1.66656419e-005 1.31963729e-005 
2.00000000e+000 2.85714286e+001 0.00000000e+000 8.88689666e-006 1.79089109e-005 1.69211510e-005 1.64850043e-005 1.54281483e-005 1.50205669e-005 1.48322658e-005 1.31565062e-005 1.07690161e-005 
2.00000000e+000 2.62500000e+001 0.00000000e+000 3.75622294e-006 1.07136894e-005 1.13607507e-005 1.13763120e-005 1.12495928e-005 1.11271290e-005 1.10603637e-005 1.01974559e-005 8.67119328e-006 
2.00000000e+000 2.35714286e+001 0.00000000e+000 1.43259250e-006 6.12507127e-006 7.42027353e-006 7.66866957e-006 8.07755855e-006 8.13600458e-006 8.14863814e-006 7.85410079e-006 6.97850837e-006 
2.00000000e+000 2.05357143e+001 0.00000000e+000 4.92622729e-007 3.34668024e-006 4.72216869e-006 5.06043500e-006 5.73273608e-006 5.89665806e-006 5.95774788e-006 6.04551115e-006 5.65263013e-006 
2.00000000e+000 1.71428571e+001 0.00000000e+000 1.53529812e-007 1.77396392e-006 2.99023632e-006 3.34420151e-006 4.12793886e-006 4.35217335e-006 4.44279472e-006 4.78939213e-006 4.75627894e-006 
2.00000000e+000 1.33928571e+001 0.00000000e+000 4.38732863e-008 9.31759471e-007 1.93497589e-006 2.27431338e-006 3.09873185e-006 3.36023072e-006 3.47052437e-006 4.00587713e-006 4.25948664e-006 
2.00000000e+000 9.28571429e+000 0.00000000e+000 1.18383345e-008 4.95879310e-007 1.29869084e-006 1.61102920e-006 2.43680425e-006 2.72013345e-006 2.84314066e-006 3.51407160e-006 3.99229109e-006 
2.00000000e+000 4.82142857e+000 0.00000000e+000 3.39807582e-009 2.95090899e-007 9.65994274e-007 1.25784017e-006 2.08102404e-006 2.37894604e-006 2.51067456e-006 3.27494515e-006 3.91060612e-006 
2.00000000e+000 0.00000000e+000 0.00000000e+000 1.72414876e-009 2.31538953e-007 8.43672408e-007 1.12266612e-006 1.93065173e-006 2.22910937e-006 2.36196354e-006 3.14884474e-006 3.83302819e-006 
2.25000000e+000 3.50000000e+001 0.00000000e+000 1.59472024e-004 1.09728019e-004 7.09116730e-005 6.29873739e-005 4.88962387e-005 4.50982300e-005 4.35392122e-005 3.38359020e-005 2.43189571e-005 
2.25000000e+000 3.48214286e+001 0.00000000e+000 1.34001372e-004 9.83479968e-005 6.51030431e-005 5.81714601e-005 4.57033184e-005 4.22994961e-005 4.08960874e-005 3.20488420e-005 2.32207778e-005 
2.25000000e+000 3.42857143e+001 0.00000000e+000 9.33098249e-005 7.78572267e-005 5.40803916e-005 4.88999153e-005 3.93592028e-005 3.66840213e-005 3.55707197e-005 2.83555504e-005 2.08892351e-005 
2.25000000e+000 3.33928571e+001 0.00000000e+000 5.73405283e-005 5.69564120e-005 4.21544639e-005 3.87162084e-005 3.21688974e-005 3.02603642e-005 2.94552518e-005 2.40166301e-005 1.80890612e-005 
2.25000000e+000 3.21428571e+001 0.00000000e+000 3.12356746e-005 3.87618907e-005 3.10468877e-005 2.90687233e-005 2.51122961e-005 2.38899915e-005 2.33638826e-005 1.95814203e-005 1.51521796e-005 
2.25000000e+000 3.05357143e+001 0.00000000e+000 1.51639458e-005 2.47597396e-005 2.17896999e-005 2.08695139e-005 1.88721313e-005 1.81916556e-005 1.78890213e-005 1.54828474e-005 1.23652038e-005 
2.25000000e+000 2.85714286e+001 0.00000000e+000 6.53913612e-006 1.48690276e-005 1.46265992e-005 1.43863620e-005 1.37213569e-005 1.34305659e-005 1.32915991e-005 1.19409941e-005 9.89285227e-006 
2.25000000e+000 2.62500000e+001 0.00000000e+000 2.49637176e-006 8.39780597e-006 9.40387133e-006 9.53842045e-006 9.67406768e-006 9.63727090e-006 9.60774320e-006 9.00971599e-006 7.78620301e-006 
2.25000000e+000 2.35714286e+001 0.00000000e+000 8.45689114e-007 4.49128983e-006 5.84222952e-006 6.13919484e-006 6.68141360e-006 6.79180311e-006 6.82819127e-006 6.72654077e-006 6.10312012e-006 
2.25000000e+000 2.05357143e+001 0.00000000e+000 2.53901627e-007 2.27331034e-006 3.51005477e-006 3.84110591e-006 4.53315333e-006 4.71651749e-006 4.78800090e-006 4.99304274e-006 4.79374685e-006 
2.25000000e+000 1.71428571e+001 0.00000000e+000 6.78580796e-008 1.10328814e-006 2.07734509e-006 2.38344936e-006 3.09285577e-006 3.30704051e-006 3.39562244e-006 3.78646409e-006 3.88749944e-006 
2.25000000e+000 1.33928571e+001 0.00000000e+000 1.63226999e-008 5.22563541e-007 1.23942591e-006 1.50258424e-006 2.17635774e-006 2.40146904e-006 2.49832579e-006 3.00869935e-006 3.33719671e-006 
2.25000000e+000 9.28571429e+000 0.00000000e+000 3.64212972e-009 2.47594767e-007 7.60491720e-007 9.79731641e-007 1.59832862e-006 1.82338917e-006 1.92320792e-006 2.50712700e-006 3.00327897e-006 
2.25000000e+000 4.82142857e+000 0.00000000e+000 8.47095338e-010 1.30826073e-007 5.20207504e-007 7.09505553e-007 1.28765994e-006 1.51150905e-006 1.61288003e-006 2.24359570e-006 2.85331064e-006 
2.25000000e+000 0.00000000e+000 0.00000000e+000 3.70505611e-010 9.64577118e-008 4.37145805e-007 6.12338415e-007 1.16563970e-006 1.38521114e-006 1.48543848e-006 2.12273350e-006 2.76409911e-006 
2.50000000e+000 3.50000000e+001 0.00000000e+000 1.59137757e-004 1.09366384e-004 7.06219560e-005 6.27147206e-005 4.86560772e-005 4.48676853e-005 4.33127425e-005 3.36389069e-005 2.41563325e-005 
2.50000000e+000 3.48214286e+001 0.00000000e+000 1.31675039e-004 9.70651229e-005 6.43384987e-005 5.75044504e-005 4.52011951e-005 4.18393281e-005 4.04527815e-005 3.17055446e-005 2.29687693e-005 
2.50000000e+000 3.42857143e+001 0.00000000e+000 8.88964637e-005 7.53372049e-005 5.26156657e-005 4.76375083e-005 3.84417883e-005 3.58545791e-005 3.47766119e-005 2.77671779e-005 2.04825075e-005 
2.50000000e+000 3.33928571e+001 0.00000000e+000 5.23214015e-005 5.36573951e-005 4.01594656e-005 3.69836152e-005 3.08955187e-005 2.91070259e-005 2.83505096e-005 2.31991277e-005 1.75302204e-005 
2.50000000e+000 3.21428571e+001 0.00000000e+000 2.69438218e-005 3.53076994e-005 2.88151667e-005 2.71009913e-005 2.36241535e-005 2.25319466e-005 2.20591444e-005 1.86009631e-005 1.44756759e-005 
2.50000000e+000 3.05357143e+001 0.00000000e+000 1.21899525e-005 2.16477502e-005 1.95991252e-005 1.88989486e-005 1.73222357e-005 1.67617772e-005 1.65091309e-005 1.44199160e-005 1.16164735e-005 
2.50000000e+000 2.85714286e+001 0.00000000e+000 4.82410340e-006 1.23786188e-005 1.26768607e-005 1.25881553e-005 1.22356958e-005 1.20408155e-005 1.19427357e-005 1.08675311e-005 9.11406242e-006 
2.50000000e+000 2.62500000e+001 0.00000000e+000 1.66304299e-006 6.59993719e-006 7.80493430e-006 8.01901767e-006 8.34225609e-006 8.37035643e-006 8.36952064e-006 7.98399962e-006 7.01353246e-006 
2.50000000e+000 2.35714286e+001 0.00000000e+000 5.00310521e-007 3.30146180e-006 4.61188482e-006 4.92800656e-006 5.54256984e-006 5.68653681e-006 5.73892688e-006 5.77951491e-006 5.35591737e-006 
2.50000000e+000 2.05357143e+001 0.00000000e+000 1.31130799e-007 1.54775328e-006 2.61593588e-006 2.92365319e-006 3.59585866e-006 3.78490834e-006 3.86071619e-006 4.13872381e-006 4.08076117e-006 
2.50000000e+000 1.71428571e+001 0.00000000e+000 3.00612153e-008 6.87898127e-007 1.44769808e-006 1.70444732e-006 2.32625840e-006 2.52288716e-006 2.60571800e-006 3.00611850e-006 3.19048566e-006 
2.50000000e+000 1.33928571e+001 0.00000000e+000 6.09323824e-009 2.94253728e-007 7.97602242e-007 9.97472856e-007 1.53597905e-006 1.72455269e-006 1.80710296e-006 2.26991507e-006 2.62492101e-006 
2.50000000e+000 9.28571429e+000 0.00000000e+000 1.12627780e-009 1.24350746e-007 4.47776186e-007 5.98944516e-007 1.05315441e-006 1.22755813e-006 1.30641261e-006 1.79499608e-006 2.26546698e-006 
2.50000000e+000 4.82142857e+000 0.00000000e+000 2.12633544e-010 5.82592053e-008 2.80993138e-007 4.01283341e-007 7.98349632e-007 9.62106401e-007 1.03792639e-006 1.53904919e-006 2.08381118e-006 
2.50000000e+000 0.00000000e+000 0.00000000e+000 7.96188413e-011 4.01837232e-008 2.26505614e-007 3.33989299e-007 7.03760409e-007 8.60796848e-007 9.34192211e-007 1.43100044e-006 1.99326598e-006 
0.00000000e+000 3.50000000e+001 1.00000000e+001 2.11465966e-004 1.44322347e-004 9.14619578e-005 8.06595371e-005 6.15269183e-005 5.64275537e-005 5.43455999e-005 4.16269875e-005 2.94905411e-005 
0.00000000e+000 3.48214286e+001 1.00000000e+001 2.09823554e-004 1.43267671e-004 9.08276157e-005 8.01095137e-005 6.11237429e-005 5.60625338e-005 5.39959724e-005 4.13673474e-005 2.93099641e-005 
0.00000000e+000 3.42857143e+001 1.00000000e+001 2.04392082e-004 1.39701255e-004 8.86625263e-005 7.82244555e-005 5.97287587e-005 5.47958605e-005 5.27812165e-005 4.04588325e-005 2.86743244e-005 
0.00000000e+000 3.33928571e+001 1.00000000e+001 1.96427910e-004 1.34490011e-004 8.54665948e-005 7.54357092e-005 5.76596658e-005 5.29167071e-005 5.09790611e-005 3.91117364e-005 2.77325788e-005 
0.00000000e+000 3.21428571e+001 1.00000000e+001 1.86536222e-004 1.27948943e-004 8.14281152e-005 7.19093362e-005 5.50457030e-005 5.05447464e-005 4.87052616e-005 3.74172546e-005 2.65513263e-005 
0.00000000e+000 3.05357143e+001 1.00000000e+001 1.75423260e-004 1.20570389e-004 7.68607606e-005 6.79250461e-005 5.21065246e-005 4.78830216e-005 4.61559615e-005 3.55275779e-005 2.52389220e-005 
0.00000000e+000 2.85714286e+001 1.00000000e+001 1.63883436e-004 1.12930284e-004 7.21861999e-005 6.38701016e-005 4.91577677e-005 4.52250944e-005 4.36153222e-005 3.36647789e-005 2.39536537e-005 
0.00000000e+000 2.62500000e+001 1.00000000e+001 1.52470682e-004 1.05409079e-004 6.77071861e-005 6.00163651e-005 4.64096402e-005 4.27638077e-005 4.12689918e-005 3.19695448e-005 2.27928155e-005 
0.00000000e+000 2.35714286e+001 1.00000000e+001 1.43569921e-004 9.94953717e-005 6.42238632e-005 5.70473882e-005 4.43672369e-005 4.09605953e-005 3.95607769e-005 3.07794870e-005 2.19949022e-005 
0.00000000e+000 2.05357143e+001 1.00000000e+001 1.38097598e-004 9.58009594e-005 6.22255343e-005 5.54405529e-005 4.34626890e-005 4.02249531e-005 3.88895028e-005 3.04127399e-005 2.17885898e-005 
0.00000000e+000 1.71428571e+001 1.00000000e+001 1.39126152e-004 9.64234137e-005 6.33394801e-005 5.66715166e-005 4.48139460e-005 4.15655017e-005 4.02186285e-005 3.15674270e-005 2.26488760e-005 
0.00000000e+000 1.33928571e+001 1.00000000e+001 1.56081429e-004 1.07286168e-004 7.05634680e-005 6.31423266e-005 4.98789958e-005 4.62317285e-005 4.47189660e-005 3.50262754e-005 2.51044224e-005 
0.00000000e+000 9.28571429e+000 1.00000000e+001 1.82913130e-004 1.24826235e-004 8.16796628e-005 7.29317621e-005 5.72750123e-005 5.29822631e-005 5.12060103e-005 3.99299824e-005 2.85694141e-005 
0.00000000e+000 4.82142857e+000 1.00000000e+001 2.08834146e-004 1.41789716e-004 9.23148662e-005 8.22542571e-005 6.42417327e-005 5.93204335e-005 5.72887536e-005 4.44962003e-005 3.17816611e-005 
0.00000000e+000 0.00000000e+000 1.00000000e+001 2.10907695e-004 1.42390773e-004 9.25724266e-005 8.24515989e-005 6.43386076e-005 5.93939091e-005 5.73533631e-005 4.45201793e-005 3.17873475e-005 
2.50000000e-001 3.50000000e+001 1.00000000e+001 1.55224320e-004 1.14430678e-004 7.52716770e-005 6.70500789e-005 5.22647512e-005 4.82536198e-005 4.66056325e-005 3.63293994e-005 2.62269737e-005 
2.50000000e-001 3.48214286e+001 1.00000000e+001 1.49515300e-004 1.11714626e-004 7.38359799e-005 6.58467476e-005 5.14449873e-005 4.75280423e-005 4.59173639e-005 3.58487315e-005 2.59160545e-005 
2.50000000e-001 3.42857143e+001 1.00000000e+001 1.36597967e-004 1.05042866e-004 7.01611901e-005 6.27285080e-005 4.92603318e-005 4.55770124e-005 4.40594950e-005 3.45191836e-005 2.50317548e-005 
2.50000000e-001 3.33928571e+001 1.00000000e+001 1.20470092e-004 9.62975511e-005 6.52185649e-005 5.85066528e-005 4.62643948e-005 4.28921043e-005 4.14991362e-005 3.26718563e-005 2.37928044e-005 
2.50000000e-001 3.21428571e+001 1.00000000e+001 1.03397586e-004 8.64579978e-005 5.95129927e-005 5.36042798e-005 4.27482716e-005 3.97323995e-005 3.84826943e-005 3.04821053e-005 2.23150094e-005 
2.50000000e-001 3.05357143e+001 1.00000000e+001 8.68531077e-005 7.64034476e-005 5.35578294e-005 4.84651928e-005 3.90364803e-005 3.63914688e-005 3.52912211e-005 2.81570406e-005 2.07390573e-005 
2.50000000e-001 2.85714286e+001 1.00000000e+001 7.18531655e-005 6.68325441e-005 4.78252818e-005 4.35147798e-005 3.54642891e-005 3.31786050e-005 3.22231647e-005 2.59263876e-005 1.92272063e-005 
2.50000000e-001 2.62500000e+001 1.00000000e+001 5.88194363e-005 5.81260926e-005 4.26153524e-005 3.90218165e-005 3.22377368e-005 3.02823203e-005 2.94598283e-005 2.39272298e-005 1.78747805e-005 
2.50000000e-001 2.35714286e+001 1.00000000e+001 4.88848938e-005 5.13019309e-005 3.85120312e-005 3.54921118e-005 2.97425662e-005 2.80588124e-005 2.73454321e-005 2.24297349e-005 1.68796772e-005 
2.50000000e-001 2.05357143e+001 1.00000000e+001 4.15918592e-005 4.63242876e-005 3.56457393e-005 3.30928958e-005 2.81885258e-005 2.67197951e-005 2.60911648e-005 2.16240589e-005 1.63930894e-005 
2.50000000e-001 1.71428571e+001 1.00000000e+001 3.73517635e-005 4.40873413e-005 3.49212882e-005 3.26853502e-005 2.82884848e-005 2.69245402e-005 2.63333114e-005 2.20002005e-005 1.67692909e-005 
2.50000000e-001 1.33928571e+001 1.00000000e+001 3.80606183e-005 4.70027972e-005 3.77980957e-005 3.54839654e-005 3.08398527e-005 2.93736572e-005 2.87355438e-005 2.40344743e-005 1.83581014e-005 
2.50000000e-001 9.28571429e+000 1.00000000e+001 4.13434424e-005 5.29603568e-005 4.28142321e-005 4.01909716e-005 3.48601328e-005 3.31715263e-005 3.24376543e-005 2.70768845e-005 2.06958513e-005 
2.50000000e-001 4.82142857e+000 1.00000000e+001 4.48969631e-005 5.89212381e-005 4.77143173e-005 4.47568830e-005 3.87027058e-005 3.67864631e-005 3.59554948e-005 2.99416141e-005 2.28818416e-005 
2.50000000e-001 0.00000000e+000 1.00000000e+001 4.45655405e-005 5.87512065e-005 4.76171724e-005 4.46687747e-005 3.86244078e-005 3.67104617e-005 3.58805786e-005 2.98778015e-005 2.28372204e-005 
5.00000000e-001 3.50000000e+001 1.00000000e+001 1.44147978e-004 1.04380954e-004 6.84680335e-005 6.09995208e-005 4.76385766e-005 4.40282239e-005 4.25463197e-005 3.33006120e-005 2.41895486e-005 
5.00000000e-001 3.48214286e+001 1.00000000e+001 1.35073743e-004 1.00214058e-004 6.63135796e-005 5.92061881e-005 4.64371631e-005 4.29709128e-005 4.15459187e-005 3.26139863e-005 2.37557906e-005 
5.00000000e-001 3.42857143e+001 1.00000000e+001 1.16564091e-004 9.09546181e-005 6.13259373e-005 5.50041858e-005 4.35434637e-005 4.04015543e-005 3.91054667e-005 3.08971042e-005 2.26391706e-005 
5.00000000e-001 3.33928571e+001 1.00000000e+001 9.53345455e-005 7.95438443e-005 5.49719035e-005 4.96048314e-005 3.97600070e-005 3.70253646e-005 3.58919953e-005 2.86085810e-005 2.11319212e-005 
5.00000000e-001 3.21428571e+001 1.00000000e+001 7.48128735e-005 6.75162295e-005 4.80350418e-005 4.36600425e-005 3.55251682e-005 3.32290613e-005 3.22718337e-005 2.60021423e-005 1.93962610e-005 
5.00000000e-001 3.05357143e+001 1.00000000e+001 5.67699367e-005 5.59956073e-005 4.11690560e-005 3.77319147e-005 3.12430451e-005 2.93759496e-005 2.85918494e-005 2.33290479e-005 1.75997884e-005 
5.00000000e-001 2.85714286e+001 1.00000000e+001 4.19623577e-005 4.56849492e-005 3.48606113e-005 3.22587132e-005 2.72575544e-005 2.57827488e-005 2.51574318e-005 2.08234474e-005 1.59074903e-005 
5.00000000e-001 2.62500000e+001 1.00000000e+001 3.03647520e-005 3.68608009e-005 2.93658542e-005 2.74749136e-005 2.37543556e-005 2.26206288e-005 2.21337163e-005 1.86125070e-005 1.44095835e-005 
5.00000000e-001 2.35714286e+001 1.00000000e+001 2.21673773e-005 3.01368020e-005 2.50813737e-005 2.37330602e-005 2.10175140e-005 2.01562900e-005 1.97802541e-005 1.69087950e-005 1.32687459e-005 
5.00000000e-001 2.05357143e+001 1.00000000e+001 1.63893851e-005 2.51314257e-005 2.19189303e-005 2.10048799e-005 1.91068883e-005 1.84655476e-005 1.81782625e-005 1.58094185e-005 1.25769102e-005 
5.00000000e-001 1.71428571e+001 1.00000000e+001 1.26053425e-005 2.20776706e-005 2.03246932e-005 1.97489092e-005 1.84521941e-005 1.79587432e-005 1.77290015e-005 1.56474598e-005 1.25927903e-005 
5.00000000e-001 1.33928571e+001 1.00000000e+001 1.08661692e-005 2.18266570e-005 2.09424411e-005 2.05243397e-005 1.94555666e-005 1.90000037e-005 1.87820339e-005 1.66970797e-005 1.35398991e-005 
5.00000000e-001 9.28571429e+000 1.00000000e+001 1.01298211e-005 2.31041940e-005 2.28015037e-005 2.24499777e-005 2.14176652e-005 2.09424691e-005 2.07121732e-005 1.84668614e-005 1.50516577e-005 
5.00000000e-001 4.82142857e+000 1.00000000e+001 9.86941355e-006 2.46648925e-005 2.47641626e-005 2.44393671e-005 2.33735681e-005 2.28619749e-005 2.26129064e-005 2.01778447e-005 1.64911346e-005 
5.00000000e-001 0.00000000e+000 1.00000000e+001 9.41798616e-006 2.42420194e-005 2.44937533e-005 2.42001114e-005 2.31877121e-005 2.26904466e-005 2.24473456e-005 2.00513686e-005 1.64072092e-005 
7.50000000e-001 3.50000000e+001 1.00000000e+001 1.39915051e-004 9.99697053e-005 6.51363280e-005 5.79370007e-005 4.51140672e-005 4.16664548e-005 4.02538371e-005 3.14760963e-005 2.28724055e-005 
7.50000000e-001 3.48214286e+001 1.00000000e+001 1.27860553e-004 9.44910789e-005 6.23241049e-005 5.56017698e-005 4.35591770e-005 4.03010610e-005 3.89632145e-005 3.05965183e-005 2.23225651e-005 
7.50000000e-001 3.42857143e+001 1.00000000e+001 1.04855778e-004 8.30233292e-005 5.61849012e-005 5.04420169e-005 4.00286036e-005 3.71735148e-005 3.59957156e-005 2.85245758e-005 2.09899481e-005 
7.50000000e-001 3.33928571e+001 1.00000000e+001 8.01771862e-005 6.95545371e-005 4.86835728e-005 4.40727072e-005 3.55779935e-005 3.32067395e-005 3.22222727e-005 2.58495367e-005 1.92423471e-005 
7.50000000e-001 3.21428571e+001 1.00000000e+001 5.80608523e-005 5.60870169e-005 4.08501916e-005 3.73503401e-005 3.07801562e-005 2.89046348e-005 2.81195799e-005 2.28982389e-005 1.72858074e-005 
7.50000000e-001 3.05357143e+001 1.00000000e+001 4.01961185e-005 4.38817736e-005 3.34356755e-005 3.09220445e-005 2.61002669e-005 2.46849540e-005 2.40862518e-005 1.99580162e-005 1.53106647e-005 
7.50000000e-001 2.85714286e+001 1.00000000e+001 2.68168619e-005 3.35559545e-005 2.69077904e-005 2.52143403e-005 2.18788223e-005 2.08623468e-005 2.04260718e-005 1.72632276e-005 1.34828085e-005 
7.50000000e-001 2.62500000e+001 1.00000000e+001 1.73311079e-005 2.52203974e-005 2.14530488e-005 2.04075276e-005 1.82703924e-005 1.75819380e-005 1.72800569e-005 1.49267247e-005 1.18850638e-005 
7.50000000e-001 2.35714286e+001 1.00000000e+001 1.12114969e-005 1.91338974e-005 1.73002689e-005 1.67172193e-005 1.54690941e-005 1.50314576e-005 1.48331102e-005 1.31103093e-005 1.06487820e-005 
7.50000000e-001 2.05357143e+001 1.00000000e+001 7.25396049e-006 1.47112304e-005 1.42195828e-005 1.39854481e-005 1.34303218e-005 1.31905639e-005 1.30738857e-005 1.18420770e-005 9.81993687e-006 
7.50000000e-001 1.71428571e+001 1.00000000e+001 4.78420920e-006 1.18269610e-005 1.23680810e-005 1.24085796e-005 1.23868454e-005 1.22930281e-005 1.22355533e-005 1.13372014e-005 9.58179439e-006 
7.50000000e-001 1.33928571e+001 1.00000000e+001 3.43383341e-006 1.06390710e-005 1.19574501e-005 1.21844987e-005 1.25042131e-005 1.24965415e-005 1.24729319e-005 1.17361949e-005 1.00684554e-005 
7.50000000e-001 9.28571429e+000 1.00000000e+001 2.64799393e-006 1.03402987e-005 1.23276166e-005 1.27030377e-005 1.32785610e-005 1.33290962e-005 1.33273060e-005 1.26654576e-005 1.09893558e-005 
7.50000000e-001 4.82142857e+000 1.00000000e+001 2.21551049e-006 1.03991667e-005 1.29054260e-005 1.33915457e-005 1.41500776e-005 1.42388107e-005 1.42506818e-005 1.36181334e-005 1.18974302e-005 
7.50000000e-001 0.00000000e+000 1.00000000e+001 1.99052929e-006 1.00031729e-005 1.25996018e-005 1.31110971e-005 1.39206603e-005 1.40249552e-005 1.40435059e-005 1.34568388e-005 1.17876899e-005 
1.00000000e+000 3.50000000e+001 1.00000000e+001 1.37671085e-004 9.75665840e-005 6.32506628e-005 5.61775705e-005 4.36049406e-005 4.02343101e-005 3.88548110e-005 3.03138321e-005 2.19881595e-005 
1.00000000e+000 3.48214286e+001 1.00000000e+001 1.22892705e-004 9.08722852e-005 5.98249886e-005 5.33360082e-005 4.17182932e-005 3.85793215e-005 3.72911978e-005 2.92519292e-005 2.13279977e-005 
1.00000000e+000 3.42857143e+001 1.00000000e+001 9.61280685e-005 7.74686694e-005 5.26570977e-005 4.73163397e-005 3.76094366e-005 3.49431310e-005 3.38426931e-005 2.68527775e-005 1.97941129e-005 
1.00000000e+000 3.33928571e+001 1.00000000e+001 6.90408294e-005 6.23618253e-005 4.42037417e-005 4.01337432e-005 3.25870162e-005 3.04667808e-005 2.95847158e-005 2.38374117e-005 1.78308774e-005 
1.00000000e+000 3.21428571e+001 1.00000000e+001 4.63692153e-005 4.79440739e-005 3.57126150e-005 3.28274890e-005 2.73466513e-005 2.57618721e-005 2.50956482e-005 2.06009753e-005 1.56857779e-005 
1.00000000e+000 3.05357143e+001 1.00000000e+001 2.94355713e-005 3.55229001e-005 2.79957061e-005 2.61019863e-005 2.23992840e-005 2.12879838e-005 2.08142455e-005 1.74602358e-005 1.35684490e-005 
1.00000000e+000 2.85714286e+001 1.00000000e+001 1.78104256e-005 2.55620832e-005 2.14738475e-005 2.03506642e-005 1.80707794e-005 1.73486738e-005 1.70344842e-005 1.46454598e-005 1.16436968e-005 
1.00000000e+000 2.62500000e+001 1.00000000e+001 1.03271396e-005 1.79691641e-005 1.62463390e-005 1.56858474e-005 1.44769275e-005 1.40567154e-005 1.38674803e-005 1.22519167e-005 9.98521824e-006 
1.00000000e+000 2.35714286e+001 1.00000000e+001 5.94166681e-006 1.26929175e-005 1.23904921e-005 1.21992238e-005 1.17306990e-005 1.15287108e-005 1.14309408e-005 1.03957492e-005 8.69601732e-006 
1.00000000e+000 2.05357143e+001 1.00000000e+001 3.37660333e-006 9.01985902e-006 9.57976595e-006 9.64279352e-006 9.71236687e-006 9.67436893e-006 9.64584306e-006 9.05289166e-006 7.78595596e-006 
1.00000000e+000 1.71428571e+001 1.00000000e+001 1.91848295e-006 6.63157970e-006 7.78921211e-006 8.04239947e-006 8.51792583e-006 8.60241649e-006 8.62533093e-006 8.35006385e-006 7.37882965e-006 
1.00000000e+000 1.33928571e+001 1.00000000e+001 1.15009263e-006 5.38472325e-006 7.00410205e-006 7.39856219e-006 8.17206085e-006 8.34439273e-006 8.40389489e-006 8.33947549e-006 7.54539567e-006 
1.00000000e+000 9.28571429e+000 1.00000000e+001 7.25999467e-007 4.73356675e-006 6.75855214e-006 7.27513544e-006 8.30376640e-006 8.54926707e-006 8.63888647e-006 8.73377176e-006 8.05388661e-006 
1.00000000e+000 4.82142857e+000 1.00000000e+001 5.06980022e-007 4.41500262e-006 6.75243567e-006 7.36302994e-006 8.58676571e-006 8.88704388e-006 8.99898113e-006 9.20445783e-006 8.59203615e-006 
1.00000000e+000 0.00000000e+000 1.00000000e+001 4.20755967e-007 4.12784753e-006 6.48138789e-006 7.10344486e-006 8.35733149e-006 8.66892320e-006 8.78599742e-006 9.03120534e-006 8.46886483e-006 
1.25000000e+000 3.50000000e+001 1.00000000e+001 1.36273989e-004 9.60549834e-005 6.20516983e-005 5.50530113e-005 4.26239364e-005 3.92967183e-005 3.79358395e-005 2.95310903e-005 2.13710405e-005 
1.25000000e+000 3.48214286e+001 1.00000000e+001 1.18964739e-004 8.82174783e-005 5.80464044e-005 5.17324417e-005 4.04225473e-005 3.73667314e-005 3.61128887e-005 2.82954982e-005 2.06053950e-005 
1.25000000e+000 3.42857143e+001 1.00000000e+001 8.89880892e-005 7.30865659e-005 4.99459802e-005 4.49300776e-005 3.57827578e-005 3.32622883e-005 3.22210634e-005 2.55925681e-005 1.88830754e-005 
1.25000000e+000 3.33928571e+001 1.00000000e+001 6.02205741e-005 5.66521280e-005 4.06892380e-005 3.70546962e-005 3.02638870e-005 2.83410280e-005 2.75390336e-005 2.22750331e-005 1.67253947e-005 
1.25000000e+000 3.21428571e+001 1.00000000e+001 3.76329860e-005 4.16243904e-005 3.17145393e-005 2.93079735e-005 2.46735047e-005 2.33133954e-005 2.27387632e-005 1.88018495e-005 1.44190501e-005 
1.25000000e+000 3.05357143e+001 1.00000000e+001 2.19728304e-005 2.92795119e-005 2.38630142e-005 2.24270023e-005 1.95547316e-005 1.86696034e-005 1.82888614e-005 1.55133667e-005 1.21899694e-005 
1.25000000e+000 2.85714286e+001 1.00000000e+001 1.20905609e-005 1.98777930e-005 1.74854231e-005 1.67540553e-005 1.52087940e-005 1.46939306e-005 1.44660041e-005 1.26316546e-005 1.01998977e-005 
1.25000000e+000 2.62500000e+001 1.00000000e+001 6.30373343e-006 1.31035008e-005 1.25817906e-005 1.23236350e-005 1.17068567e-005 1.14619356e-005 1.13469216e-005 1.02318041e-005 8.51200984e-006 
1.25000000e+000 2.35714286e+001 1.00000000e+001 3.22954552e-006 8.63842825e-006 9.09254046e-006 9.11476953e-006 9.08781728e-006 9.02530363e-006 8.98800043e-006 8.38828499e-006 7.20332299e-006 
1.25000000e+000 2.05357143e+001 1.00000000e+001 1.61318686e-006 5.68715208e-006 6.62238246e-006 6.81446789e-006 7.17624356e-006 7.24142410e-006 7.25940200e-006 7.03682696e-006 6.25494508e-006 
1.25000000e+000 1.71428571e+001 1.00000000e+001 7.90980079e-007 3.83033861e-006 5.03154730e-006 5.33739391e-006 5.97295212e-006 6.13031853e-006 6.18843206e-006 6.23775080e-006 5.74381110e-006 
1.25000000e+000 1.33928571e+001 1.00000000e+001 3.98037008e-007 2.80239940e-006 4.18964849e-006 4.57844207e-006 5.41970059e-006 5.64711407e-006 5.73581486e-006 5.98510324e-006 5.69582818e-006 
1.25000000e+000 9.28571429e+000 1.00000000e+001 2.05808924e-007 2.20927118e-006 3.75256287e-006 4.21299571e-006 5.23500955e-006 5.52366454e-006 5.63900397e-006 6.05396299e-006 5.92426450e-006 
1.25000000e+000 4.82142857e+000 1.00000000e+001 1.18015038e-007 1.88691156e-006 3.54686188e-006 4.06195486e-006 5.22300941e-006 5.55841776e-006 5.69399767e-006 6.23031350e-006 6.21120567e-006 
1.25000000e+000 0.00000000e+000 1.00000000e+001 8.89493381e-008 1.70343797e-006 3.33417874e-006 3.84863989e-006 5.01742930e-006 5.35838661e-006 5.49682069e-006 6.06110787e-006 6.08449033e-006 
1.50000000e+000 3.50000000e+001 1.00000000e+001 1.35316799e-004 9.50131121e-005 6.12219414e-005 5.42734963e-005 4.19399149e-005 3.86410664e-005 3.72922734e-005 2.89760191e-005 2.09236919e-005 
1.50000000e+000 3.48214286e+001 1.00000000e+001 1.15631512e-004 8.60906803e-005 5.66642335e-005 5.04959143e-005 3.94375596e-005 3.64479352e-005 3.52210898e-005 2.75738550e-005 2.00566366e-005 
1.50000000e+000 3.42857143e+001 1.00000000e+001 8.28751107e-005 6.94006718e-005 4.77095501e-005 4.29739315e-005 3.43059210e-005 3.19087257e-005 3.09172515e-005 2.45869242e-005 1.81569766e-005 
1.50000000e+000 3.33928571e+001 1.00000000e+001 5.29652884e-005 5.18807504e-005 3.77673210e-005 3.45018315e-005 2.83515119e-005 2.65951039e-005 2.58604418e-005 2.09988828e-005 1.58229014e-005 
1.50000000e+000 3.21428571e+001 1.00000000e+001 3.08687048e-005 3.64915759e-005 2.84410081e-005 2.64243397e-005 2.24835042e-005 2.13079156e-005 2.08084774e-005 1.73282199e-005 1.33781978e-005 
1.50000000e+000 3.05357143e+001 1.00000000e+001 1.66121861e-005 2.44116080e-005 2.05723601e-005 1.94890670e-005 1.72647862e-005 1.65577588e-005 1.62503967e-005 1.39334982e-005 1.10623474e-005 
1.50000000e+000 2.85714286e+001 1.00000000e+001 8.32752900e-006 1.56618260e-005 1.44232525e-005 1.39720514e-005 1.29631519e-005 1.26023309e-005 1.24388477e-005 1.10247699e-005 9.03213083e-006 
1.50000000e+000 2.62500000e+001 1.00000000e+001 3.90904461e-006 9.69718083e-006 9.88682372e-006 9.82326119e-006 9.60066466e-006 9.47615328e-006 9.41261622e-006 8.65479482e-006 7.33902667e-006 
1.50000000e+000 2.35714286e+001 1.00000000e+001 1.78402199e-006 5.97444916e-006 6.78046307e-006 6.91942963e-006 7.14816058e-006 7.17116698e-006 7.17162503e-006 6.85958417e-006 6.03598159e-006 
1.50000000e+000 2.05357143e+001 1.00000000e+001 7.83071584e-007 3.64927328e-006 4.65893159e-006 4.89936678e-006 5.38772124e-006 5.50456725e-006 5.54687524e-006 5.54323985e-006 5.08088528e-006 
1.50000000e+000 1.71428571e+001 1.00000000e+001 3.31400280e-007 2.25531624e-006 3.31034065e-006 3.60519103e-006 4.25366281e-006 4.43319463e-006 4.50404037e-006 4.71609814e-006 4.51370785e-006 
1.50000000e+000 1.33928571e+001 1.00000000e+001 1.40461957e-007 1.48815577e-006 2.54853442e-006 2.87762617e-006 3.63992042e-006 3.86661783e-006 3.95925063e-006 4.33411573e-006 4.32865793e-006 
1.50000000e+000 9.28571429e+000 1.00000000e+001 5.97026113e-008 1.04793750e-006 2.10720861e-006 2.46432395e-006 3.32526481e-006 3.59326506e-006 3.70498659e-006 4.21721514e-006 4.37322954e-006 
1.50000000e+000 4.82142857e+000 1.00000000e+001 2.78846075e-008 8.11548460e-007 1.87013023e-006 2.24816222e-006 3.18429012e-006 3.48368877e-006 3.60988149e-006 4.22322892e-006 4.49457445e-006 
1.50000000e+000 0.00000000e+000 1.00000000e+001 1.88063889e-008 7.02984442e-007 1.71521821e-006 2.08522919e-006 3.01231732e-006 3.31213583e-006 3.43903840e-006 4.06782190e-006 4.37145196e-006 
1.75000000e+000 3.50000000e+001 1.00000000e+001 1.34617363e-004 9.42497887e-005 6.06122297e-005 5.37002843e-005 4.14359221e-005 3.81574988e-005 3.68173708e-005 2.85642175e-005 2.05877265e-005 
1.75000000e+000 3.48214286e+001 1.00000000e+001 1.12685187e-004 8.42912592e-005 5.55248797e-005 4.94840914e-005 3.86441248e-005 3.57111460e-005 3.45072537e-005 2.70014712e-005 1.96227315e-005 
1.75000000e+000 3.42857143e+001 1.00000000e+001 7.75025919e-005 6.61826223e-005 4.57817612e-005 4.12956285e-005 3.30537173e-005 3.07655682e-005 2.98179785e-005 2.37474658e-005 1.75553671e-005 
1.75000000e+000 3.33928571e+001 1.00000000e+001 4.68605057e-005 4.77727159e-005 3.52507516e-005 3.23058847e-005 2.67143067e-005 2.51033091e-005 2.44274419e-005 1.99155766e-005 1.50603564e-005 
1.75000000e+000 3.21428571e+001 1.00000000e+001 2.55148155e-005 3.22094241e-005 2.56760295e-005 2.39841128e-005 2.06267113e-005 1.96074821e-005 1.91718668e-005 1.60796950e-005 1.24965336e-005 
1.75000000e+000 3.05357143e+001 1.00000000e+001 1.26754391e-005 2.05173523e-005 1.78745189e-005 1.70684433e-005 1.53621575e-005 1.47995861e-005 1.45519799e-005 1.26115796e-005 1.01143733e-005 
1.75000000e+000 2.85714286e+001 1.00000000e+001 5.79592813e-006 1.24541858e-005 1.20042379e-005 1.17563078e-005 1.11473742e-005 1.09042990e-005 1.07904335e-005 9.70575104e-006 8.06388849e-006 
1.75000000e+000 2.62500000e+001 1.00000000e+001 2.45154742e-006 7.25018039e-006 7.84761477e-006 7.90912879e-006 7.95202407e-006 7.91216754e-006 7.88529008e-006 7.39083262e-006 6.38384445e-006 
1.75000000e+000 2.35714286e+001 1.00000000e+001 9.96781396e-007 4.17760586e-006 5.11252899e-006 5.31128839e-006 5.68426656e-006 5.75991615e-006 5.78422174e-006 5.66705627e-006 5.10470510e-006 
1.75000000e+000 2.05357143e+001 1.00000000e+001 3.84282200e-007 2.36914135e-006 3.31765610e-006 3.56552994e-006 4.09305734e-006 4.23314753e-006 4.28735210e-006 4.41313389e-006 4.16533568e-006 
1.75000000e+000 1.71428571e+001 1.00000000e+001 1.40319530e-007 1.34503550e-006 2.20685768e-006 2.46705170e-006 3.06609585e-006 3.24350156e-006 3.31589469e-006 3.60160580e-006 3.57647590e-006 
1.75000000e+000 1.33928571e+001 1.00000000e+001 5.01894857e-008 8.01783092e-007 1.57086982e-006 1.83142895e-006 2.47080870e-006 2.67415787e-006 2.75968986e-006 3.16372460e-006 3.31000216e-006 
1.75000000e+000 9.28571429e+000 1.00000000e+001 1.75984925e-008 5.03725923e-007 1.19508520e-006 1.45443236e-006 2.12684561e-006 2.35231259e-006 2.44910944e-006 2.95149169e-006 3.23926525e-006 
1.75000000e+000 4.82142857e+000 1.00000000e+001 6.67344949e-009 3.51122486e-007 9.89655901e-007 1.24821725e-006 1.94572922e-006 2.18777933e-006 2.29299780e-006 2.86677205e-006 3.25558828e-006 
1.75000000e+000 0.00000000e+000 1.00000000e+001 3.97665477e-009 2.90122717e-007 8.82387770e-007 1.12981814e-006 1.80853110e-006 2.04732799e-006 2.15162917e-006 2.73008055e-006 3.14072356e-006 
2.00000000e+000 3.50000000e+001 1.00000000e+001 1.34081950e-004 9.36655693e-005 6.01444259e-005 5.32602079e-005 4.10485609e-005 3.77857087e-005 3.64521800e-005 2.82469285e-005 2.03272855e-005 
2.00000000e+000 3.48214286e+001 1.00000000e+001 1.10013540e-004 8.27129817e-005 5.45470440e-005 4.86212443e-005 3.79772286e-005 3.50946612e-005 3.39111202e-005 2.65287505e-005 1.92673505e-005 
2.00000000e+000 3.42857143e+001 1.00000000e+001 7.27012086e-005 6.33058785e-005 4.40721856e-005 3.98121387e-005 3.19566714e-005 2.97673082e-005 2.88594334e-005 2.30223934e-005 1.70407341e-005 
2.00000000e+000 3.33928571e+001 1.00000000e+001 4.16457655e-005 4.41675244e-005 3.30336641e-005 3.03714351e-005 2.52751535e-005 2.37935938e-005 2.31701100e-005 1.89694837e-005 1.43981646e-005 
2.00000000e+000 3.21428571e+001 1.00000000e+001 2.12131275e-005 2.85738866e-005 2.32930931e-005 2.18751529e-005 1.90155208e-005 1.81310280e-005 1.77505656e-005 1.49953036e-005 1.17315411e-005 
2.00000000e+000 3.05357143e+001 1.00000000e+001 9.73977949e-006 1.73486403e-005 1.56199700e-005 1.50339560e-005 1.37468120e-005 1.33032189e-005 1.31050930e-005 1.14800830e-005 9.29990593e-006 
2.00000000e+000 2.85714286e+001 1.00000000e+001 4.06609700e-006 9.97204749e-006 1.00568891e-005 9.95674003e-006 9.64815195e-006 9.49621598e-006 9.42111352e-006 8.59961110e-006 7.24481172e-006 
2.00000000e+000 2.62500000e+001 1.00000000e+001 1.55060970e-006 5.46204293e-006 6.27492831e-006 6.41470937e-006 6.63457302e-006 6.65446335e-006 6.65390292e-006 6.35688059e-006 5.59142143e-006 
2.00000000e+000 2.35714286e+001 1.00000000e+001 5.61670933e-007 2.94466564e-006 3.88577895e-006 4.10964077e-006 4.55659828e-006 4.66361943e-006 4.70270944e-006 4.71866195e-006 4.34906152e-006 
2.00000000e+000 2.05357143e+001 1.00000000e+001 1.90095106e-007 1.55085954e-006 2.38310348e-006 2.61766440e-006 3.13702638e-006 3.28405279e-006 3.34289133e-006 3.54290288e-006 3.44077822e-006 
2.00000000e+000 1.71428571e+001 1.00000000e+001 5.98643296e-008 8.09303105e-007 1.48537682e-006 1.70455835e-006 2.23092722e-006 2.39500595e-006 2.46349841e-006 2.77341962e-006 2.85411581e-006 
2.00000000e+000 1.33928571e+001 1.00000000e+001 1.80895990e-008 4.36541209e-007 9.78300210e-007 1.17730724e-006 1.69223640e-006 1.86523528e-006 1.93961507e-006 2.32570764e-006 2.54529720e-006 
2.00000000e+000 9.28571429e+000 1.00000000e+001 5.24700655e-009 2.44763209e-007 6.83655041e-007 8.65212655e-007 1.36891894e-006 1.54888679e-006 1.62801757e-006 2.07473608e-006 2.40713380e-006 
2.00000000e+000 4.82142857e+000 1.00000000e+001 1.61453268e-009 1.52761309e-007 5.25553268e-007 6.95142936e-007 1.19152971e-006 1.37664910e-006 1.45925350e-006 1.94870093e-006 2.36044243e-006 
2.00000000e+000 0.00000000e+000 1.00000000e+001 8.40968412e-010 1.19738634e-007 4.53951176e-007 6.12169217e-007 1.08581800e-006 1.26552837e-006 1.34617882e-006 1.83228320e-006 2.25650452e-006 
2.25000000e+000 3.50000000e+001 1.00000000e+001 1.33657452e-004 9.32034040e-005 5.97736847e-005 5.29112302e-005 4.07410572e-005 3.74904988e-005 3.61621850e-005 2.79947938e-005 2.01197592e-005 
2.25000000e+000 3.48214286e+001 1.00000000e+001 1.07549499e-004 8.12936651e-005 5.36835060e-005 4.78634164e-005 3.73988874e-005 3.45622395e-005 3.33971928e-005 2.61256979e-005 1.89675170e-005 
2.25000000e+000 3.42857143e+001 1.00000000e+001 6.83605630e-005 6.06927088e-005 4.25266055e-005 3.84739106e-005 3.09733764e-005 2.88747776e-005 2.80033863e-005 2.23799916e-005 1.65891472e-005 
2.25000000e+000 3.33928571e+001 1.00000000e+001 3.71430845e-005 4.09615619e-005 3.10500602e-005 2.86394832e-005 2.39868174e-005 2.26217935e-005 2.20455416e-005 1.81259206e-005 1.38107322e-005 
2.25000000e+000 3.21428571e+001 1.00000000e+001 1.77187936e-005 2.54490494e-005 2.12106988e-005 2.00258895e-005 1.75947792e-005 1.68275608e-005 1.64952674e-005 1.40362461e-005 1.10552997e-005 
2.25000000e+000 3.05357143e+001 1.00000000e+001 7.52582463e-006 1.47388941e-005 1.37106072e-005 1.33002109e-005 1.23544400e-005 1.20096612e-005 1.18528841e-005 1.04952158e-005 8.58815024e-006 
2.25000000e+000 2.85714286e+001 1.00000000e+001 2.87046987e-006 8.02790071e-006 8.46839414e-006 8.47507161e-006 8.39180568e-006 8.31069341e-006 8.26604581e-006 7.65700007e-006 6.54079884e-006 
2.25000000e+000 2.62500000e+001 1.00000000e+001 9.87317244e-007 4.13936768e-006 5.04575027e-006 5.23176758e-006 5.56602264e-006 5.62762266e-006 5.64584801e-006 5.49776509e-006 4.92403340e-006 
2.25000000e+000 2.35714286e+001 1.00000000e+001 3.18580863e-007 2.08841177e-006 2.97123835e-006 3.19907073e-006 3.67483849e-006 3.79898403e-006 3.84672355e-006 3.95290299e-006 3.72721280e-006 
2.25000000e+000 2.05357143e+001 1.00000000e+001 9.46145262e-008 1.02151764e-006 1.72283512e-006 1.93432781e-006 2.42037895e-006 2.56484836e-006 2.62398752e-006 2.86312059e-006 2.86004408e-006 
2.25000000e+000 1.71428571e+001 1.00000000e+001 2.56874192e-008 4.90098502e-007 1.00687381e-006 1.18625842e-006 1.63514288e-006 1.78134390e-006 1.84347668e-006 2.15031300e-006 2.29159021e-006 
2.25000000e+000 1.33928571e+001 1.00000000e+001 6.56195933e-009 2.39530326e-007 6.14193208e-007 7.62864906e-007 1.16762223e-006 1.31034979e-006 1.37285595e-006 1.72022838e-006 1.96719193e-006 
2.25000000e+000 9.28571429e+000 1.00000000e+001 1.57759156e-009 1.19976222e-007 3.94006513e-007 5.18272256e-007 8.86109734e-007 1.02527352e-006 1.08775671e-006 1.46440882e-006 1.79429303e-006 
2.25000000e+000 4.82142857e+000 1.00000000e+001 3.94189440e-010 6.68041471e-008 2.80027352e-007 3.88264088e-007 7.31227595e-007 8.67913193e-007 9.30366166e-007 1.32644538e-006 1.71306827e-006 
2.25000000e+000 0.00000000e+000 1.00000000e+001 1.77864929e-010 4.94200663e-008 2.33543797e-007 3.31697808e-007 6.51919339e-007 7.82278704e-007 8.42253841e-007 1.22974010e-006 1.62123209e-006 
2.50000000e+000 3.50000000e+001 1.00000000e+001 1.33311551e-004 9.28281628e-005 5.94723502e-005 5.26274388e-005 4.04907189e-005 3.72501068e-005 3.59260175e-005 2.77893698e-005 1.99504855e-005 
2.50000000e+000 3.48214286e+001 1.00000000e+001 1.05249826e-004 7.99941522e-005 5.29047525e-005 4.71831977e-005 3.68854712e-005 3.40913089e-005 3.29433440e-005 2.57733760e-005 1.87082793e-005 
2.50000000e+000 3.42857143e+001 1.00000000e+001 6.44034235e-005 5.82916549e-005 4.11099595e-005 3.72490986e-005 3.00774912e-005 2.80630877e-005 2.72255446e-005 2.17999546e-005 1.61848825e-005 
2.50000000e+000 3.33928571e+001 1.00000000e+001 3.32236283e-005 3.80830100e-005 2.92555678e-005 2.70707190e-005 2.28183632e-005 2.15590825e-005 2.10257620e-005 1.73622339e-005 1.32809973e-005 
2.50000000e+000 3.21428571e+001 1.00000000e+001 1.48564346e-005 2.27384455e-005 1.93724378e-005 1.83872312e-005 1.63273776e-005 1.56629281e-005 1.53730005e-005 1.31766351e-005 1.04488834e-005 
2.50000000e+000 3.05357143e+001 1.00000000e+001 5.84161218e-006 1.25698566e-005 1.20776624e-005 1.18077537e-005 1.11409882e-005 1.08786691e-005 1.07566288e-005 9.62723064e-006 7.95789646e-006 
2.50000000e+000 2.85714286e+001 1.00000000e+001 2.03674233e-006 6.49113786e-006 7.15993618e-006 7.24285889e-006 7.32751590e-006 7.30136960e-006 7.28065823e-006 6.84398942e-006 5.92805422e-006 
2.50000000e+000 2.62500000e+001 1.00000000e+001 6.32035638e-007 3.15198749e-006 4.07558768e-006 4.28588184e-006 4.68983781e-006 4.77982932e-006 4.81122982e-006 4.77534622e-006 4.35510988e-006 
2.50000000e+000 2.35714286e+001 1.00000000e+001 1.81651502e-007 1.48841695e-006 2.28271093e-006 2.50200054e-006 2.97768994e-006 3.10929220e-006 3.16145240e-006 3.32725258e-006 3.20950040e-006 
2.50000000e+000 2.05357143e+001 1.00000000e+001 4.73217610e-008 6.76116229e-007 1.25165771e-006 1.43651980e-006 1.87706993e-006 2.01356051e-006 2.07042775e-006 2.32594965e-006 2.38954429e-006 
2.50000000e+000 1.71428571e+001 1.00000000e+001 1.10728264e-008 2.98245769e-007 6.86186141e-007 8.30110379e-007 1.20533557e-006 1.33253967e-006 1.38744067e-006 1.67657722e-006 1.84952105e-006 
2.50000000e+000 1.33928571e+001 1.00000000e+001 2.39226732e-009 1.32203385e-007 3.88049298e-007 4.97465778e-007 8.10605570e-007 9.26072736e-007 9.77479317e-007 1.27921117e-006 1.52730958e-006 
2.50000000e+000 9.28571429e+000 1.00000000e+001 4.77371646e-010 5.92266624e-008 2.28525796e-007 3.12325762e-007 5.76517656e-007 6.81928250e-007 7.30170160e-007 1.03755812e-006 1.34138664e-006 
2.50000000e+000 4.82142857e+000 1.00000000e+001 9.69801382e-011 2.93530781e-008 1.49679868e-007 2.17467589e-007 4.49672306e-007 5.48199605e-007 5.94225503e-007 9.04093689e-007 1.24442014e-006 
2.50000000e+000 0.00000000e+000 1.00000000e+001 3.76226461e-011 2.03980530e-008 1.20153664e-007 1.79730530e-007 3.91414086e-007 4.83566582e-007 5.26972742e-007 8.25349061e-007 1.16481420e-006 
0.00000000e+000 3.50000000e+001 2.00000000e+001 2.52622086e-004 1.70183785e-004 1.07124319e-004 9.42414894e-005 7.14076334e-005 6.53306800e-005 6.28533528e-005 4.78427501e-005 3.37681719e-005 
0.00000000e+000 3.48214286e+001 2.00000000e+001 2.50415352e-004 1.68730822e-004 1.06215906e-004 9.34437747e-005 7.08057602e-005 6.47807731e-005 6.23245956e-005 4.74414152e-005 3.34848679e-005 
0.00000000e+000 3.42857143e+001 2.00000000e+001 2.44213132e-004 1.64676576e-004 1.03687364e-004 9.12249207e-005 6.91343367e-005 6.32544573e-005 6.08573186e-005 4.63292628e-005 3.27007886e-005 
0.00000000e+000 3.33928571e+001 2.00000000e+001 2.34450325e-004 1.58280715e-004 9.97019097e-005 8.77287542e-005 6.65031023e-005 6.08524958e-005 5.85486344e-005 4.45811941e-005 3.14694948e-005 
0.00000000e+000 3.21428571e+001 2.00000000e+001 2.21530283e-004 1.49826268e-004 9.44354567e-005 8.31096011e-005 6.30287650e-005 5.76818317e-005 5.55015439e-005 4.22764363e-005 2.98473710e-005 
0.00000000e+000 3.05357143e+001 2.00000000e+001 2.06348883e-004 1.39893471e-004 8.82542624e-005 7.76904782e-005 5.89584050e-005 5.39695260e-005 5.19349551e-005 3.95840801e-005 2.79553739e-005 
0.00000000e+000 2.85714286e+001 2.00000000e+001 1.90018105e-004 1.29209146e-004 8.16179210e-005 7.18768238e-005 5.46020235e-005 5.00002582e-005 4.81232201e-005 3.67151817e-005 2.59438793e-005 
0.00000000e+000 2.62500000e+001 2.00000000e+001 1.72977832e-004 1.18053868e-004 7.46997067e-005 6.58208754e-005 5.00765562e-005 4.58819152e-005 4.41705261e-005 3.37506324e-005 2.38701707e-005 
0.00000000e+000 2.35714286e+001 2.00000000e+001 1.56074287e-004 1.06971364e-004 6.78356712e-005 5.98183535e-005 4.56096548e-005 4.18243986e-005 4.02794942e-005 3.08473467e-005 2.18457988e-005 
0.00000000e+000 2.05357143e+001 2.00000000e+001 1.39878874e-004 9.63149388e-005 6.12426257e-005 5.40618660e-005 4.13556325e-005 3.79717773e-005 3.65898602e-005 2.81156445e-005 1.99492647e-005 
0.00000000e+000 1.71428571e+001 2.00000000e+001 1.24903416e-004 8.64098396e-005 5.51329875e-005 4.87455285e-005 3.74771340e-005 3.44765652e-005 3.32496399e-005 2.56715326e-005 1.82620078e-005 
0.00000000e+000 1.33928571e+001 2.00000000e+001 1.11786454e-004 7.76646051e-005 4.98073961e-005 4.41493025e-005 3.42033271e-005 3.15499820e-005 3.04622559e-005 2.36679447e-005 1.68897322e-005 
0.00000000e+000 9.28571429e+000 2.00000000e+001 1.00770085e-004 7.01758465e-005 4.53048229e-005 4.02968530e-005 3.15224637e-005 2.91711169e-005 2.82034073e-005 2.20687956e-005 1.57995447e-005 
0.00000000e+000 4.82142857e+000 2.00000000e+001 9.20540587e-005 6.40359405e-005 4.15227670e-005 3.70353242e-005 2.92147227e-005 2.71128085e-005 2.62446457e-005 2.06635802e-005 1.48303353e-005 
0.00000000e+000 0.00000000e+000 2.00000000e+001 8.28493226e-005 5.77572024e-005 3.75279891e-005 3.35224057e-005 2.65844387e-005 2.47209250e-005 2.39497910e-005 1.89446806e-005 1.36241527e-005 
2.50000000e-001 3.50000000e+001 2.00000000e+001 1.98825866e-004 1.41932499e-004 9.19306376e-005 8.14936507e-005 6.27647488e-005 5.77115186e-005 5.56419438e-005 4.29199932e-005 3.07444171e-005 
2.50000000e-001 3.48214286e+001 2.00000000e+001 1.91611084e-004 1.38488507e-004 9.00703467e-005 7.99219753e-005 6.16724922e-005 5.67380940e-005 5.47157826e-005 4.22607271e-005 3.03096740e-005 
2.50000000e-001 3.42857143e+001 2.00000000e+001 1.75547803e-004 1.30402270e-004 8.55961752e-005 7.61175543e-005 5.89917324e-005 5.43388638e-005 5.24289408e-005 4.06148626e-005 2.92113276e-005 
2.50000000e-001 3.33928571e+001 2.00000000e+001 1.54764586e-004 1.19363754e-004 7.93477667e-005 7.07727662e-005 5.51778900e-005 5.09126521e-005 4.91580219e-005 3.82379889e-005 2.76087372e-005 
2.50000000e-001 3.21428571e+001 2.00000000e+001 1.31985753e-004 1.06551588e-004 7.19252613e-005 6.43859793e-005 5.05643358e-005 4.67531327e-005 4.51810822e-005 3.53222950e-005 2.56242894e-005 
2.50000000e-001 3.05357143e+001 2.00000000e+001 1.09525869e-004 9.31749195e-005 6.40054219e-005 5.75345015e-005 4.55613016e-005 4.22286829e-005 4.08497813e-005 3.21235525e-005 2.34302711e-005 
2.50000000e-001 2.85714286e+001 2.00000000e+001 8.89424343e-005 8.01981665e-005 5.61671843e-005 5.07214789e-005 4.05410203e-005 3.76776566e-005 3.64887883e-005 2.88852008e-005 2.11959729e-005 
2.50000000e-001 2.62500000e+001 2.00000000e+001 7.08669104e-005 6.80669582e-005 4.86771691e-005 4.41774835e-005 3.56723054e-005 3.32530671e-005 3.22447362e-005 2.57160164e-005 1.89954889e-005 
2.50000000e-001 2.35714286e+001 2.00000000e+001 5.57210193e-005 5.72347255e-005 4.18419655e-005 3.81764155e-005 3.11705076e-005 2.91542896e-005 2.83103834e-005 2.27665503e-005 1.69368972e-005 
2.50000000e-001 2.05357143e+001 2.00000000e+001 4.35046194e-005 4.78968202e-005 3.58164266e-005 3.28620880e-005 2.71589380e-005 2.54982279e-005 2.47998067e-005 2.01299706e-005 1.50888318e-005 
2.50000000e-001 1.71428571e+001 2.00000000e+001 3.39532453e-005 4.00807579e-005 3.06665326e-005 2.83067188e-005 2.37173159e-005 2.23642575e-005 2.17918336e-005 1.78757548e-005 1.35051236e-005 
2.50000000e-001 1.33928571e+001 2.00000000e+001 2.68274345e-005 3.38422252e-005 2.65053993e-005 2.46310946e-005 2.09663495e-005 1.98687458e-005 1.94005371e-005 1.60983270e-005 1.22571479e-005 
2.50000000e-001 9.28571429e+000 2.00000000e+001 2.18272432e-005 2.90964596e-005 2.33011825e-005 2.18060334e-005 1.88708787e-005 1.79739135e-005 1.75871662e-005 1.47574732e-005 1.13117295e-005 
2.50000000e-001 4.82142857e+000 2.00000000e+001 1.86475036e-005 2.57338890e-005 2.09246510e-005 1.96840559e-005 1.72549431e-005 1.65008408e-005 1.61725023e-005 1.36880486e-005 1.05389998e-005 
2.50000000e-001 0.00000000e+000 2.00000000e+001 1.63747840e-005 2.29416508e-005 1.87675334e-005 1.76981559e-005 1.56243802e-005 1.49780486e-005 1.46951643e-005 1.25072224e-005 9.65630047e-006 
5.00000000e-001 3.50000000e+001 2.00000000e+001 1.87372558e-004 1.31887998e-004 8.52554316e-005 7.55871131e-005 5.82964845e-005 5.36431837e-005 5.17386641e-005 4.00299741e-005 2.88149018e-005 
5.00000000e-001 3.48214286e+001 2.00000000e+001 1.75889042e-004 1.26653354e-004 8.25190611e-005 7.32989293e-005 5.67447540e-005 5.22715337e-005 5.04382782e-005 3.91256695e-005 2.82349865e-005 
5.00000000e-001 3.42857143e+001 2.00000000e+001 1.52272661e-004 1.15168077e-004 7.63398211e-005 6.80915428e-005 5.31532416e-005 4.90801523e-005 4.74059251e-005 3.69874204e-005 2.68425451e-005 
5.00000000e-001 3.33928571e+001 2.00000000e+001 1.24275526e-004 1.00520381e-004 6.82188069e-005 6.11938500e-005 4.83157100e-005 4.47596868e-005 4.32918903e-005 3.40479384e-005 2.49007944e-005 
5.00000000e-001 3.21428571e+001 2.00000000e+001 9.64917064e-005 8.47098848e-005 5.91580831e-005 5.34325207e-005 4.27750766e-005 3.97850645e-005 3.85444018e-005 3.06101265e-005 2.25972714e-005 
5.00000000e-001 3.05357143e+001 2.00000000e+001 7.18568379e-005 6.93625948e-005 5.00625226e-005 4.55760392e-005 3.70699152e-005 3.46372634e-005 3.36214609e-005 2.70013773e-005 2.01479707e-005 
5.00000000e-001 2.85714286e+001 2.00000000e+001 5.16882400e-005 5.55174386e-005 4.15735110e-005 3.81831904e-005 3.16133533e-005 2.96911978e-005 2.88825057e-005 2.34893263e-005 1.77373167e-005 
5.00000000e-001 2.62500000e+001 2.00000000e+001 3.60434811e-005 4.35605833e-005 3.39635119e-005 3.14961745e-005 2.65900186e-005 2.51155168e-005 2.44896012e-005 2.01956297e-005 1.54488047e-005 
5.00000000e-001 2.35714286e+001 2.00000000e+001 2.45237891e-005 3.37049245e-005 2.74467881e-005 2.57184602e-005 2.21760714e-005 2.10769647e-005 2.06053521e-005 1.72530692e-005 1.33813462e-005 
5.00000000e-001 2.05357143e+001 2.00000000e+001 1.64029806e-005 2.58836338e-005 2.20677531e-005 2.09070400e-005 1.84427031e-005 1.76479877e-005 1.73023334e-005 1.47288476e-005 1.15892853e-005 
5.00000000e-001 1.71428571e+001 2.00000000e+001 1.08739697e-005 1.98625697e-005 1.77616704e-005 1.70254188e-005 1.53961158e-005 1.48431960e-005 1.45981193e-005 1.26511399e-005 1.01016911e-005 
5.00000000e-001 1.33928571e+001 2.00000000e+001 7.26985080e-006 1.54326622e-005 1.44918161e-005 1.40660469e-005 1.30677662e-005 1.27003267e-005 1.25324702e-005 1.10646404e-005 8.96005615e-006 
5.00000000e-001 9.28571429e+000 2.00000000e+001 5.06354947e-006 1.23559511e-005 1.21515398e-005 1.19409309e-005 1.13918124e-005 1.11576246e-005 1.10452100e-005 9.91960031e-006 8.12770271e-006 
5.00000000e-001 4.82142857e+000 2.00000000e+001 3.85641122e-006 1.04127257e-005 1.05858264e-005 1.04968245e-005 1.02148860e-005 1.00631916e-005 9.98545644e-006 9.08024678e-006 7.49678593e-006 
5.00000000e-001 0.00000000e+000 2.00000000e+001 3.23828145e-006 9.11433126e-006 9.38653616e-006 9.34458852e-006 9.18343737e-006 9.07548537e-006 9.01716582e-006 8.25754462e-006 6.84421011e-006 
7.50000000e-001 3.50000000e+001 2.00000000e+001 1.82932789e-004 1.27329905e-004 8.18724177e-005 7.24952951e-005 5.57820284e-005 5.13009840e-005 4.94693865e-005 3.82441365e-005 2.75401853e-005 
7.50000000e-001 3.48214286e+001 2.00000000e+001 1.67617155e-004 1.20451514e-004 7.83217279e-005 6.95387061e-005 5.37981901e-005 4.95538680e-005 4.78157755e-005 3.71069458e-005 2.68212370e-005 
7.50000000e-001 3.42857143e+001 2.00000000e+001 1.37832664e-004 1.06031303e-004 7.06322832e-005 6.30801179e-005 4.93823024e-005 4.56421947e-005 4.41042250e-005 3.45147403e-005 2.51541587e-005 
7.50000000e-001 3.33928571e+001 2.00000000e+001 1.04853712e-004 8.85403611e-005 6.09604721e-005 5.48799814e-005 4.36632724e-005 4.05456446e-005 3.92560715e-005 3.10755958e-005 2.29049650e-005 
7.50000000e-001 3.21428571e+001 2.00000000e+001 7.46949130e-005 7.07056606e-005 5.06790381e-005 4.60704582e-005 3.73823726e-005 3.49115314e-005 3.38817061e-005 2.71990926e-005 2.03246063e-005 
7.50000000e-001 3.05357143e+001 2.00000000e+001 5.03175902e-005 5.44114822e-005 4.08589010e-005 3.75634568e-005 3.11797958e-005 2.93112626e-005 2.85250262e-005 2.32723697e-005 1.76666337e-005 
7.50000000e-001 2.85714286e+001 2.00000000e+001 3.23143847e-005 4.06253869e-005 3.21486302e-005 2.99316874e-005 2.54875121e-005 2.41384110e-005 2.35638945e-005 1.95783973e-005 1.51264002e-005 
7.50000000e-001 2.62500000e+001 2.00000000e+001 1.98678134e-005 2.95304375e-005 2.47633512e-005 2.33794470e-005 2.04776368e-005 1.95537195e-005 1.91540961e-005 1.62391711e-005 1.27903833e-005 
7.50000000e-001 2.35714286e+001 2.00000000e+001 1.17720419e-005 2.10317877e-005 1.87884979e-005 1.80100401e-005 1.62690434e-005 1.56760359e-005 1.54139193e-005 1.33612408e-005 1.07438431e-005 
7.50000000e-001 2.05357143e+001 2.00000000e+001 6.77191995e-006 1.47832843e-005 1.41382760e-005 1.37762102e-005 1.28691148e-005 1.25233125e-005 1.23650644e-005 1.09800325e-005 9.02361104e-006 
7.50000000e-001 1.71428571e+001 2.00000000e+001 3.81097143e-006 1.03362406e-005 1.06308373e-005 1.05429744e-005 1.02167418e-005 1.00507715e-005 9.96890384e-006 9.08565618e-006 7.63576369e-006 
7.50000000e-001 1.33928571e+001 2.00000000e+001 2.13470115e-006 7.30620359e-006 8.11416126e-006 8.20161672e-006 8.27002493e-006 8.23078154e-006 8.20312495e-006 7.68009754e-006 6.59545036e-006 
7.50000000e-001 9.28571429e+000 2.00000000e+001 1.24117137e-006 5.36236230e-006 6.42023449e-006 6.61286074e-006 6.93238630e-006 6.97633003e-006 6.98445125e-006 6.70141190e-006 5.86043556e-006 
7.50000000e-001 4.82142857e+000 2.00000000e+001 8.13183915e-007 4.24155821e-006 5.37599505e-006 5.61598728e-006 6.06110152e-006 6.14971949e-006 6.17739463e-006 6.03211685e-006 5.33796774e-006 
7.50000000e-001 0.00000000e+000 2.00000000e+001 6.40774619e-007 3.62164989e-006 4.69515254e-006 4.93436896e-006 5.39802465e-006 5.49931451e-006 5.53335488e-006 5.45201991e-006 4.85117762e-006 
1.00000000e+000 3.50000000e+001 2.00000000e+001 1.80586172e-004 1.24817459e-004 7.99187379e-005 7.06800682e-005 5.42432936e-005 4.98469890e-005 4.80517170e-005 3.70808380e-005 2.66669985e-005 
1.00000000e+000 3.48214286e+001 2.00000000e+001 1.61737176e-004 1.16402156e-004 7.56012823e-005 6.70927914e-005 5.18497326e-005 4.77432801e-005 4.60623978e-005 3.57212814e-005 2.58145528e-005 
1.00000000e+000 3.42857143e+001 2.00000000e+001 1.26733503e-004 9.93865326e-005 6.65522723e-005 5.95023748e-005 4.66801974e-005 4.31709225e-005 4.17269657e-005 3.27083211e-005 2.38903128e-005 
1.00000000e+000 3.33928571e+001 2.00000000e+001 9.02321989e-005 7.96063267e-005 5.55782277e-005 5.01970765e-005 4.01967360e-005 3.73969486e-005 3.62362455e-005 2.88243980e-005 2.13624743e-005 
1.00000000e+000 3.21428571e+001 2.00000000e+001 5.92362022e-005 6.04194734e-005 4.43890752e-005 4.05897619e-005 3.33263825e-005 3.12309573e-005 3.03536154e-005 2.45809640e-005 1.85432298e-005 
1.00000000e+000 3.05357143e+001 2.00000000e+001 3.62578792e-005 4.38318974e-005 3.41685495e-005 3.16949264e-005 2.67882261e-005 2.53159544e-005 2.46915108e-005 2.04148282e-005 1.57184469e-005 
1.00000000e+000 2.85714286e+001 2.00000000e+001 2.08801329e-005 3.06205693e-005 2.55234411e-005 2.40615508e-005 2.10124045e-005 2.00472003e-005 1.96306510e-005 1.66156158e-005 1.30901716e-005 
1.00000000e+000 2.62500000e+001 2.00000000e+001 1.13673935e-005 2.06779349e-005 1.85667124e-005 1.78197885e-005 1.61365507e-005 1.55589741e-005 1.53033124e-005 1.32953215e-005 1.07423765e-005 
1.00000000e+000 2.35714286e+001 2.00000000e+001 5.89002561e-006 1.35860763e-005 1.32369400e-005 1.29566771e-005 1.22109202e-005 1.19123268e-005 1.17741521e-005 1.05282508e-005 8.74325063e-006 
1.00000000e+000 2.05357143e+001 2.00000000e+001 2.92568400e-006 8.74984616e-006 9.31758911e-006 9.31774839e-006 9.17469709e-006 9.06646447e-006 9.00984300e-006 8.31485324e-006 7.11001452e-006 
1.00000000e+000 1.71428571e+001 2.00000000e+001 1.40257004e-006 5.56788254e-006 6.52857254e-006 6.68316071e-006 6.90646777e-006 6.92295317e-006 6.92081415e-006 6.61013380e-006 5.82721162e-006 
1.00000000e+000 1.33928571e+001 2.00000000e+001 6.58913152e-007 3.56265766e-006 4.63638288e-006 4.86942116e-006 5.30599556e-006 5.40121709e-006 5.43410562e-006 5.37979461e-006 4.88682200e-006 
1.00000000e+000 9.28571429e+000 2.00000000e+001 3.17134581e-007 2.37236584e-006 3.43327630e-006 3.70088501e-006 4.25098747e-006 4.39206085e-006 4.44572546e-006 4.54941667e-006 4.24011126e-006 
1.00000000e+000 4.82142857e+000 2.00000000e+001 1.74553487e-007 1.73895906e-006 2.74047105e-006 3.01434508e-006 3.60457780e-006 3.76577295e-006 3.82895100e-006 4.01284578e-006 3.80451374e-006 
1.00000000e+000 0.00000000e+000 2.00000000e+001 1.26866461e-007 1.43936022e-006 2.34876827e-006 2.60580712e-006 3.17315687e-006 3.33250868e-006 3.39570391e-006 3.59981649e-006 3.43860495e-006 
1.25000000e+000 3.50000000e+001 2.00000000e+001 1.79129714e-004 1.23235185e-004 7.86657458e-005 6.95071600e-005 5.32278241e-005 4.88796682e-005 4.71050763e-005 3.62834052e-005 2.60468200e-005 
1.25000000e+000 3.48214286e+001 2.00000000e+001 1.56975291e-004 1.13365629e-004 7.36191093e-005 6.53192643e-005 5.04428081e-005 4.64348999e-005 4.47945215e-005 3.47104036e-005 2.50657260e-005 
1.25000000e+000 3.42857143e+001 2.00000000e+001 1.17471418e-004 9.40180784e-005 6.33301126e-005 5.66925945e-005 4.45775529e-005 4.12510785e-005 3.98810522e-005 3.13048961e-005 2.28996366e-005 
1.25000000e+000 3.33928571e+001 2.00000000e+001 7.84918192e-005 7.23692931e-005 5.12491207e-005 4.64388767e-005 3.74252845e-005 3.48810416e-005 3.38235817e-005 2.70229270e-005 2.01185093e-005 
1.25000000e+000 3.21428571e+001 2.00000000e+001 4.76216014e-005 5.23122658e-005 3.93892161e-005 3.62263318e-005 3.00856960e-005 2.82860962e-005 2.75288404e-005 2.24726694e-005 1.70933867e-005 
1.25000000e+000 3.05357143e+001 2.00000000e+001 2.65591355e-005 3.58533614e-005 2.89988288e-005 2.71350929e-005 2.33362616e-005 2.21638749e-005 2.16621690e-005 1.81315740e-005 1.41377825e-005 
1.25000000e+000 2.85714286e+001 2.00000000e+001 1.37513122e-005 2.34860751e-005 2.06009999e-005 1.96574865e-005 1.75865143e-005 1.68957526e-005 1.65927959e-005 1.42877162e-005 1.14563301e-005 
1.25000000e+000 2.62500000e+001 2.00000000e+001 6.64540959e-006 1.47656359e-005 1.41757611e-005 1.38235916e-005 1.29227265e-005 1.25750270e-005 1.24159106e-005 1.10346028e-005 9.12582766e-006 
1.25000000e+000 2.35714286e+001 2.00000000e+001 3.01824966e-006 8.96808378e-006 9.50958425e-006 9.49772131e-006 9.32022245e-006 9.19909006e-006 9.13689550e-006 8.41021691e-006 7.19485789e-006 
1.25000000e+000 2.05357143e+001 2.00000000e+001 1.29753245e-006 5.30082173e-006 6.26608668e-006 6.42430008e-006 6.65066524e-006 6.66828485e-006 6.66702399e-006 6.37886734e-006 5.65987448e-006 
1.25000000e+000 1.71428571e+001 2.00000000e+001 5.31220480e-007 3.07249186e-006 4.08915437e-006 4.31496737e-006 4.74063567e-006 4.83720161e-006 4.87186034e-006 4.86367642e-006 4.48536241e-006 
1.25000000e+000 1.33928571e+001 2.00000000e+001 2.09850626e-007 1.77711568e-006 2.69442478e-006 2.93582817e-006 3.44576539e-006 3.58412254e-006 3.63866867e-006 3.80020852e-006 3.64315407e-006 
1.25000000e+000 9.28571429e+000 2.00000000e+001 8.35233772e-008 1.06711782e-006 1.85623605e-006 2.09133846e-006 2.62553274e-006 2.78313860e-006 2.84745947e-006 3.10297331e-006 3.07797977e-006 
1.25000000e+000 4.82142857e+000 2.00000000e+001 3.80715439e-008 7.17360314e-007 1.40210700e-006 1.62303091e-006 2.14845354e-006 2.31057077e-006 2.37782305e-006 2.67324854e-006 2.71419757e-006 
1.25000000e+000 0.00000000e+000 2.00000000e+001 2.51326392e-008 5.72155074e-007 1.17510499e-006 1.37623327e-006 1.86541411e-006 2.01956584e-006 2.08398165e-006 2.37694806e-006 2.43741033e-006 
1.50000000e+000 3.50000000e+001 2.00000000e+001 1.78133726e-004 1.22146670e-004 7.77967841e-005 6.86910110e-005 5.25140026e-005 4.81968252e-005 4.64355027e-005 3.57106996e-005 2.55908099e-005 
1.50000000e+000 3.48214286e+001 2.00000000e+001 1.52858596e-004 1.10890230e-004 7.20518108e-005 6.39272557e-005 4.93527360e-005 4.54239842e-005 4.38158374e-005 3.39318452e-005 2.44852899e-005 
1.50000000e+000 3.42857143e+001 2.00000000e+001 1.09430478e-004 8.94254362e-005 6.06212092e-005 5.43432672e-005 4.28401421e-005 3.96699919e-005 3.83628710e-005 3.01578689e-005 2.20907105e-005 
1.50000000e+000 3.33928571e+001 2.00000000e+001 6.87563647e-005 6.62416320e-005 4.75914118e-005 4.32688860e-005 3.50983036e-005 3.27717123e-005 3.18020191e-005 2.55176526e-005 1.90784344e-005 
1.50000000e+000 3.21428571e+001 2.00000000e+001 3.86295730e-005 4.56727396e-005 3.52446840e-005 3.26022712e-005 2.73862968e-005 2.58314026e-005 2.51735471e-005 2.07107793e-005 1.58758461e-005 
1.50000000e+000 3.05357143e+001 2.00000000e+001 1.96678951e-005 2.96185806e-005 2.48500899e-005 2.34551663e-005 2.05209655e-005 1.95855788e-005 1.91811988e-005 1.62469816e-005 1.28198047e-005 
1.50000000e+000 2.85714286e+001 2.00000000e+001 9.17182048e-006 1.82206618e-005 1.68119057e-005 1.62351189e-005 1.48745045e-005 1.43876917e-005 1.41697179e-005 1.24051596e-005 1.01136241e-005 
1.50000000e+000 2.62500000e+001 2.00000000e+001 3.94079309e-006 1.06808329e-005 1.09576252e-005 1.08544820e-005 1.04691251e-005 1.02788756e-005 1.01866522e-005 9.25341035e-006 7.82296519e-006 
1.50000000e+000 2.35714286e+001 2.00000000e+001 1.57119221e-006 6.00561776e-006 6.92536232e-006 7.05534450e-006 7.20268454e-006 7.19007479e-006 7.17527510e-006 6.79083911e-006 5.97499086e-006 
1.50000000e+000 2.05357143e+001 2.00000000e+001 5.85379478e-007 3.26253302e-006 4.27597307e-006 4.49242761e-006 4.88334836e-006 4.96547024e-006 4.99369527e-006 4.94596088e-006 4.54498473e-006 
1.50000000e+000 1.71428571e+001 2.00000000e+001 2.04970399e-007 1.72460636e-006 2.59999947e-006 2.82606305e-006 3.29478975e-006 3.42003795e-006 3.46932013e-006 3.61356664e-006 3.47896883e-006 
1.50000000e+000 1.33928571e+001 2.00000000e+001 6.82217236e-008 9.01889663e-007 1.58778260e-006 1.79297892e-006 2.26144206e-006 2.40180535e-006 2.45971838e-006 2.70493500e-006 2.73155012e-006 
1.50000000e+000 9.28571429e+000 2.00000000e+001 2.24848402e-008 4.86806238e-007 1.01353116e-006 1.19224350e-006 1.63249876e-006 1.77439801e-006 1.83449173e-006 2.12588490e-006 2.24153799e-006 
1.50000000e+000 4.82142857e+000 2.00000000e+001 8.42124980e-009 2.97670049e-007 7.19908925e-007 8.76578769e-007 1.28335709e-006 1.42048174e-006 1.47941761e-006 1.78329333e-006 1.93820193e-006 
1.50000000e+000 0.00000000e+000 2.00000000e+001 4.98170356e-009 2.27477824e-007 5.87975356e-007 7.26910437e-007 1.09669526e-006 1.22396415e-006 1.27902995e-006 1.56955088e-006 1.72777127e-006 
1.75000000e+000 3.50000000e+001 2.00000000e+001 1.77406699e-004 1.21350929e-004 7.71587297e-005 6.80907035e-005 5.19862683e-005 4.76909037e-005 4.59388983e-005 3.52823338e-005 2.52446324e-005 
1.75000000e+000 3.48214286e+001 2.00000000e+001 1.49166323e-004 1.08764539e-004 7.07415551e-005 6.27720940e-005 4.84617071e-005 4.46010792e-005 4.30204865e-005 3.33041709e-005 2.40183794e-005 
1.75000000e+000 3.42857143e+001 2.00000000e+001 1.02291524e-004 8.53634242e-005 5.82527600e-005 5.22978381e-005 4.13430988e-005 3.83122667e-005 3.70610531e-005 2.91825409e-005 2.14070243e-005 
1.75000000e+000 3.33928571e+001 2.00000000e+001 6.05279863e-005 6.09171871e-005 4.44056756e-005 4.05095287e-005 3.30786063e-005 3.09432360e-005 3.00506299e-005 2.42182901e-005 1.81829713e-005 
1.75000000e+000 3.21428571e+001 2.00000000e+001 3.15387942e-005 4.01091698e-005 3.17181281e-005 2.95100081e-005 2.50733890e-005 2.37263892e-005 2.31531455e-005 1.91970271e-005 1.48273764e-005 
1.75000000e+000 3.05357143e+001 2.00000000e+001 1.46799047e-005 2.46394263e-005 2.14395436e-005 2.04112517e-005 1.81658784e-005 1.74223615e-005 1.70971334e-005 1.46528928e-005 1.16964007e-005 
1.75000000e+000 2.85714286e+001 2.00000000e+001 6.17365416e-006 1.42505980e-005 1.38270726e-005 1.35125761e-005 1.26762582e-005 1.23442106e-005 1.21912510e-005 1.08486088e-005 8.98836152e-006 
1.75000000e+000 2.62500000e+001 2.00000000e+001 2.36110832e-006 7.79721840e-006 8.54504173e-006 8.59772682e-006 8.55348600e-006 8.47254308e-006 8.42741121e-006 7.82128322e-006 6.75443462e-006 
1.75000000e+000 2.35714286e+001 2.00000000e+001 8.27196074e-007 4.06307362e-006 5.09320618e-006 5.29209571e-006 5.61830577e-006 5.67145076e-006 5.68613099e-006 5.52980690e-006 4.99914224e-006 
1.75000000e+000 2.05357143e+001 2.00000000e+001 2.67329856e-007 2.03077469e-006 2.94952089e-006 3.17486624e-006 3.62151497e-006 3.73349673e-006 3.77632293e-006 3.86833733e-006 3.67677890e-006 
1.75000000e+000 1.71428571e+001 2.00000000e+001 8.01276730e-008 9.80060571e-007 1.67225904e-006 1.87162621e-006 2.31315322e-006 2.44164620e-006 2.49420065e-006 2.70711211e-006 2.71662662e-006 
1.75000000e+000 1.33928571e+001 2.00000000e+001 2.24989687e-008 4.63768144e-007 9.46313463e-007 1.10677431e-006 1.49773587e-006 1.62334477e-006 1.67666047e-006 1.93857731e-006 2.05887476e-006 
1.75000000e+000 9.28571429e+000 2.00000000e+001 6.15082624e-009 2.24711635e-007 5.58266212e-007 6.85087351e-007 1.02135121e-006 1.13771390e-006 1.18835881e-006 1.46265050e-006 1.63743752e-006 
1.75000000e+000 4.82142857e+000 2.00000000e+001 1.88562719e-009 1.24204570e-007 3.70902620e-007 4.74836992e-007 7.68241812e-007 8.74956037e-007 9.22142501e-007 1.19122617e-006 1.38537555e-006 
1.75000000e+000 0.00000000e+000 2.00000000e+001 9.88017801e-010 9.04576374e-008 2.94230327e-007 3.83980129e-007 6.44797894e-007 7.41828113e-007 7.85037215e-007 1.03644785e-006 1.22477151e-006 
2.00000000e+000 3.50000000e+001 2.00000000e+001 1.76850460e-004 1.20743006e-004 7.66699597e-005 6.76303591e-005 5.15803796e-005 4.73013316e-005 4.55562849e-005 3.49507482e-005 2.49742346e-005 
2.00000000e+000 3.48214286e+001 2.00000000e+001 1.45779107e-004 1.06876017e-004 6.96032767e-005 6.17751434e-005 4.77037990e-005 4.39041822e-005 4.23481576e-005 3.27790033e-005 2.36305078e-005 
2.00000000e+000 3.42857143e+001 2.00000000e+001 9.58629740e-005 8.16946808e-005 5.61286350e-005 5.04688550e-005 4.00151825e-005 3.71113881e-005 3.59110882e-005 2.83279748e-005 2.08127417e-005 
2.00000000e+000 3.33928571e+001 2.00000000e+001 5.34852667e-005 5.62134438e-005 4.15758984e-005 3.80575791e-005 3.12855465e-005 2.93211514e-005 2.84975216e-005 2.30694565e-005 1.73939751e-005 
2.00000000e+000 3.21428571e+001 2.00000000e+001 2.58770890e-005 3.53768123e-005 2.86653836e-005 2.68239000e-005 2.30528958e-005 2.18852388e-005 2.13851917e-005 1.78696722e-005 1.39065337e-005 
2.00000000e+000 3.05357143e+001 2.00000000e+001 1.10230946e-005 2.06050524e-005 1.85903082e-005 1.78512147e-005 1.61606136e-005 1.55745306e-005 1.53146062e-005 1.32797013e-005 1.07220349e-005 
2.00000000e+000 2.85714286e+001 2.00000000e+001 4.18469292e-006 1.12136579e-005 1.14385270e-005 1.13115855e-005 1.08642243e-005 1.06507805e-005 1.05481248e-005 9.53972142e-006 8.03036546e-006 
2.00000000e+000 2.62500000e+001 2.00000000e+001 1.42577997e-006 5.73148610e-006 6.70774823e-006 6.85480502e-006 7.03321492e-006 7.02811570e-006 7.01623033e-006 6.65144570e-006 5.86541141e-006 
2.00000000e+000 2.35714286e+001 2.00000000e+001 4.39248252e-007 2.76998120e-006 3.77349393e-006 3.99862240e-006 4.41378309e-006 4.50522790e-006 4.53775419e-006 4.53320093e-006 4.20832574e-006 
2.00000000e+000 2.05357143e+001 2.00000000e+001 1.23212078e-007 1.27474294e-006 2.05120370e-006 2.26189004e-006 2.70670434e-006 2.82874324e-006 2.87747419e-006 3.04698982e-006 2.99304021e-006 
2.00000000e+000 1.71428571e+001 2.00000000e+001 3.16315894e-008 5.62122445e-007 1.08516473e-006 1.25038990e-006 1.63732545e-006 1.75706872e-006 1.80728054e-006 2.04235996e-006 2.13391313e-006 
2.00000000e+000 1.33928571e+001 2.00000000e+001 7.49886491e-009 2.40904135e-007 5.69215698e-007 6.89248206e-007 9.99695250e-007 1.10535705e-006 1.15119946e-006 1.39787875e-006 1.55937328e-006 
2.00000000e+000 9.28571429e+000 2.00000000e+001 1.70288304e-009 1.04752503e-007 3.09878921e-007 3.96459027e-007 6.42631439e-007 7.33320842e-007 7.73713045e-007 1.01035941e-006 1.19967847e-006 
2.00000000e+000 4.82142857e+000 2.00000000e+001 4.26678014e-010 5.20946302e-008 1.91720857e-007 2.57954529e-007 4.60844088e-007 5.39948340e-007 5.75816560e-007 7.96790489e-007 9.91156264e-007 
2.00000000e+000 0.00000000e+000 2.00000000e+001 1.96063695e-010 3.59775902e-008 1.47252103e-007 2.02850231e-007 3.79129995e-007 4.49636694e-007 4.81861737e-007 6.84440719e-007 8.68230641e-007 
2.25000000e+000 3.50000000e+001 2.00000000e+001 1.76409545e-004 1.20262752e-004 7.62832421e-005 6.72658675e-005 5.12583688e-005 4.69920357e-005 4.52524092e-005 3.46866755e-005 2.47577120e-005 
2.25000000e+000 3.48214286e+001 2.00000000e+001 1.42625399e-004 1.05158746e-004 6.85871192e-005 6.08901897e-005 4.70397527e-005 4.32961174e-005 4.17625677e-005 3.23264314e-005 2.32994182e-005 
2.25000000e+000 3.42857143e+001 2.00000000e+001 9.00178138e-005 7.83342032e-005 5.41904615e-005 4.88033102e-005 3.88130126e-005 3.60266723e-005 3.48734227e-005 2.75622334e-005 2.02845037e-005 
2.25000000e+000 3.33928571e+001 2.00000000e+001 4.74031858e-005 5.20105457e-005 3.90282870e-005 3.58477754e-005 2.96683839e-005 2.78585324e-005 2.70973309e-005 2.20356553e-005 1.66861800e-005 
2.25000000e+000 3.21428571e+001 2.00000000e+001 2.13153066e-005 3.13089240e-005 2.59910444e-005 2.44613977e-005 2.12635988e-005 2.02521231e-005 1.98160313e-005 1.66881270e-005 1.30853243e-005 
2.25000000e+000 3.05357143e+001 2.00000000e+001 8.31691456e-006 1.73022764e-005 1.61827936e-005 1.56727095e-005 1.44314734e-005 1.39755554e-005 1.37699592e-005 1.20805673e-005 9.86533130e-006 
2.25000000e+000 2.85714286e+001 2.00000000e+001 2.85228546e-006 8.86623030e-006 9.50555746e-006 9.51160040e-006 9.35217356e-006 9.22988484e-006 9.16632226e-006 8.42488454e-006 7.20447522e-006 
2.25000000e+000 2.62500000e+001 2.00000000e+001 8.66332886e-007 4.23586188e-006 5.29261440e-006 5.49304475e-006 5.81202432e-006 5.85887700e-006 5.87027387e-006 5.68402195e-006 5.11703143e-006 
2.25000000e+000 2.35714286e+001 2.00000000e+001 2.34828912e-007 1.89974923e-006 2.81181974e-006 3.03852113e-006 3.48690659e-006 3.59870975e-006 3.64136908e-006 3.73619980e-006 3.56046880e-006 
2.25000000e+000 2.05357143e+001 2.00000000e+001 5.72011741e-008 8.05419139e-007 1.43556253e-006 1.62163606e-006 2.03549448e-006 2.15636967e-006 2.20593245e-006 2.41398659e-006 2.44931647e-006 
2.25000000e+000 1.71428571e+001 2.00000000e+001 1.25829694e-008 3.24723542e-007 7.09128823e-007 8.41159308e-007 1.16669516e-006 1.27271612e-006 1.31804274e-006 1.55005739e-006 1.68487264e-006 
2.25000000e+000 1.33928571e+001 2.00000000e+001 2.51986374e-009 1.26132541e-007 3.44965645e-007 4.32372555e-007 6.71715850e-007 7.57475317e-007 7.95387773e-007 1.01349098e-006 1.18627587e-006 
2.25000000e+000 9.28571429e+000 2.00000000e+001 4.75818455e-010 4.92325028e-008 1.73169607e-007 2.30874152e-007 4.06439359e-007 4.74950994e-007 5.06104789e-007 7.00549818e-007 8.81429099e-007 
2.25000000e+000 4.82142857e+000 2.00000000e+001 9.74212559e-011 2.19556877e-008 9.94131638e-008 1.40520456e-007 2.77006981e-007 3.33820688e-007 3.60189076e-007 5.33656915e-007 7.09769916e-007 
2.25000000e+000 0.00000000e+000 2.00000000e+001 3.89290121e-011 1.43119671e-008 7.37023333e-008 1.07171940e-007 2.22935647e-007 2.72548645e-007 2.95785761e-007 4.52002170e-007 6.15497563e-007 
2.50000000e+000 3.50000000e+001 2.00000000e+001 1.76050285e-004 1.19873222e-004 7.59693771e-005 6.69698973e-005 5.09965191e-005 4.67403918e-005 4.50051154e-005 3.44713872e-005 2.45805897e-005 
2.50000000e+000 3.48214286e+001 2.00000000e+001 1.39658877e-004 1.03571235e-004 6.76618137e-005 6.00882415e-005 4.64448314e-005 4.27533876e-005 4.12407456e-005 3.19272128e-005 2.30103480e-005 
2.50000000e+000 3.42857143e+001 2.00000000e+001 8.46656769e-005 7.52253249e-005 5.24001976e-005 4.72668091e-005 3.77085692e-005 3.50318239e-005 3.39224749e-005 2.68644440e-005 1.98066449e-005 
2.50000000e+000 3.33928571e+001 2.00000000e+001 4.21153826e-005 4.82240899e-005 3.67124709e-005 3.38359163e-005 2.81931915e-005 2.65240658e-005 2.58198013e-005 2.10931242e-005 1.60423406e-005 
2.50000000e+000 3.21428571e+001 2.00000000e+001 1.76142975e-005 2.77848839e-005 2.36276950e-005 2.23646114e-005 1.96632054e-005 1.87886012e-005 1.84087608e-005 1.56245013e-005 1.23442424e-005 
2.50000000e+000 3.05357143e+001 2.00000000e+001 6.29972758e-006 1.45774112e-005 1.41313425e-005 1.38027461e-005 1.29264442e-005 1.25786059e-005 1.24184254e-005 1.10225905e-005 9.10399477e-006 
2.50000000e+000 2.85714286e+001 2.00000000e+001 1.95294425e-006 7.03743978e-006 7.92809699e-006 8.02685756e-006 8.07885991e-006 8.02649296e-006 7.99330158e-006 7.46593764e-006 6.48533149e-006 
2.50000000e+000 2.62500000e+001 2.00000000e+001 5.29072822e-007 3.14424131e-006 4.19331727e-006 4.41979518e-006 4.82205302e-006 4.90355419e-006 4.93094300e-006 4.87625328e-006 4.48103205e-006 
2.50000000e+000 2.35714286e+001 2.00000000e+001 1.26236801e-007 1.30921431e-006 2.10488680e-006 2.31948480e-006 2.76701880e-006 2.88741697e-006 2.93505779e-006 3.09276401e-006 3.02491571e-006 
2.50000000e+000 2.05357143e+001 2.00000000e+001 2.67123110e-008 5.11562481e-007 1.00980707e-006 1.16848753e-006 1.53835909e-006 1.65195791e-006 1.69946641e-006 1.92165121e-006 2.01331381e-006 
2.50000000e+000 1.71428571e+001 2.00000000e+001 5.03655979e-009 1.88655761e-007 4.66002210e-007 5.69026027e-007 8.35891683e-007 9.26864764e-007 9.66408692e-007 1.18238345e-006 1.33633004e-006 
2.50000000e+000 1.33928571e+001 2.00000000e+001 8.52319587e-010 6.64588519e-008 2.10351001e-007 2.72875339e-007 4.53901972e-007 5.21939190e-007 5.52532921e-007 7.38351095e-007 9.06069590e-007 
2.50000000e+000 9.28571429e+000 2.00000000e+001 1.33926819e-010 2.32966603e-008 9.73430441e-008 1.35194327e-007 2.58266331e-007 3.08971052e-007 3.32476707e-007 4.87442238e-007 6.49339464e-007 
2.50000000e+000 4.82142857e+000 2.00000000e+001 2.24154908e-011 9.29493759e-009 5.17034207e-008 7.67510641e-008 1.66832806e-007 2.06751028e-007 2.25692627e-007 3.57879691e-007 5.08730991e-007 
2.50000000e+000 0.00000000e+000 2.00000000e+001 7.73377397e-012 5.69438428e-009 3.68932162e-008 5.66272423e-008 1.31098484e-007 1.65215231e-007 1.81574419e-007 2.98511778e-007 4.36343737e-007 
END