TITLE="2RS_E_WD105.dat"
VARIABLES= "Density" "Radius" "Height" "0.1053" "0.356" "0.6617" "0.7889" "1.1732" "1.3325" "1.408" "2" "3" 
ZONE T="3D Data" I=11 J=15 K=3 F=POINT
0.00000000e+000 3.50000000e+001 0.00000000e+000 2.42930336e-004 1.64266391e-004 1.04791778e-004 9.26900754e-005 7.12366539e-005 6.54869700e-005 6.31323436e-005 4.86071696e-005 3.45377023e-005 
0.00000000e+000 3.48214286e+001 0.00000000e+000 2.41924683e-004 1.63604030e-004 1.04381891e-004 9.23316975e-005 7.09696088e-005 6.52439903e-005 6.28991098e-005 4.84317430e-005 3.44148451e-005 
0.00000000e+000 3.42857143e+001 0.00000000e+000 2.38682093e-004 1.61397352e-004 1.02999360e-004 9.11195318e-005 7.00609513e-005 6.44157048e-005 6.21034303e-005 4.78305477e-005 3.39917923e-005 
0.00000000e+000 3.33928571e+001 0.00000000e+000 2.33502462e-004 1.57983497e-004 1.00881821e-004 8.92667896e-005 6.86782897e-005 6.31568908e-005 6.08947524e-005 4.69193163e-005 3.33511276e-005 
0.00000000e+000 3.21428571e+001 0.00000000e+000 2.26884629e-004 1.53561392e-004 9.81478226e-005 8.68817986e-005 6.69128687e-005 6.15535563e-005 5.93567924e-005 4.57653812e-005 3.25415379e-005 
0.00000000e+000 3.05357143e+001 0.00000000e+000 2.20203072e-004 1.49167514e-004 9.54756256e-005 8.45686380e-005 6.52313011e-005 6.00338424e-005 5.79018039e-005 4.46831703e-005 3.17856358e-005 
0.00000000e+000 2.85714286e+001 0.00000000e+000 2.14881158e-004 1.45622145e-004 9.34318642e-005 8.28368934e-005 6.40246846e-005 5.89541202e-005 5.68718198e-005 4.39284640e-005 3.12619563e-005 
0.00000000e+000 2.62500000e+001 0.00000000e+000 2.13821929e-004 1.44886760e-004 9.31721325e-005 8.26560828e-005 6.39405077e-005 5.88841756e-005 5.68064306e-005 4.38808353e-005 3.12298120e-005 
0.00000000e+000 2.35714286e+001 0.00000000e+000 2.19180041e-004 1.48421400e-004 9.53583606e-005 8.45501352e-005 6.53044885e-005 6.01093421e-005 5.79760033e-005 4.47368890e-005 3.18346007e-005 
0.00000000e+000 2.05357143e+001 0.00000000e+000 2.25615070e-004 1.52934472e-004 9.81125090e-005 8.69221885e-005 6.69994944e-005 6.16316891e-005 5.94297203e-005 4.58066413e-005 3.25954867e-005 
0.00000000e+000 1.71428571e+001 0.00000000e+000 2.31289381e-004 1.56820164e-004 1.00454546e-004 8.89378168e-005 6.84514553e-005 6.29423231e-005 6.06842351e-005 4.67433241e-005 3.32664456e-005 
0.00000000e+000 1.33928571e+001 0.00000000e+000 2.29487215e-004 1.55603372e-004 9.97247774e-005 8.83189976e-005 6.80477565e-005 6.25964599e-005 6.03613411e-005 4.65407941e-005 3.31446670e-005 
0.00000000e+000 9.28571429e+000 0.00000000e+000 2.15334829e-004 1.46169789e-004 9.42537885e-005 8.36994985e-005 6.49202028e-005 5.98391465e-005 5.77492814e-005 4.47080367e-005 3.18966769e-005 
0.00000000e+000 4.82142857e+000 0.00000000e+000 1.98258840e-004 1.34517880e-004 8.77175932e-005 7.82149952e-005 6.11995329e-005 5.65434527e-005 5.46195812e-005 4.24722128e-005 3.03459976e-005 
0.00000000e+000 0.00000000e+000 0.00000000e+000 1.94003691e-004 1.31605442e-004 8.59975061e-005 7.67402496e-005 6.01480572e-005 5.55988628e-005 5.37175579e-005 4.18111677e-005 2.98858770e-005 
2.50000000e-001 3.50000000e+001 0.00000000e+000 1.82786122e-004 1.32221676e-004 8.74055620e-005 7.80694614e-005 6.12798157e-005 5.66988369e-005 5.48104007e-005 4.29099476e-005 3.10261461e-005 
2.50000000e-001 3.48214286e+001 0.00000000e+000 1.77854741e-004 1.29973948e-004 8.62255990e-005 7.70816614e-005 6.06086928e-005 5.61053030e-005 5.42475863e-005 4.25181531e-005 3.07752712e-005 
2.50000000e-001 3.42857143e+001 0.00000000e+000 1.66703956e-004 1.24509877e-004 8.32489180e-005 7.45631443e-005 5.88560830e-005 5.45434030e-005 5.27616144e-005 4.14617322e-005 3.00820517e-005 
2.50000000e-001 3.33928571e+001 0.00000000e+000 1.52325482e-004 1.17181031e-004 7.91870643e-005 7.11104850e-005 5.64301652e-005 5.23752063e-005 5.06962804e-005 3.99821484e-005 2.91028278e-005 
2.50000000e-001 3.21428571e+001 0.00000000e+000 1.36207867e-004 1.08589301e-004 7.43496895e-005 6.69860277e-005 5.35172426e-005 4.97681424e-005 4.82114445e-005 3.81952726e-005 2.79143094e-005 
2.50000000e-001 3.05357143e+001 0.00000000e+000 1.20199134e-004 9.99341296e-005 6.94842607e-005 6.28470864e-005 5.06137796e-005 4.71753708e-005 4.57425764e-005 3.64298667e-005 2.67471524e-005 
2.50000000e-001 2.85714286e+001 0.00000000e+000 1.05573476e-004 9.20058752e-005 6.51225051e-005 5.91697631e-005 4.80857341e-005 4.49313065e-005 4.36110933e-005 3.49287017e-005 2.57724927e-005 
2.50000000e-001 2.62500000e+001 0.00000000e+000 9.32696183e-005 8.58382035e-005 6.19642783e-005 5.65599619e-005 4.63650388e-005 4.34236908e-005 4.21873155e-005 3.39660592e-005 2.51878366e-005 
2.50000000e-001 2.35714286e+001 0.00000000e+000 8.39204484e-005 8.21684173e-005 6.04036016e-005 5.53440295e-005 4.56764008e-005 4.28554316e-005 4.16659098e-005 3.36932223e-005 2.51107433e-005 
2.50000000e-001 2.05357143e+001 0.00000000e+000 7.54509293e-005 7.90201719e-005 5.91652539e-005 5.44076797e-005 4.51965607e-005 4.24792393e-005 4.13300438e-005 3.35684260e-005 2.51474341e-005 
2.50000000e-001 1.71428571e+001 0.00000000e+000 6.76583114e-005 7.57947711e-005 5.77822876e-005 5.33319662e-005 4.46060899e-005 4.20032959e-005 4.08989859e-005 3.33737429e-005 2.51293597e-005 
2.50000000e-001 1.33928571e+001 0.00000000e+000 5.95460628e-005 7.09180151e-005 5.50375953e-005 5.10096090e-005 4.30223736e-005 4.06096628e-005 3.95814330e-005 3.24818281e-005 2.45809831e-005 
2.50000000e-001 9.28571429e+000 0.00000000e+000 5.07479069e-005 6.35981495e-005 5.03471288e-005 4.69303813e-005 4.00767079e-005 3.79648344e-005 3.70575623e-005 3.06469117e-005 2.33141240e-005 
2.50000000e-001 4.82142857e+000 0.00000000e+000 4.36984684e-005 5.67024620e-005 4.58256781e-005 4.29800191e-005 3.71716566e-005 3.53343727e-005 3.45373763e-005 2.87611079e-005 2.19630422e-005 
2.50000000e-001 0.00000000e+000 0.00000000e+000 4.16890263e-005 5.48256008e-005 4.45591418e-005 4.18565112e-005 3.63146366e-005 3.45501864e-005 3.37829600e-005 2.81862162e-005 2.15515223e-005 
5.00000000e-001 3.50000000e+001 0.00000000e+000 1.71975126e-004 1.21935229e-004 8.03131800e-005 7.17345459e-005 5.63952104e-005 5.22273470e-005 5.05107946e-005 3.96866977e-005 2.88498950e-005 
5.00000000e-001 3.48214286e+001 0.00000000e+000 1.63769755e-004 1.18291379e-004 7.84388041e-005 7.01755209e-005 5.53523009e-005 5.13099259e-005 4.96429326e-005 3.90924884e-005 2.84779265e-005 
5.00000000e-001 3.42857143e+001 0.00000000e+000 1.46718933e-004 1.10144574e-004 7.40920457e-005 6.65220534e-005 5.28498929e-005 4.90919576e-005 4.75379316e-005 3.76211283e-005 2.75344218e-005 
5.00000000e-001 3.33928571e+001 0.00000000e+000 1.26198723e-004 9.97882813e-005 6.84337909e-005 6.17358645e-005 4.95272961e-005 4.61351401e-005 4.47269285e-005 3.56359002e-005 2.62474635e-005 
5.00000000e-001 3.21428571e+001 0.00000000e+000 1.04786736e-004 8.82629205e-005 6.19802262e-005 5.62458346e-005 4.56739151e-005 4.26952771e-005 4.14524461e-005 3.33053291e-005 2.47240226e-005 
5.00000000e-001 3.05357143e+001 0.00000000e+000 8.47352340e-005 7.69466093e-005 5.55618408e-005 5.07751355e-005 4.18254792e-005 3.92588787e-005 3.81810433e-005 3.09776390e-005 2.32056481e-005 
5.00000000e-001 2.85714286e+001 0.00000000e+000 6.72092066e-005 6.65909007e-005 4.96776205e-005 4.57696294e-005 3.83258762e-005 3.61410663e-005 3.52159950e-005 2.88839056e-005 2.18565323e-005 
5.00000000e-001 2.62500000e+001 0.00000000e+000 5.25234171e-005 5.77853241e-005 4.47745114e-005 4.16267973e-005 3.54752609e-005 3.36160903e-005 3.28211998e-005 2.72285233e-005 2.08304605e-005 
5.00000000e-001 2.35714286e+001 0.00000000e+000 4.08208902e-005 5.09054854e-005 4.10914634e-005 3.85546536e-005 3.34331467e-005 3.18323771e-005 3.11407714e-005 2.61305142e-005 2.02238180e-005 
5.00000000e-001 2.05357143e+001 0.00000000e+000 3.11745524e-005 4.47810125e-005 3.77780118e-005 3.57890607e-005 3.16019503e-005 3.02382467e-005 2.96417214e-005 2.51692621e-005 1.97167988e-005 
5.00000000e-001 1.71428571e+001 0.00000000e+000 2.34999566e-005 3.92606225e-005 3.46560883e-005 3.31570184e-005 2.98283526e-005 2.86874270e-005 2.81807273e-005 2.42202150e-005 1.92007302e-005 
5.00000000e-001 1.33928571e+001 0.00000000e+000 1.74409696e-005 3.38172211e-005 3.11974688e-005 3.01459299e-005 2.76474480e-005 2.67328276e-005 2.63185330e-005 2.29021889e-005 1.83597188e-005 
5.00000000e-001 9.28571429e+000 0.00000000e+000 1.28018963e-005 2.83365389e-005 2.72663111e-005 2.66256591e-005 2.49458495e-005 2.42652532e-005 2.39474729e-005 2.11160505e-005 1.71013824e-005 
5.00000000e-001 4.82142857e+000 0.00000000e+000 9.83798120e-006 2.40699314e-005 2.40360415e-005 2.36983250e-005 2.26308422e-005 2.21270971e-005 2.18825198e-005 1.95044792e-005 1.59116770e-005 
5.00000000e-001 0.00000000e+000 0.00000000e+000 8.95848317e-006 2.28398509e-005 2.30880874e-005 2.28298468e-005 2.19251164e-005 2.14701449e-005 2.12461002e-005 1.90012129e-005 1.55413930e-005 
7.50000000e-001 3.50000000e+001 0.00000000e+000 1.68057015e-004 1.17646770e-004 7.69723627e-005 6.86378076e-005 5.37978410e-005 4.97854534e-005 4.81357876e-005 3.77759710e-005 2.74588132e-005 
7.50000000e-001 3.48214286e+001 0.00000000e+000 1.56922244e-004 1.12733516e-004 7.44601126e-005 6.65523544e-005 5.24096109e-005 4.85664126e-005 4.69835245e-005 3.69916449e-005 2.69721356e-005 
7.50000000e-001 3.42857143e+001 0.00000000e+000 1.34998898e-004 1.02282175e-004 6.89106270e-005 6.18962027e-005 4.92351326e-005 4.57576659e-005 4.43199889e-005 3.51412198e-005 2.57968758e-005 
7.50000000e-001 3.33928571e+001 0.00000000e+000 1.09956325e-004 8.95008108e-005 6.19232292e-005 5.59878284e-005 4.51401687e-005 4.21166553e-005 4.08600725e-005 3.27076553e-005 2.42316539e-005 
7.50000000e-001 3.21428571e+001 0.00000000e+000 8.53457047e-005 7.58606916e-005 5.42230339e-005 4.94257998e-005 4.05207014e-005 3.79908777e-005 3.69321881e-005 2.99145442e-005 2.24151730e-005 
7.50000000e-001 3.05357143e+001 0.00000000e+000 6.36613363e-005 6.28965336e-005 4.67216622e-005 4.29995604e-005 3.59543509e-005 3.39029598e-005 3.30367563e-005 2.71318994e-005 2.06014004e-005 
7.50000000e-001 2.85714286e+001 0.00000000e+000 4.58941370e-005 5.13333966e-005 3.98976621e-005 3.71357762e-005 3.17703455e-005 3.01549939e-005 2.94647071e-005 2.45823598e-005 1.89490576e-005 
7.50000000e-001 2.62500000e+001 0.00000000e+000 3.19697457e-005 4.15204252e-005 3.40506294e-005 3.21079493e-005 2.81867167e-005 2.69493830e-005 2.64120923e-005 2.24235754e-005 1.75808537e-005 
7.50000000e-001 2.35714286e+001 0.00000000e+000 2.16492666e-005 3.36379103e-005 2.93302844e-005 2.80543874e-005 2.53221049e-005 2.43996207e-005 2.39902860e-005 2.07522628e-005 1.65774395e-005 
7.50000000e-001 2.05357143e+001 0.00000000e+000 1.41352895e-005 2.69493425e-005 2.51644002e-005 2.44494796e-005 2.27443934e-005 2.21004085e-005 2.18050461e-005 1.92438428e-005 1.56805173e-005 
7.50000000e-001 1.71428571e+001 0.00000000e+000 8.95902138e-006 2.14033646e-005 2.15028202e-005 2.12401176e-005 2.03956081e-005 1.99926368e-005 1.97967743e-005 1.78364946e-005 1.48254619e-005 
7.50000000e-001 1.33928571e+001 0.00000000e+000 5.53904812e-006 1.67412454e-005 1.81045511e-005 1.81844529e-005 1.80336663e-005 1.78355922e-005 1.77255499e-005 1.63027897e-005 1.38057199e-005 
7.50000000e-001 9.28571429e+000 0.00000000e+000 3.41060772e-006 1.29008342e-005 1.49583036e-005 1.52748346e-005 1.56509795e-005 1.56194445e-005 1.55802946e-005 1.46215387e-005 1.25876180e-005 
7.50000000e-001 4.82142857e+000 0.00000000e+000 2.25915535e-006 1.02876243e-005 1.26566190e-005 1.31105097e-005 1.38102595e-005 1.38852307e-005 1.38919364e-005 1.32460254e-005 1.15390171e-005 
7.50000000e-001 0.00000000e+000 0.00000000e+000 1.92507734e-006 9.51488285e-006 1.19629772e-005 1.24521149e-005 1.32373855e-005 1.33419604e-005 1.33616730e-005 1.28093159e-005 1.12073253e-005 
1.00000000e+000 3.50000000e+001 0.00000000e+000 1.66011739e-004 1.15392134e-004 7.51488331e-005 6.69193645e-005 5.22896423e-005 4.83440049e-005 4.67234906e-005 3.65828755e-005 2.65384652e-005 
1.00000000e+000 3.48214286e+001 0.00000000e+000 1.52174523e-004 1.09295461e-004 7.20391545e-005 6.43401489e-005 5.05763256e-005 4.68406405e-005 4.53029746e-005 3.56184807e-005 2.59425496e-005 
1.00000000e+000 3.42857143e+001 0.00000000e+000 1.26050684e-004 9.67957297e-005 6.54070975e-005 5.87782302e-005 4.67896071e-005 4.34921967e-005 4.21285693e-005 3.34185362e-005 2.45515406e-005 
1.00000000e+000 3.33928571e+001 0.00000000e+000 9.75265812e-005 8.19976045e-005 5.72837392e-005 5.19037879e-005 4.20189817e-005 3.92496144e-005 3.80968517e-005 3.05844336e-005 2.27338589e-005 
1.00000000e+000 3.21428571e+001 0.00000000e+000 7.09798979e-005 6.67802195e-005 4.85991306e-005 4.44833061e-005 3.67677639e-005 3.45531692e-005 3.36233037e-005 2.73961157e-005 2.06608735e-005 
1.00000000e+000 3.05357143e+001 0.00000000e+000 4.89680691e-005 5.28018529e-005 4.03381725e-005 3.73679446e-005 3.16549246e-005 2.99616737e-005 2.92424729e-005 2.42462139e-005 1.85997287e-005 
1.00000000e+000 2.85714286e+001 0.00000000e+000 3.21592648e-005 4.07527814e-005 3.29655667e-005 3.09724110e-005 2.70012020e-005 2.57696894e-005 2.52381395e-005 2.13522289e-005 1.67053819e-005 
1.00000000e+000 2.62500000e+001 0.00000000e+000 2.00367986e-005 3.08174589e-005 2.66867741e-005 2.54911549e-005 2.29716515e-005 2.21328983e-005 2.17620538e-005 1.88402021e-005 1.50783528e-005 
1.00000000e+000 2.35714286e+001 0.00000000e+000 1.18926100e-005 2.30291135e-005 2.15910903e-005 2.10157674e-005 1.96574842e-005 1.91411877e-005 1.89033804e-005 1.67911848e-005 1.37876345e-005 
1.00000000e+000 2.05357143e+001 0.00000000e+000 6.68627525e-006 1.68311439e-005 1.72705530e-005 1.71699681e-005 1.67414025e-005 1.64936285e-005 1.63679043e-005 1.49543185e-005 1.26250006e-005 
1.00000000e+000 1.71428571e+001 0.00000000e+000 3.58695272e-006 1.20935451e-005 1.36988923e-005 1.39351592e-005 1.42083163e-005 1.41738892e-005 1.41385152e-005 1.33055574e-005 1.15562973e-005 
1.00000000e+000 1.33928571e+001 0.00000000e+000 1.85064874e-006 8.53757062e-006 1.07194827e-005 1.11659017e-005 1.19208222e-005 1.20446327e-005 1.20777057e-005 1.17079535e-005 1.04473264e-005 
1.00000000e+000 9.28571429e+000 0.00000000e+000 9.46790425e-007 5.98631281e-006 8.30428265e-006 8.85408500e-006 9.89316176e-006 1.01220825e-005 1.02019504e-005 1.01729037e-005 9.29633074e-006 
1.00000000e+000 4.82142857e+000 0.00000000e+000 5.28202955e-007 4.42601360e-006 6.69010707e-006 7.27682930e-006 8.44693857e-006 8.73112804e-006 8.83636822e-006 9.00849999e-006 8.37620903e-006 
1.00000000e+000 0.00000000e+000 0.00000000e+000 4.13678407e-007 3.96382015e-006 6.19855942e-006 6.79177656e-006 7.99213165e-006 8.29095224e-006 8.40315830e-006 8.63516438e-006 8.08191085e-006 
1.25000000e+000 3.50000000e+001 0.00000000e+000 1.64745959e-004 1.13999779e-004 7.40195911e-005 6.58507677e-005 5.13353558e-005 4.74245824e-005 4.58191920e-005 3.57964623e-005 2.59068080e-005 
1.25000000e+000 3.48214286e+001 0.00000000e+000 1.48377690e-004 1.06783864e-004 7.03428541e-005 6.28024665e-005 4.93125689e-005 4.56503639e-005 4.41430509e-005 3.46600921e-005 2.52062310e-005 
1.25000000e+000 3.42857143e+001 0.00000000e+000 1.18557470e-004 9.24268021e-005 6.27187395e-005 5.64083008e-005 4.49600564e-005 4.18022498e-005 4.04952864e-005 3.21345897e-005 2.36129524e-005 
1.25000000e+000 3.33928571e+001 0.00000000e+000 8.73123406e-005 7.59137969e-005 5.36046362e-005 4.86861730e-005 3.95890759e-005 3.70231006e-005 3.59527221e-005 2.89389615e-005 2.15647140e-005 
1.25000000e+000 3.21428571e+001 0.00000000e+000 5.96922061e-005 5.95026039e-005 4.41281088e-005 4.05658927e-005 3.38092786e-005 3.18455743e-005 3.10177135e-005 2.54099773e-005 1.92660854e-005 
1.25000000e+000 3.05357143e+001 0.00000000e+000 3.81377624e-005 4.49377254e-005 3.53366046e-005 3.29532526e-005 2.82786741e-005 2.68631956e-005 2.62577497e-005 2.19628057e-005 1.69976596e-005 
1.25000000e+000 2.85714286e+001 0.00000000e+000 2.28384245e-005 3.28493460e-005 2.76799349e-005 2.62524209e-005 2.33128272e-005 2.23663040e-005 2.19527181e-005 1.88123187e-005 1.49121510e-005 
1.25000000e+000 2.62500000e+001 0.00000000e+000 1.27469544e-005 2.32719370e-005 2.12926965e-005 2.06002502e-005 1.90399003e-005 1.84782588e-005 1.82237707e-005 1.60625902e-005 1.30940727e-005 
1.25000000e+000 2.35714286e+001 0.00000000e+000 6.65289650e-006 1.60863562e-005 1.62092260e-005 1.60472660e-005 1.55286553e-005 1.52700129e-005 1.51424007e-005 1.37826607e-005 1.16035178e-005 
1.25000000e+000 2.05357143e+001 0.00000000e+000 3.23491984e-006 1.07561268e-005 1.21008407e-005 1.22977940e-005 1.25351864e-005 1.25100834e-005 1.24820211e-005 1.17760044e-005 1.02720461e-005 
1.25000000e+000 1.71428571e+001 0.00000000e+000 1.47647581e-006 7.00343641e-006 8.90432451e-006 9.31443352e-006 1.00505429e-005 1.01928786e-005 1.02378775e-005 1.00368320e-005 9.08469809e-006 
1.25000000e+000 1.33928571e+001 0.00000000e+000 6.38343208e-007 4.45485723e-006 6.45416542e-006 6.96073098e-006 7.97319128e-006 8.22208495e-006 8.31527744e-006 8.47623441e-006 7.95278723e-006 
1.25000000e+000 9.28571429e+000 0.00000000e+000 2.70832936e-007 2.82381782e-006 4.66022425e-006 5.18119675e-006 6.29754680e-006 6.60124634e-006 6.72084961e-006 7.11009265e-006 6.88787635e-006 
1.25000000e+000 4.82142857e+000 0.00000000e+000 1.25484123e-007 1.91618003e-006 3.54944862e-006 4.05181230e-006 5.17814531e-006 5.50124235e-006 5.63139864e-006 6.13517643e-006 6.08622296e-006 
1.25000000e+000 0.00000000e+000 0.00000000e+000 8.88952364e-008 1.65129532e-006 3.21175524e-006 3.70445065e-006 4.82528698e-006 5.15215918e-006 5.28474866e-006 5.82123789e-006 5.82808904e-006 
1.50000000e+000 3.50000000e+001 0.00000000e+000 1.63882402e-004 1.13048419e-004 7.32507775e-005 6.51236446e-005 5.06842288e-005 4.67955948e-005 4.51996524e-005 3.52501513e-005 2.54568375e-005 
1.50000000e+000 3.48214286e+001 0.00000000e+000 1.45121217e-004 1.04764753e-004 6.90311627e-005 6.16258895e-005 4.83644411e-005 4.47613113e-005 4.32780186e-005 3.39483988e-005 2.46554221e-005 
1.50000000e+000 3.42857143e+001 0.00000000e+000 1.12007657e-004 8.87033897e-005 6.04871715e-005 5.44581142e-005 4.34833833e-005 4.04457445e-005 3.91871436e-005 3.11169712e-005 2.28712008e-005 
1.50000000e+000 3.33928571e+001 0.00000000e+000 7.86308848e-005 7.07143598e-005 5.04974117e-005 4.59822875e-005 3.75723730e-005 3.51823437e-005 3.41829005e-005 2.75918644e-005 2.06108929e-005 
1.50000000e+000 3.21428571e+001 0.00000000e+000 5.05571720e-005 5.34019883e-005 4.03776271e-005 3.72852909e-005 3.13452501e-005 2.95947499e-005 2.88533807e-005 2.37665639e-005 1.81124963e-005 
1.50000000e+000 3.05357143e+001 0.00000000e+000 2.99386828e-005 3.85577636e-005 3.12254688e-005 2.93189904e-005 2.54956309e-005 2.43087297e-005 2.37968878e-005 2.00780807e-005 1.56699895e-005 
1.50000000e+000 2.85714286e+001 0.00000000e+000 1.63564206e-005 2.67177085e-005 2.34689481e-005 2.24735804e-005 2.03343908e-005 1.96114082e-005 1.92905794e-005 1.67401302e-005 1.34349893e-005 
1.50000000e+000 2.62500000e+001 0.00000000e+000 8.18568462e-006 1.77542264e-005 1.71779632e-005 1.68357330e-005 1.59603986e-005 1.56011001e-005 1.54321226e-005 1.38405898e-005 1.14801875e-005 
1.50000000e+000 2.35714286e+001 0.00000000e+000 3.76430072e-006 1.13753544e-005 1.23253836e-005 1.24107706e-005 1.24192529e-005 1.23297972e-005 1.22755629e-005 1.14377444e-005 9.85837076e-006 
1.50000000e+000 2.05357143e+001 0.00000000e+000 1.58726731e-006 6.97614771e-006 8.60157552e-006 8.93279525e-006 9.50743722e-006 9.60710415e-006 9.63542819e-006 9.37284189e-006 8.43175991e-006 
1.50000000e+000 1.71428571e+001 0.00000000e+000 6.18418460e-007 4.12545172e-006 5.87610408e-006 6.31592886e-006 7.19797298e-006 7.41625332e-006 7.49838418e-006 7.64361533e-006 7.19545755e-006 
1.50000000e+000 1.33928571e+001 0.00000000e+000 2.24826731e-007 2.36550804e-006 3.93999378e-006 4.39460752e-006 5.38761546e-006 5.66611026e-006 5.77759655e-006 6.18149779e-006 6.08710704e-006 
1.50000000e+000 9.28571429e+000 0.00000000e+000 7.91705556e-008 1.35071936e-006 2.64062486e-006 3.05809034e-006 4.03487484e-006 4.33062441e-006 4.45276182e-006 4.99095378e-006 5.11930014e-006 
1.50000000e+000 4.82142857e+000 0.00000000e+000 3.02279944e-008 8.34521999e-007 1.88993201e-006 2.26307825e-006 3.18130123e-006 3.47301526e-006 3.59562202e-006 4.18408196e-006 4.42654777e-006 
1.50000000e+000 0.00000000e+000 0.00000000e+000 1.91027149e-008 6.87916737e-007 1.66415699e-006 2.02052574e-006 2.91329035e-006 3.20165274e-006 3.32358062e-006 3.92428147e-006 4.20279634e-006 
1.75000000e+000 3.50000000e+001 0.00000000e+000 1.63253593e-004 1.12354607e-004 7.26911410e-005 6.45950182e-005 5.02119339e-005 4.63393664e-005 4.47501985e-005 3.48520573e-005 2.51245337e-005 
1.75000000e+000 3.48214286e+001 0.00000000e+000 1.42215232e-004 1.03046400e-004 6.79488092e-005 6.06641376e-005 4.76054757e-005 4.40539546e-005 4.25914656e-005 3.33904100e-005 2.42255057e-005 
1.75000000e+000 3.42857143e+001 0.00000000e+000 1.06142849e-004 8.54087823e-005 5.85451277e-005 5.27715691e-005 4.22268196e-005 3.92977111e-005 3.80826289e-005 3.02694732e-005 2.22599471e-005 
1.75000000e+000 3.33928571e+001 0.00000000e+000 7.11065801e-005 6.61408110e-005 4.77749013e-005 4.36197696e-005 3.58257206e-005 3.35934239e-005 3.26574936e-005 2.64416851e-005 1.98032798e-005 
1.75000000e+000 3.21428571e+001 0.00000000e+000 4.30343823e-005 4.81599419e-005 3.71316118e-005 3.44454311e-005 2.92172898e-005 2.76536282e-005 2.69880958e-005 2.23567010e-005 1.71269194e-005 
1.75000000e+000 3.05357143e+001 0.00000000e+000 2.36328687e-005 3.32647146e-005 2.77498016e-005 2.62370006e-005 2.31265567e-005 2.21331750e-005 2.17007709e-005 1.84722389e-005 1.45379197e-005 
1.75000000e+000 2.85714286e+001 0.00000000e+000 1.17835358e-005 2.18601421e-005 2.00250451e-005 1.93639043e-005 1.78579064e-005 1.73150412e-005 1.70693112e-005 1.50013227e-005 1.21875147e-005 
1.75000000e+000 2.62500000e+001 0.00000000e+000 5.29140894e-006 1.36357041e-005 1.39594119e-005 1.38619199e-005 1.34830534e-005 1.32750670e-005 1.31706072e-005 1.20186565e-005 1.01392632e-005 
1.75000000e+000 2.35714286e+001 0.00000000e+000 2.14699354e-006 8.10959947e-006 9.45351967e-006 9.68277386e-006 1.00204334e-005 1.00433606e-005 1.00387499e-005 9.57127568e-006 8.43928345e-006 
1.75000000e+000 2.05357143e+001 0.00000000e+000 7.86481694e-007 4.57017440e-006 6.17695085e-006 6.55469139e-006 7.28143084e-006 7.44818599e-006 7.50821412e-006 7.52429197e-006 6.97245304e-006 
1.75000000e+000 1.71428571e+001 0.00000000e+000 2.62143854e-007 2.45973013e-006 3.92229305e-006 4.33030221e-006 5.20656001e-006 5.44767364e-006 5.54348374e-006 5.86826793e-006 5.73671863e-006 
1.75000000e+000 1.33928571e+001 0.00000000e+000 8.03355197e-008 1.27293543e-006 2.43241144e-006 2.80385855e-006 3.67268805e-006 3.93704265e-006 4.04665580e-006 4.53761485e-006 4.68261817e-006 
1.75000000e+000 9.28571429e+000 0.00000000e+000 2.35121047e-008 6.53680026e-007 1.50911964e-006 1.81895432e-006 2.60067300e-006 2.85663495e-006 2.96567984e-006 3.51774425e-006 3.81618694e-006 
1.75000000e+000 4.82142857e+000 0.00000000e+000 7.36887286e-009 3.65475155e-007 1.00978348e-006 1.26778937e-006 1.95869502e-006 2.19678936e-006 2.30000663e-006 2.85733855e-006 3.22250914e-006 
1.75000000e+000 0.00000000e+000 0.00000000e+000 4.10499530e-009 2.86580948e-007 8.62276043e-007 1.10205968e-006 1.75891357e-006 1.98957021e-006 2.09020166e-006 2.64548325e-006 3.03075309e-006 
2.00000000e+000 3.50000000e+001 0.00000000e+000 1.62773509e-004 1.11825221e-004 7.22640971e-005 6.41919347e-005 4.98527749e-005 4.59927211e-005 4.44088061e-005 3.45497601e-005 2.48708070e-005 
2.00000000e+000 3.48214286e+001 0.00000000e+000 1.39557570e-004 1.01529770e-004 6.70164049e-005 5.98419591e-005 4.69684773e-005 4.34638098e-005 4.20201356e-005 3.29328941e-005 2.38769291e-005 
2.00000000e+000 3.42857143e+001 0.00000000e+000 1.00811149e-004 8.24260477e-005 5.68047989e-005 5.12665367e-005 4.11187200e-005 3.82897940e-005 3.71148427e-005 2.95364857e-005 2.17382958e-005 
2.00000000e+000 3.33928571e+001 0.00000000e+000 6.45018014e-005 6.20460429e-005 4.53352278e-005 4.15050222e-005 3.42700804e-005 3.21815624e-005 3.13035621e-005 2.54288928e-005 1.90987869e-005 
2.00000000e+000 3.21428571e+001 0.00000000e+000 3.67677589e-005 4.35861778e-005 3.42677897e-005 3.19360174e-005 2.73354991e-005 2.59379768e-005 2.53400238e-005 2.11150728e-005 1.62630398e-005 
2.00000000e+000 3.05357143e+001 0.00000000e+000 1.87322898e-005 2.88122388e-005 2.47600188e-005 2.35744499e-005 2.10666862e-005 2.02393180e-005 1.98753361e-005 1.70719843e-005 1.35506851e-005 
2.00000000e+000 2.85714286e+001 0.00000000e+000 8.52668549e-006 1.79623132e-005 1.71623901e-005 1.67601235e-005 1.57580715e-005 1.53620073e-005 1.51779008e-005 1.35115613e-005 1.11128703e-005 
2.00000000e+000 2.62500000e+001 0.00000000e+000 3.43758356e-006 1.05226656e-005 1.14015514e-005 1.14728589e-005 1.14529537e-005 1.13589431e-005 1.13036581e-005 1.04964209e-005 9.00558444e-006 
2.00000000e+000 2.35714286e+001 0.00000000e+000 1.23196546e-006 5.81498952e-006 7.29535851e-006 7.60169730e-006 8.13714847e-006 8.23396376e-006 8.26279197e-006 8.06070147e-006 7.26818081e-006 
2.00000000e+000 2.05357143e+001 0.00000000e+000 3.92561957e-007 3.01563946e-006 4.46893107e-006 4.84578858e-006 5.61801104e-006 5.81682331e-006 5.89332539e-006 6.08191287e-006 5.80125246e-006 
2.00000000e+000 1.71428571e+001 0.00000000e+000 1.12106942e-007 1.47965046e-006 2.64104773e-006 2.99444680e-006 3.79630637e-006 4.03275406e-006 4.12964556e-006 4.53608208e-006 4.60003559e-006 
2.00000000e+000 1.33928571e+001 0.00000000e+000 2.90089179e-008 6.92063798e-007 1.51549306e-006 1.80455909e-006 2.52257149e-006 2.75519903e-006 2.85408434e-006 3.35039447e-006 3.61880884e-006 
2.00000000e+000 9.28571429e+000 0.00000000e+000 7.06521566e-009 3.19438618e-007 8.68975032e-007 1.08937504e-006 1.68544529e-006 1.89386650e-006 1.98487325e-006 2.48890989e-006 2.85287283e-006 
2.00000000e+000 4.82142857e+000 0.00000000e+000 1.81459255e-009 1.60890659e-007 5.41305039e-007 7.12266438e-007 1.20846474e-006 1.39214506e-006 1.47387890e-006 1.95389172e-006 2.34816780e-006 
2.00000000e+000 0.00000000e+000 0.00000000e+000 8.82127172e-010 1.19387558e-007 4.46784940e-007 6.01098978e-007 1.06195309e-006 1.23635848e-006 1.31452923e-006 1.78340487e-006 2.18556039e-006 
2.25000000e+000 3.50000000e+001 0.00000000e+000 1.62393433e-004 1.11407490e-004 7.19268279e-005 6.38736490e-005 4.95696568e-005 4.57196956e-005 4.41400186e-005 3.43122132e-005 2.46712363e-005 
2.25000000e+000 3.48214286e+001 0.00000000e+000 1.37087319e-004 1.00157629e-004 6.61890503e-005 5.91169147e-005 4.64152548e-005 4.29539558e-005 4.15276687e-005 3.25442007e-005 2.35849144e-005 
2.25000000e+000 3.42857143e+001 0.00000000e+000 9.59138261e-005 7.96843682e-005 5.52150041e-005 4.98954774e-005 4.01176164e-005 3.73822185e-005 3.62447372e-005 2.88845755e-005 2.12804254e-005 
2.25000000e+000 3.33928571e+001 0.00000000e+000 5.86523590e-005 5.83361695e-005 4.31166461e-005 3.95819464e-005 3.28585056e-005 3.09022192e-005 3.00775719e-005 2.45170927e-005 1.84698746e-005 
2.25000000e+000 3.21428571e+001 0.00000000e+000 3.15049893e-005 3.95538939e-005 3.17091291e-005 2.96885063e-005 2.56448827e-005 2.43962361e-005 2.38590153e-005 2.00009030e-005 1.54907802e-005 
2.25000000e+000 3.05357143e+001 0.00000000e+000 1.48955183e-005 2.50315738e-005 2.21587520e-005 2.12460769e-005 1.92500150e-005 1.85659596e-005 1.82613373e-005 1.58304850e-005 1.26747018e-005 
2.25000000e+000 2.85714286e+001 0.00000000e+000 6.19132400e-006 1.48075943e-005 1.47574206e-005 1.45549036e-005 1.39537906e-005 1.36778042e-005 1.35445212e-005 1.22155938e-005 1.01726262e-005 
2.25000000e+000 2.62500000e+001 0.00000000e+000 2.24206104e-006 8.14977946e-006 9.34727984e-006 9.53186584e-006 9.76784848e-006 9.75939479e-006 9.74157754e-006 9.20650377e-006 8.03369285e-006 
2.25000000e+000 2.35714286e+001 0.00000000e+000 7.10294851e-007 4.18794711e-006 5.65552257e-006 5.99556844e-006 6.63972924e-006 6.78348903e-006 6.83433618e-006 6.82215629e-006 6.28986560e-006 
2.25000000e+000 2.05357143e+001 0.00000000e+000 1.97071351e-007 2.00073474e-006 3.25137949e-006 3.60274760e-006 4.35941864e-006 4.56872694e-006 4.65214161e-006 4.94321517e-006 4.85150998e-006 
2.25000000e+000 1.71428571e+001 0.00000000e+000 4.82719846e-008 8.96106165e-007 1.79038804e-006 2.08462117e-006 2.78591947e-006 3.00421996e-006 3.09566572e-006 3.52649368e-006 3.70701764e-006 
2.25000000e+000 1.33928571e+001 0.00000000e+000 1.05591652e-008 3.79286297e-007 9.51286786e-007 1.16979413e-006 1.74378688e-006 1.94000918e-006 2.02511878e-006 2.48663665e-006 2.80841908e-006 
2.25000000e+000 9.28571429e+000 0.00000000e+000 2.14215839e-009 1.57367828e-007 5.03668739e-007 6.56408667e-007 1.09774090e-006 1.26138899e-006 1.33438806e-006 1.76729670e-006 2.13849065e-006 
2.25000000e+000 4.82142857e+000 0.00000000e+000 4.50664863e-010 7.11687127e-008 2.91084690e-007 4.01267030e-007 7.47098993e-007 8.83836491e-007 9.46130665e-007 1.33784124e-006 1.71263128e-006 
2.25000000e+000 0.00000000e+000 0.00000000e+000 1.89561745e-010 4.97360323e-008 2.31499953e-007 3.27858930e-007 6.41159777e-007 7.68297892e-007 8.26708481e-007 1.20225043e-006 1.57606858e-006 
2.50000000e+000 3.50000000e+001 0.00000000e+000 1.62083729e-004 1.11069095e-004 7.16533855e-005 6.36155675e-005 4.93402513e-005 4.54985899e-005 4.39224060e-005 3.41202819e-005 2.45101766e-005 
2.50000000e+000 3.48214286e+001 0.00000000e+000 1.34765305e-004 9.88941511e-005 6.54391786e-005 5.84631000e-005 4.59226423e-005 4.25019640e-005 4.10919483e-005 3.22047347e-005 2.33335388e-005 
2.50000000e+000 3.42857143e+001 0.00000000e+000 9.13819341e-005 7.71372136e-005 5.37432716e-005 4.86285249e-005 3.91978279e-005 3.65503710e-005 3.54481389e-005 2.82927797e-005 2.08695965e-005 
2.50000000e+000 3.33928571e+001 0.00000000e+000 5.34377281e-005 5.49463525e-005 4.10783823e-005 3.78139855e-005 3.15610859e-005 2.97271109e-005 2.89518970e-005 2.36830358e-005 1.78984497e-005 
2.50000000e+000 3.21428571e+001 0.00000000e+000 2.70585230e-005 3.59722319e-005 2.94028569e-005 2.76566251e-005 2.41093185e-005 2.29947165e-005 2.25123524e-005 1.89875551e-005 1.47900415e-005 
2.50000000e+000 3.05357143e+001 0.00000000e+000 1.18750328e-005 2.17995018e-005 1.98774138e-005 1.91926439e-005 1.76319451e-005 1.70719955e-005 1.68190599e-005 1.47164164e-005 1.18870944e-005 
2.50000000e+000 2.85714286e+001 0.00000000e+000 4.50814589e-006 1.22384672e-005 1.27219478e-005 1.26724153e-005 1.23890341e-005 1.22112170e-005 1.21198783e-005 1.10755810e-005 9.34004630e-006 
2.50000000e+000 2.62500000e+001 0.00000000e+000 1.46703512e-006 6.33012600e-006 7.68532786e-006 7.94250855e-006 8.35631643e-006 8.41135991e-006 8.42186997e-006 8.10182943e-006 7.19128461e-006 
2.50000000e+000 2.35714286e+001 0.00000000e+000 4.11122366e-007 3.02662590e-006 4.39971040e-006 4.74566556e-006 5.43799570e-006 5.60955879e-006 5.67421735e-006 5.79633703e-006 5.46441140e-006 
2.50000000e+000 2.05357143e+001 0.00000000e+000 9.93946128e-008 1.33309091e-006 2.37587677e-006 2.69038392e-006 3.39799565e-006 3.60461423e-006 3.68893385e-006 4.03567107e-006 4.07454969e-006 
2.50000000e+000 1.71428571e+001 0.00000000e+000 2.08996338e-008 5.45579535e-007 1.22021544e-006 1.45899277e-006 2.05516365e-006 2.24959101e-006 2.33250380e-006 2.75488082e-006 3.00030877e-006 
2.50000000e+000 1.33928571e+001 0.00000000e+000 3.86781803e-009 2.09196410e-007 6.00792910e-007 7.62845596e-007 1.21205029e-006 1.37324502e-006 1.44440593e-006 1.85402667e-006 2.18780071e-006 
2.50000000e+000 9.28571429e+000 0.00000000e+000 6.54065778e-010 7.80475972e-008 2.93607388e-007 3.97648148e-007 7.18182976e-007 8.43676067e-007 9.00752728e-007 1.25909224e-006 1.60709779e-006 
2.50000000e+000 4.82142857e+000 0.00000000e+000 1.12728642e-010 3.16203763e-008 1.56996480e-007 2.26655321e-007 4.62774827e-007 5.62116660e-007 6.08379792e-007 9.17194017e-007 1.25023535e-006 
2.50000000e+000 0.00000000e+000 0.00000000e+000 4.07353228e-011 2.07197026e-008 1.19950888e-007 1.78824984e-007 3.87103690e-007 4.77435784e-007 5.19917731e-007 8.10475704e-007 1.13654714e-006 
0.00000000e+000 3.50000000e+001 1.00000000e+001 2.10593190e-004 1.43538814e-004 9.11212239e-005 8.04135866e-005 6.14574892e-005 5.64041692e-005 5.43401801e-005 4.17010062e-005 2.95803461e-005 
0.00000000e+000 3.48214286e+001 1.00000000e+001 2.09173720e-004 1.42615244e-004 9.05558864e-005 7.99209816e-005 6.10938835e-005 5.60745128e-005 5.40242510e-005 4.14655922e-005 2.94160203e-005 
0.00000000e+000 3.42857143e+001 1.00000000e+001 2.04838372e-004 1.39721063e-004 8.87679237e-005 7.83603130e-005 5.99381416e-005 5.50257017e-005 5.30187103e-005 4.07145865e-005 2.88907046e-005 
0.00000000e+000 3.33928571e+001 1.00000000e+001 1.98009241e-004 1.35184505e-004 8.59603774e-005 7.59105358e-005 5.81277778e-005 5.33841804e-005 5.14454621e-005 3.95417365e-005 2.80711153e-005 
0.00000000e+000 3.21428571e+001 1.00000000e+001 1.89421507e-004 1.29444982e-004 8.24160968e-005 7.28246623e-005 5.58617068e-005 5.13336060e-005 4.94818004e-005 3.80840824e-005 2.70549346e-005 
0.00000000e+000 3.05357143e+001 1.00000000e+001 1.79903308e-004 1.23124672e-004 7.85623831e-005 6.94885146e-005 5.34446876e-005 4.91548853e-005 4.73986422e-005 3.65493681e-005 2.59889116e-005 
0.00000000e+000 2.85714286e+001 1.00000000e+001 1.70455730e-004 1.16872623e-004 7.48544103e-005 6.63100844e-005 5.11890492e-005 4.71327082e-005 4.54692720e-005 3.51419899e-005 2.50150541e-005 
0.00000000e+000 2.62500000e+001 1.00000000e+001 1.63502586e-004 1.12260140e-004 7.22136904e-005 6.40726932e-005 4.96400652e-005 4.57533432e-005 4.41566912e-005 3.41966304e-005 2.43647712e-005 
0.00000000e+000 2.35714286e+001 1.00000000e+001 1.60097939e-004 1.09902488e-004 7.09041621e-005 6.29803671e-005 4.89130577e-005 4.51139150e-005 4.35513671e-005 3.37733786e-005 2.40814314e-005 
0.00000000e+000 2.05357143e+001 1.00000000e+001 1.59023269e-004 1.09131836e-004 7.05579862e-005 6.27187964e-005 4.87834359e-005 4.50126435e-005 4.34606497e-005 3.37314858e-005 2.40672381e-005 
0.00000000e+000 1.71428571e+001 1.00000000e+001 1.59183283e-004 1.09223356e-004 7.07287716e-005 6.29003387e-005 4.89734273e-005 4.52010506e-005 4.36477697e-005 3.38990487e-005 2.42004961e-005 
0.00000000e+000 1.33928571e+001 1.00000000e+001 1.56337985e-004 1.07213600e-004 6.95602601e-005 6.19131994e-005 4.83149984e-005 4.46271745e-005 4.31073082e-005 3.35364840e-005 2.39650644e-005 
0.00000000e+000 9.28571429e+000 1.00000000e+001 1.49404078e-004 1.02661006e-004 6.69471072e-005 5.97227469e-005 4.68718912e-005 4.33692250e-005 4.19216841e-005 3.27304853e-005 2.34290402e-005 
0.00000000e+000 4.82142857e+000 1.00000000e+001 1.41503450e-004 9.74855794e-005 6.41389519e-005 5.73999153e-005 4.53577105e-005 4.20464131e-005 4.06729112e-005 3.18677363e-005 2.28430148e-005 
0.00000000e+000 0.00000000e+000 1.00000000e+001 1.39159191e-004 9.57171329e-005 6.31041859e-005 5.65220864e-005 4.47523425e-005 4.15090199e-005 4.01623508e-005 3.15041463e-005 2.25941706e-005 
2.50000000e-001 3.50000000e+001 1.00000000e+001 1.53377618e-004 1.13139962e-004 7.46480719e-005 6.65633748e-005 5.20269165e-005 4.80805630e-005 4.64581116e-005 3.63051288e-005 2.62561134e-005 
2.50000000e-001 3.48214286e+001 1.00000000e+001 1.48026495e-004 1.10617702e-004 7.33105990e-005 6.54410492e-005 5.12612207e-005 4.74026806e-005 4.58150282e-005 3.58557871e-005 2.59655071e-005 
2.50000000e-001 3.42857143e+001 1.00000000e+001 1.36198726e-004 1.04612874e-004 7.00053861e-005 6.26393934e-005 4.93077901e-005 4.56615941e-005 4.41585313e-005 3.46770223e-005 2.51868395e-005 
2.50000000e-001 3.33928571e+001 1.00000000e+001 1.21135405e-004 9.65097542e-005 6.54330218e-005 5.87403928e-005 4.65572759e-005 4.32018007e-005 4.18149171e-005 3.29945302e-005 2.40640236e-005 
2.50000000e-001 3.21428571e+001 1.00000000e+001 1.04948283e-004 8.73462744e-005 6.01634413e-005 5.42296545e-005 4.33541810e-005 4.03321881e-005 3.90787974e-005 3.10208990e-005 2.27389715e-005 
2.50000000e-001 3.05357143e+001 1.00000000e+001 8.91316395e-005 7.79864046e-005 5.47317729e-005 4.95777706e-005 4.00525694e-005 3.73751573e-005 3.62596171e-005 2.89875255e-005 2.13717353e-005 
2.50000000e-001 2.85714286e+001 1.00000000e+001 7.49617757e-005 6.92896087e-005 4.96911900e-005 4.52709025e-005 3.70134311e-005 3.46575935e-005 3.36703747e-005 2.71254676e-005 2.01209138e-005 
2.50000000e-001 2.62500000e+001 1.00000000e+001 6.34838632e-005 6.22179681e-005 4.56646143e-005 4.18508899e-005 3.46327502e-005 3.25379639e-005 3.16545797e-005 2.56930084e-005 1.91726467e-005 
2.50000000e-001 2.35714286e+001 1.00000000e+001 5.48827341e-005 5.70836594e-005 4.28084300e-005 3.94440569e-005 3.29898240e-005 3.10853634e-005 3.02775287e-005 2.47372696e-005 1.85631861e-005 
2.50000000e-001 2.05357143e+001 1.00000000e+001 4.82942216e-005 5.33506076e-005 4.08231320e-005 3.77941803e-005 3.19002653e-005 3.01334575e-005 2.93800902e-005 2.41400602e-005 1.82083330e-005 
2.50000000e-001 1.71428571e+001 1.00000000e+001 4.31758327e-005 5.05575692e-005 3.93972867e-005 3.66238891e-005 3.11544371e-005 2.94917531e-005 2.87795542e-005 2.37635429e-005 1.80067613e-005 
2.50000000e-001 1.33928571e+001 1.00000000e+001 3.84623657e-005 4.74012612e-005 3.75286639e-005 3.50215141e-005 3.00289887e-005 2.84917872e-005 2.78301425e-005 2.31017532e-005 1.75823381e-005 
2.50000000e-001 9.28571429e+000 1.00000000e+001 3.39867720e-005 4.37809852e-005 3.52281429e-005 3.30277685e-005 2.86080747e-005 2.72234093e-005 2.66230734e-005 2.22410522e-005 1.70016401e-005 
2.50000000e-001 4.82142857e+000 1.00000000e+001 3.04724470e-005 4.05561898e-005 3.31793905e-005 3.12572279e-005 2.73432037e-005 2.60897076e-005 2.55417405e-005 2.14542251e-005 1.64528947e-005 
2.50000000e-001 0.00000000e+000 1.00000000e+001 2.93662447e-005 3.94625572e-005 3.24420300e-005 3.06067996e-005 2.68566611e-005 2.56477871e-005 2.51179677e-005 2.11374222e-005 1.62292442e-005 
5.00000000e-001 3.50000000e+001 1.00000000e+001 1.42468759e-004 1.03030197e-004 6.77534943e-005 6.04212679e-005 4.73149959e-005 4.37731441e-005 4.23186184e-005 3.32117862e-005 2.41740604e-005 
5.00000000e-001 3.48214286e+001 1.00000000e+001 1.33851368e-004 9.91024419e-005 6.57192489e-005 5.87267976e-005 4.61787177e-005 4.27729509e-005 4.13721820e-005 3.25619259e-005 2.37637733e-005 
5.00000000e-001 3.42857143e+001 1.00000000e+001 1.16503959e-004 9.05361215e-005 6.11083044e-005 5.48453585e-005 4.35154081e-005 4.04117171e-005 3.91309370e-005 3.09925608e-005 2.27499339e-005 
5.00000000e-001 3.33928571e+001 1.00000000e+001 9.62631964e-005 7.97452056e-005 5.51110554e-005 4.97564014e-005 3.99662251e-005 3.72499344e-005 3.61237215e-005 2.88604156e-005 2.13532354e-005 
5.00000000e-001 3.21428571e+001 1.00000000e+001 7.63622547e-005 6.82858600e-005 4.85545343e-005 4.41556961e-005 3.60096507e-005 3.37123412e-005 3.27539120e-005 2.64489705e-005 1.97575314e-005 
5.00000000e-001 3.05357143e+001 1.00000000e+001 5.86080055e-005 5.72286791e-005 4.20777622e-005 3.85978778e-005 3.20515459e-005 3.01656181e-005 2.93723238e-005 2.40158187e-005 1.81378889e-005 
5.00000000e-001 2.85714286e+001 1.00000000e+001 4.40161433e-005 4.74371477e-005 3.62496731e-005 3.35843678e-005 2.84667603e-005 2.69500195e-005 2.63050975e-005 2.18031906e-005 1.66613405e-005 
5.00000000e-001 2.62500000e+001 1.00000000e+001 3.28374049e-005 3.94989998e-005 3.14975547e-005 2.94960277e-005 2.55480039e-005 2.43345575e-005 2.38116731e-005 2.00137789e-005 1.54797152e-005 
5.00000000e-001 2.35714286e+001 1.00000000e+001 2.46402085e-005 3.34486440e-005 2.78665736e-005 2.63755965e-005 2.33316417e-005 2.23537671e-005 2.19258678e-005 1.86773035e-005 1.46197064e-005 
5.00000000e-001 2.05357143e+001 1.00000000e+001 1.85725069e-005 2.87931462e-005 2.50879599e-005 2.39949976e-005 2.16558336e-005 2.08620067e-005 2.05084426e-005 1.76902697e-005 1.40067790e-005 
5.00000000e-001 1.71428571e+001 1.00000000e+001 1.41337088e-005 2.51898721e-005 2.29303135e-005 2.21463735e-005 2.03592109e-005 1.97111979e-005 1.94167533e-005 1.69420055e-005 1.35569037e-005 
5.00000000e-001 1.33928571e+001 1.00000000e+001 1.07793419e-005 2.19831926e-005 2.08221973e-005 2.02918016e-005 1.89830530e-005 1.84681359e-005 1.82284372e-005 1.60826750e-005 1.29944330e-005 
5.00000000e-001 9.28571429e+000 1.00000000e+001 8.30264182e-006 1.91374428e-005 1.88028993e-005 1.84883418e-005 1.76101245e-005 1.72186875e-005 1.70299856e-005 1.51928791e-005 1.23823549e-005 
5.00000000e-001 4.82142857e+000 1.00000000e+001 6.70506979e-006 1.69926855e-005 1.72331935e-005 1.70796854e-005 1.65227768e-005 1.62229771e-005 1.60720515e-005 1.44646682e-005 1.18622647e-005 
5.00000000e-001 0.00000000e+000 1.00000000e+001 6.19785078e-006 1.62704345e-005 1.66789331e-005 1.65739681e-005 1.61173787e-005 1.58475740e-005 1.57092362e-005 1.41820854e-005 1.16574289e-005 
7.50000000e-001 3.50000000e+001 1.00000000e+001 1.38416303e-004 9.86855412e-005 6.44212803e-005 5.73460537e-005 4.47595542e-005 4.13771851e-005 3.99909120e-005 3.13511304e-005 2.28275421e-005 
7.50000000e-001 3.48214286e+001 1.00000000e+001 1.26902687e-004 9.34850259e-005 6.17481477e-005 5.51249906e-005 4.32792043e-005 4.00768838e-005 3.87616696e-005 3.05128517e-005 2.23037895e-005 
7.50000000e-001 3.42857143e+001 1.00000000e+001 1.05117239e-004 8.27432192e-005 5.59986363e-005 5.02950614e-005 3.99821042e-005 3.71591412e-005 3.59945334e-005 2.85874070e-005 2.10724023e-005 
7.50000000e-001 3.33928571e+001 1.00000000e+001 8.13413764e-005 6.98758607e-005 4.88440757e-005 4.42267779e-005 3.57568640e-005 3.33980447e-005 3.24187243e-005 2.60614646e-005 1.94303580e-005 
7.50000000e-001 3.21428571e+001 1.00000000e+001 5.96341703e-005 5.68884281e-005 4.13437252e-005 3.78075151e-005 3.12063511e-005 2.93264261e-005 2.85393068e-005 2.32855252e-005 1.76015264e-005 
7.50000000e-001 3.05357143e+001 1.00000000e+001 4.17847215e-005 4.49856710e-005 3.42192730e-005 3.16616088e-005 2.67829142e-005 2.53515647e-005 2.47453571e-005 2.05425610e-005 1.57760695e-005 
7.50000000e-001 2.85714286e+001 1.00000000e+001 2.83133355e-005 3.49435029e-005 2.80158241e-005 2.62746884e-005 2.28569562e-005 2.18115730e-005 2.13617137e-005 1.80769734e-005 1.41243344e-005 
7.50000000e-001 2.62500000e+001 1.00000000e+001 1.87957939e-005 2.70534057e-005 2.30094950e-005 2.19034713e-005 1.96414369e-005 1.89062445e-005 1.85826927e-005 1.60479312e-005 1.27707552e-005 
7.50000000e-001 2.35714286e+001 1.00000000e+001 1.23444655e-005 2.11210237e-005 1.91450315e-005 1.85129193e-005 1.71297761e-005 1.66347417e-005 1.64095813e-005 1.44662273e-005 1.17313800e-005 
7.50000000e-001 2.05357143e+001 1.00000000e+001 7.99966688e-006 1.66401687e-005 1.61575294e-005 1.58812001e-005 1.51690321e-005 1.48605044e-005 1.47122252e-005 1.32365321e-005 1.09379262e-005 
7.50000000e-001 1.71428571e+001 1.00000000e+001 5.15564755e-006 1.32828748e-005 1.38469447e-005 1.38317531e-005 1.36248990e-005 1.34605492e-005 1.33722035e-005 1.22666902e-005 1.03194954e-005 
7.50000000e-001 1.33928571e+001 1.00000000e+001 3.30528880e-006 1.06170973e-005 1.18467504e-005 1.20164655e-005 1.21905869e-005 1.21413877e-005 1.21017060e-005 1.13088229e-005 9.67143170e-006 
7.50000000e-001 9.28571429e+000 1.00000000e+001 2.14980196e-006 8.55726056e-006 1.01720555e-005 1.04699872e-005 1.09294561e-005 1.09709193e-005 1.09699539e-005 1.04315089e-005 9.05023662e-006 
7.50000000e-001 4.82142857e+000 1.00000000e+001 1.50558251e-006 7.16939839e-006 8.98644148e-006 9.36439553e-006 1.00078677e-005 1.01089119e-005 1.01335095e-005 9.76637988e-006 8.56104718e-006 
7.50000000e-001 0.00000000e+000 1.00000000e+001 1.30824663e-006 6.70859216e-006 8.57509374e-006 8.97519506e-006 9.67259340e-006 9.79221930e-006 9.82496081e-006 9.51550692e-006 8.37355441e-006 
1.00000000e+000 3.50000000e+001 1.00000000e+001 1.36291044e-004 9.63611207e-005 6.25651934e-005 5.56048904e-005 4.32480736e-005 3.99376707e-005 3.85826193e-005 3.01719687e-005 2.19257266e-005 
1.00000000e+000 3.48214286e+001 1.00000000e+001 1.22127082e-004 8.99801397e-005 5.92957582e-005 5.28913926e-005 4.14444640e-005 3.83549564e-005 3.70870536e-005 2.91553867e-005 2.12939422e-005 
1.00000000e+000 3.42857143e+001 1.00000000e+001 9.66157276e-005 7.73326433e-005 5.25318715e-005 4.72124866e-005 3.75740423e-005 3.49320690e-005 3.38418503e-005 2.69031170e-005 1.98606412e-005 
1.00000000e+000 3.33928571e+001 1.00000000e+001 7.03327366e-005 6.28067819e-005 4.44163328e-005 4.03229069e-005 3.27696089e-005 3.06541292e-005 2.97743056e-005 2.40306127e-005 1.79985569e-005 
1.00000000e+000 3.21428571e+001 1.00000000e+001 4.78868014e-005 4.87913625e-005 3.62172322e-005 3.32842756e-005 2.77495645e-005 2.61549380e-005 2.54846872e-005 2.09518916e-005 1.59698519e-005 
1.00000000e+000 3.05357143e+001 1.00000000e+001 3.07837732e-005 3.65510877e-005 2.87135712e-005 2.67724312e-005 2.30045314e-005 2.18761212e-005 2.13947914e-005 1.79729062e-005 1.39789936e-005 
1.00000000e+000 2.85714286e+001 1.00000000e+001 1.89085342e-005 2.67139997e-005 2.24013700e-005 2.12375776e-005 1.88890103e-005 1.81439305e-005 1.78190934e-005 1.53344792e-005 1.21962492e-005 
1.00000000e+000 2.62500000e+001 1.00000000e+001 1.12242176e-005 1.93046399e-005 1.74259852e-005 1.68300298e-005 1.55486722e-005 1.50999684e-005 1.48972340e-005 1.31594245e-005 1.07231109e-005 
1.00000000e+000 2.35714286e+001 1.00000000e+001 6.48914583e-006 1.39345497e-005 1.36422563e-005 1.34437460e-005 1.29358090e-005 1.27089988e-005 1.25986626e-005 1.14393474e-005 9.56461034e-006 
1.00000000e+000 2.05357143e+001 1.00000000e+001 3.63771080e-006 1.00528165e-005 1.07711483e-005 1.08479687e-005 1.08962749e-005 1.08347787e-005 1.07940844e-005 1.00818692e-005 8.65586635e-006 
1.00000000e+000 1.71428571e+001 1.00000000e+001 1.99443855e-006 7.29752963e-006 8.61235780e-006 8.87084915e-006 9.30594785e-006 9.36509029e-006 9.37598306e-006 9.00537569e-006 7.93493926e-006 
1.00000000e+000 1.33928571e+001 1.00000000e+001 1.07320792e-006 5.29834098e-006 6.88875703e-006 7.25409349e-006 7.94121344e-006 8.08599613e-006 8.13440471e-006 8.02670651e-006 7.24641526e-006 
1.00000000e+000 9.28571429e+000 1.00000000e+001 5.81879276e-007 3.90452480e-006 5.57220667e-006 5.99388245e-006 6.83638727e-006 7.03933709e-006 7.11379879e-006 7.19784521e-006 6.63776473e-006 
1.00000000e+000 4.82142857e+000 1.00000000e+001 3.44399133e-007 3.04522443e-006 4.70434089e-006 5.15137898e-006 6.07590673e-006 6.31218208e-006 6.40185573e-006 6.60362521e-006 6.18467869e-006 
1.00000000e+000 0.00000000e+000 1.00000000e+001 2.76180844e-007 2.76618915e-006 4.40879414e-006 4.86037851e-006 5.80493781e-006 6.05069022e-006 6.14485672e-006 6.38450916e-006 6.01477656e-006 
1.25000000e+000 3.50000000e+001 1.00000000e+001 1.34974706e-004 9.49150240e-005 6.14009346e-005 5.45069903e-005 4.22772779e-005 3.90056866e-005 3.76674109e-005 2.93839648e-005 2.12992995e-005 
1.25000000e+000 3.48214286e+001 1.00000000e+001 1.18345576e-004 8.74231751e-005 5.75677855e-005 5.13273985e-005 4.01668322e-005 3.71546494e-005 3.59187004e-005 2.81974001e-005 2.05641153e-005 
1.25000000e+000 3.42857143e+001 1.00000000e+001 8.96376453e-005 7.30733567e-005 4.98848838e-005 4.48765779e-005 3.57710876e-005 3.32677746e-005 3.22339155e-005 2.56425517e-005 1.89423428e-005 
1.25000000e+000 3.33928571e+001 1.00000000e+001 6.15694682e-005 5.71955680e-005 4.09565209e-005 3.72862609e-005 3.04635757e-005 2.85384984e-005 2.77359797e-005 2.24624304e-005 1.68819156e-005 
1.25000000e+000 3.21428571e+001 1.00000000e+001 3.90497861e-005 4.24982170e-005 3.22367404e-005 2.97753281e-005 2.50695875e-005 2.36946512e-005 2.31140546e-005 1.91312014e-005 1.46816613e-005 
1.25000000e+000 3.05357143e+001 1.00000000e+001 2.30966966e-005 3.02376049e-005 2.45363509e-005 2.30522581e-005 2.01087779e-005 1.92049427e-005 1.88161253e-005 1.59746334e-005 1.25590857e-005 
1.25000000e+000 2.85714286e+001 1.00000000e+001 1.28914722e-005 2.08480948e-005 1.82826809e-005 1.75166801e-005 1.59111390e-005 1.53765365e-005 1.51395936e-005 1.32258045e-005 1.06819353e-005 
1.25000000e+000 2.62500000e+001 1.00000000e+001 6.85833810e-006 1.41009849e-005 1.34999546e-005 1.32211525e-005 1.25616421e-005 1.22988368e-005 1.21751723e-005 1.09754364e-005 9.13164725e-006 
1.25000000e+000 2.35714286e+001 1.00000000e+001 3.50037836e-006 9.43727048e-006 9.96058061e-006 9.99366829e-006 9.97315642e-006 9.90331257e-006 9.86136943e-006 9.19608127e-006 7.90218391e-006 
1.25000000e+000 2.05357143e+001 1.00000000e+001 1.70376641e-006 6.24849997e-006 7.36011887e-006 7.58448089e-006 7.98298304e-006 8.04751575e-006 8.06357285e-006 7.79419186e-006 6.92971072e-006 
1.25000000e+000 1.71428571e+001 1.00000000e+001 7.97886359e-007 4.12659516e-006 5.48110480e-006 5.81076991e-006 6.46543398e-006 6.61958439e-006 6.67532555e-006 6.69220141e-006 6.15754230e-006 
1.25000000e+000 1.33928571e+001 1.00000000e+001 3.61253466e-007 2.71256429e-006 4.08030023e-006 4.45227152e-006 5.23936817e-006 5.44822659e-006 5.52924510e-006 5.74651445e-006 5.46365766e-006 
1.25000000e+000 9.28571429e+000 1.00000000e+001 1.62689699e-007 1.81315076e-006 3.08753106e-006 3.46596114e-006 4.30774124e-006 4.54678306e-006 4.64254171e-006 4.99022466e-006 4.88476508e-006 
1.25000000e+000 4.82142857e+000 1.00000000e+001 8.00961274e-008 1.30181265e-006 2.47203600e-006 2.84300889e-006 3.69721418e-006 3.94949946e-006 4.05225452e-006 4.47144426e-006 4.47233926e-006 
1.25000000e+000 0.00000000e+000 1.00000000e+001 5.83112713e-008 1.14064508e-006 2.26678887e-006 2.63211622e-006 3.48384092e-006 3.73881642e-006 3.84324317e-006 4.28377692e-006 4.32047734e-006 
1.50000000e+000 3.50000000e+001 1.00000000e+001 1.34076269e-004 9.39243956e-005 6.06028346e-005 5.37537687e-005 4.16077612e-005 3.83609229e-005 3.70332284e-005 2.88300838e-005 2.08480555e-005 
1.50000000e+000 3.48214286e+001 1.00000000e+001 1.15130841e-004 8.53776038e-005 5.62321617e-005 5.01292840e-005 3.92038021e-005 3.62530385e-005 3.50421279e-005 2.74804364e-005 2.00134084e-005 
1.50000000e+000 3.42857143e+001 1.00000000e+001 8.36445481e-005 6.94883308e-005 4.77069087e-005 4.29686457e-005 3.43217746e-005 3.19358018e-005 3.09492716e-005 2.46432026e-005 1.82146490e-005 
1.50000000e+000 3.33928571e+001 1.00000000e+001 5.43277111e-005 5.24970525e-005 3.80824756e-005 3.47730386e-005 2.85723009e-005 2.68080972e-005 2.60706274e-005 2.11876542e-005 1.59743297e-005 
1.50000000e+000 3.21428571e+001 1.00000000e+001 3.21661128e-005 3.73707888e-005 2.89764498e-005 2.69018717e-005 2.28789787e-005 2.16848841e-005 2.11779744e-005 1.76447613e-005 1.36263473e-005 
1.50000000e+000 3.05357143e+001 1.00000000e+001 1.75382685e-005 2.52966293e-005 2.12071758e-005 2.00779406e-005 1.77810358e-005 1.70543819e-005 1.67386182e-005 1.43565811e-005 1.13997146e-005 
1.50000000e+000 2.85714286e+001 1.00000000e+001 8.90854991e-006 1.64805867e-005 1.51169721e-005 1.46375362e-005 1.35766815e-005 1.31985897e-005 1.30272633e-005 1.15450526e-005 9.45773518e-006 
1.50000000e+000 2.62500000e+001 1.00000000e+001 4.25301788e-006 1.04511383e-005 1.06138036e-005 1.05397405e-005 1.02935545e-005 1.01578545e-005 1.00887440e-005 9.27127670e-006 7.86364760e-006 
1.50000000e+000 2.35714286e+001 1.00000000e+001 1.91927854e-006 6.49839178e-006 7.39301766e-006 7.55010813e-006 7.80626763e-006 7.83111386e-006 7.83125469e-006 7.48889703e-006 6.60038949e-006 
1.50000000e+000 2.05357143e+001 1.00000000e+001 8.12850537e-007 3.95736741e-006 5.11887279e-006 5.39392375e-006 5.93842093e-006 6.06498797e-006 6.11033078e-006 6.09997347e-006 5.60323632e-006 
1.50000000e+000 1.71428571e+001 1.00000000e+001 3.25986457e-007 2.38130977e-006 3.55027519e-006 3.86994048e-006 4.55546835e-006 4.74113484e-006 4.81396591e-006 5.02609605e-006 4.81768618e-006 
1.50000000e+000 1.33928571e+001 1.00000000e+001 1.24489492e-007 1.41627147e-006 2.45411459e-006 2.77119198e-006 3.49564130e-006 3.70905183e-006 3.79609265e-006 4.14659267e-006 4.14370784e-006 
1.50000000e+000 9.28571429e+000 1.00000000e+001 4.65655105e-008 8.54679313e-007 1.72849265e-006 2.02259022e-006 2.73307862e-006 2.95517040e-006 3.04792165e-006 3.47539562e-006 3.60640697e-006 
1.50000000e+000 4.82142857e+000 1.00000000e+001 1.88996056e-008 5.59923236e-007 1.30377983e-006 1.57400231e-006 2.25482126e-006 2.47614381e-006 2.56990825e-006 3.03194685e-006 3.23724441e-006 
1.50000000e+000 0.00000000e+000 1.00000000e+001 1.23130629e-008 4.70367485e-007 1.16550086e-006 1.42543949e-006 2.09086096e-006 2.31030218e-006 2.40374904e-006 2.87428561e-006 3.10346278e-006 
1.75000000e+000 3.50000000e+001 1.00000000e+001 1.33421731e-004 9.32013498e-005 6.00199988e-005 5.32038073e-005 4.11187744e-005 3.78896751e-005 3.65694985e-005 2.84227241e-005 2.05115549e-005 
1.75000000e+000 3.48214286e+001 1.00000000e+001 1.12284542e-004 8.36464688e-005 5.51337015e-005 4.91521485e-005 3.84324433e-005 3.55345509e-005 3.43450178e-005 2.69158158e-005 1.95808156e-005 
1.75000000e+000 3.42857143e+001 1.00000000e+001 7.83626890e-005 6.63534318e-005 4.58301064e-005 4.13335578e-005 3.30968122e-005 3.08151421e-005 2.98705288e-005 2.38132772e-005 1.76149370e-005 
1.75000000e+000 3.33928571e+001 1.00000000e+001 4.82090278e-005 4.84413117e-005 3.56050407e-005 3.26108795e-005 2.69557979e-005 2.53327831e-005 2.46523386e-005 2.01092760e-005 1.52104785e-005 
1.75000000e+000 3.21428571e+001 1.00000000e+001 2.66885396e-005 3.30778083e-005 2.62178168e-005 2.44676567e-005 2.10227810e-005 1.99826859e-005 1.95385823e-005 1.63882378e-005 1.27348155e-005 
1.75000000e+000 3.05357143e+001 1.00000000e+001 1.34329230e-005 2.13276320e-005 1.84717896e-005 1.76237066e-005 1.58472678e-005 1.52650366e-005 1.50090045e-005 1.30048327e-005 1.04267910e-005 
1.75000000e+000 2.85714286e+001 1.00000000e+001 6.21593545e-006 1.31436130e-005 1.26106602e-005 1.23410561e-005 1.16892310e-005 1.14312570e-005 1.13105994e-005 1.01668653e-005 8.44362733e-006 
1.75000000e+000 2.62500000e+001 1.00000000e+001 2.66522777e-006 7.82322878e-006 8.42925629e-006 8.48769075e-006 8.52061389e-006 8.47417507e-006 8.44382997e-006 7.90716733e-006 6.83152704e-006 
1.75000000e+000 2.35714286e+001 1.00000000e+001 1.06449349e-006 4.52544127e-006 5.55052299e-006 5.76960803e-006 6.17855495e-006 6.26065897e-006 6.28693519e-006 6.16051633e-006 5.56244115e-006 
1.75000000e+000 2.05357143e+001 1.00000000e+001 3.92792365e-007 2.53891661e-006 3.60585261e-006 3.88450101e-006 4.46964607e-006 4.62317546e-006 4.68244082e-006 4.82210581e-006 4.56917239e-006 
1.75000000e+000 1.71428571e+001 1.00000000e+001 1.35114605e-007 1.39425279e-006 2.33078024e-006 2.61090732e-006 3.24667215e-006 3.43296230e-006 3.50884642e-006 3.80925158e-006 3.79698195e-006 
1.75000000e+000 1.33928571e+001 1.00000000e+001 4.35951890e-008 7.50640161e-007 1.49471352e-006 1.74518366e-006 2.35499514e-006 2.54804291e-006 2.62920576e-006 3.01349261e-006 3.15974736e-006 
1.75000000e+000 9.28571429e+000 1.00000000e+001 1.35569837e-008 4.07978756e-007 9.76570290e-007 1.19006473e-006 1.74505484e-006 1.93187574e-006 2.01220634e-006 2.43081702e-006 2.67091441e-006 
1.75000000e+000 4.82142857e+000 1.00000000e+001 4.51556966e-009 2.42216785e-007 6.90064065e-007 8.74100860e-007 1.37816436e-006 1.55547348e-006 1.63287095e-006 2.05870616e-006 2.34549569e-006 
1.75000000e+000 0.00000000e+000 1.00000000e+001 2.60036265e-009 1.93973358e-007 5.99272532e-007 7.71971445e-007 1.25486807e-006 1.42760759e-006 1.50343802e-006 1.92857587e-006 2.22927643e-006 
2.00000000e+000 3.50000000e+001 1.00000000e+001 1.32921697e-004 9.26494919e-005 5.95746245e-005 5.27835832e-005 4.07453998e-005 3.75298981e-005 3.62154638e-005 2.81112800e-005 2.02525513e-005 
2.00000000e+000 3.48214286e+001 1.00000000e+001 1.09699789e-004 8.21268873e-005 5.41915511e-005 4.83199904e-005 3.77862647e-005 3.49357835e-005 3.37653389e-005 2.64521192e-005 1.92286413e-005 
2.00000000e+000 3.42857143e+001 1.00000000e+001 7.36304907e-005 6.35461267e-005 4.41645471e-005 3.98879694e-005 3.20250875e-005 2.98384112e-005 2.89319263e-005 2.30989890e-005 1.71042146e-005 
2.00000000e+000 3.33928571e+001 1.00000000e+001 4.29627100e-005 4.48727062e-005 3.34189693e-005 3.07040474e-005 2.55351584e-005 2.40384599e-005 2.34090660e-005 1.91695273e-005 1.45491980e-005 
2.00000000e+000 3.21428571e+001 1.00000000e+001 2.22663313e-005 2.94202423e-005 2.38347363e-005 2.23599296e-005 1.94112173e-005 1.85045701e-005 1.81150246e-005 1.52982573e-005 1.19628480e-005 
2.00000000e+000 3.05357143e+001 1.00000000e+001 1.03563228e-005 1.80851590e-005 1.61795923e-005 1.55563822e-005 1.42041122e-005 1.37415605e-005 1.35352625e-005 1.18487602e-005 9.59208886e-006 
2.00000000e+000 2.85714286e+001 1.00000000e+001 4.36903458e-006 1.05509449e-005 1.05875477e-005 1.04719483e-005 1.01298094e-005 9.96537997e-006 9.88451195e-006 9.01195821e-006 7.58658524e-006 
2.00000000e+000 2.62500000e+001 1.00000000e+001 1.68350037e-006 5.89872981e-006 6.74318820e-006 6.88532660e-006 7.10534563e-006 7.12202918e-006 7.11953318e-006 6.79307319e-006 5.97619631e-006 
2.00000000e+000 2.35714286e+001 1.00000000e+001 5.95498154e-007 3.17732519e-006 4.20195711e-006 4.44591139e-006 4.93107263e-006 5.04666149e-006 5.08886002e-006 5.10797162e-006 4.72188308e-006 
2.00000000e+000 2.05357143e+001 1.00000000e+001 1.91615099e-007 1.64419147e-006 2.56414371e-006 2.82387924e-006 3.39483333e-006 3.55566028e-006 3.62003651e-006 3.84315969e-006 3.75269899e-006 
2.00000000e+000 1.71428571e+001 1.00000000e+001 5.65935045e-008 8.25092868e-007 1.54609757e-006 1.77937983e-006 2.33549387e-006 2.50811270e-006 2.58018687e-006 2.90948028e-006 3.01184980e-006 
2.00000000e+000 1.33928571e+001 1.00000000e+001 1.54449574e-008 4.02466226e-007 9.19770622e-007 1.10979434e-006 1.59986058e-006 1.76431256e-006 1.83505186e-006 2.20405747e-006 2.42150373e-006 
2.00000000e+000 9.28571429e+000 1.00000000e+001 3.99700827e-009 1.96799971e-007 5.56221611e-007 7.05392511e-007 1.12070915e-006 1.26970552e-006 1.33531837e-006 1.70709208e-006 1.98399706e-006 
2.00000000e+000 4.82142857e+000 1.00000000e+001 1.09040290e-009 1.05344631e-007 3.66477611e-007 4.86854648e-007 8.44143621e-007 9.78998529e-007 1.03939578e-006 1.39976714e-006 1.70101020e-006 
2.00000000e+000 0.00000000e+000 1.00000000e+001 5.49231663e-010 7.99953671e-008 3.08138783e-007 4.18082888e-007 7.53142320e-007 8.82174110e-007 9.40344683e-007 1.29403870e-006 1.60134120e-006 
2.25000000e+000 3.50000000e+001 1.00000000e+001 1.32525543e-004 9.22139464e-005 5.92226689e-005 5.24514459e-005 4.04504009e-005 3.72457222e-005 3.59358579e-005 2.78653850e-005 2.00475381e-005 
2.25000000e+000 3.48214286e+001 1.00000000e+001 1.07312753e-004 8.07590945e-005 5.33593839e-005 4.75893069e-005 3.72268543e-005 3.44198487e-005 3.32668692e-005 2.60583587e-005 1.89330240e-005 
2.25000000e+000 3.42857143e+001 1.00000000e+001 6.93426088e-005 6.09916929e-005 4.26570515e-005 3.85828486e-005 3.10647115e-005 2.89657205e-005 2.80944263e-005 2.24675326e-005 1.66575895e-005 
2.25000000e+000 3.33928571e+001 1.00000000e+001 3.84170393e-005 4.16913559e-005 3.14595064e-005 2.89941664e-005 2.42626170e-005 2.28801671e-005 2.22970138e-005 1.83325353e-005 1.39638623e-005 
2.25000000e+000 3.21428571e+001 1.00000000e+001 1.86584229e-005 2.62660230e-005 2.17469170e-005 2.05076389e-005 1.79883870e-005 1.71985183e-005 1.68568712e-005 1.43346327e-005 1.12813749e-005 
2.25000000e+000 3.05357143e+001 1.00000000e+001 8.02595216e-006 1.54046674e-005 1.42327130e-005 1.37901915e-005 1.27857288e-005 1.24231976e-005 1.22587062e-005 1.08426631e-005 8.86335761e-006 
2.25000000e+000 2.85714286e+001 1.00000000e+001 3.08866775e-006 8.51275848e-006 8.93253443e-006 8.92930878e-006 8.82149616e-006 8.73027447e-006 8.68086595e-006 8.02811215e-006 6.85054515e-006 
2.25000000e+000 2.62500000e+001 1.00000000e+001 1.07003874e-006 4.47257868e-006 5.42412789e-006 5.61634808e-006 5.95829273e-006 6.01923748e-006 6.03668280e-006 5.86884238e-006 5.25682947e-006 
2.25000000e+000 2.35714286e+001 1.00000000e+001 3.35380960e-007 2.24474234e-006 3.20101906e-006 3.44753557e-006 3.96052254e-006 4.09396491e-006 4.14529690e-006 4.26173930e-006 4.03213883e-006 
2.25000000e+000 2.05357143e+001 1.00000000e+001 9.41650005e-008 1.07233926e-006 1.83651242e-006 2.06765591e-006 2.59685263e-006 2.75393164e-006 2.81831973e-006 3.08337777e-006 3.10077289e-006 
2.25000000e+000 1.71428571e+001 1.00000000e+001 2.38961814e-008 4.92246567e-007 1.03389123e-006 1.22237876e-006 1.69277005e-006 1.84595355e-006 1.91114703e-006 2.23692585e-006 2.40259117e-006 
2.25000000e+000 1.33928571e+001 1.00000000e+001 5.52003690e-009 2.17735167e-007 5.70742415e-007 7.11452078e-007 1.09466746e-006 1.23000716e-006 1.28935046e-006 1.62124819e-006 1.86424702e-006 
2.25000000e+000 9.28571429e+000 1.00000000e+001 1.18976248e-009 9.57615196e-008 3.19053431e-007 4.20850848e-007 7.23568856e-007 8.38617662e-007 8.90356673e-007 1.20339690e-006 1.47794124e-006 
2.25000000e+000 4.82142857e+000 1.00000000e+001 2.65683106e-010 4.60453837e-008 1.95259324e-007 2.71936826e-007 5.18120949e-007 6.17322648e-007 6.62803525e-007 9.53003703e-007 1.23477142e-006 
2.25000000e+000 0.00000000e+000 1.00000000e+001 1.16019403e-010 3.29917594e-008 1.58445001e-007 2.26429095e-007 4.52024617e-007 5.45136373e-007 5.88157642e-007 8.68283449e-007 1.15028749e-006 
2.50000000e+000 3.50000000e+001 1.00000000e+001 1.32202482e-004 9.18610509e-005 5.89372433e-005 5.21820154e-005 4.02110726e-005 3.70152126e-005 3.57090770e-005 2.76660817e-005 1.98812946e-005 
2.50000000e+000 3.48214286e+001 1.00000000e+001 1.05082301e-004 7.95056030e-005 5.26085321e-005 4.69332782e-005 3.67305966e-005 3.39640242e-005 3.28272650e-005 2.57150937e-005 1.86784608e-005 
2.50000000e+000 3.42857143e+001 1.00000000e+001 6.54253153e-005 5.86408405e-005 4.12735675e-005 3.73870427e-005 3.01893606e-005 2.81720117e-005 2.73334937e-005 2.18980443e-005 1.62587346e-005 
2.50000000e+000 3.33928571e+001 1.00000000e+001 3.44473802e-005 3.88281878e-005 2.96835040e-005 2.74427577e-005 2.31072649e-005 2.18288909e-005 2.12879359e-005 1.75750295e-005 1.34367548e-005 
2.50000000e+000 3.21428571e+001 1.00000000e+001 1.56911976e-005 2.35214338e-005 1.98991965e-005 1.88625034e-005 1.67170923e-005 1.60300556e-005 1.57307396e-005 1.34707200e-005 1.06707204e-005 
2.50000000e+000 3.05357143e+001 1.00000000e+001 6.24632750e-006 1.31691371e-005 1.25629201e-005 1.22658535e-005 1.15474270e-005 1.12688615e-005 1.11396942e-005 9.95564856e-006 8.21839608e-006 
2.50000000e+000 2.85714286e+001 1.00000000e+001 2.19377368e-006 6.89639595e-006 7.56548940e-006 7.64323127e-006 7.71156944e-006 7.67758741e-006 7.65307387e-006 7.17949405e-006 6.21029327e-006 
2.50000000e+000 2.62500000e+001 1.00000000e+001 6.83566057e-007 3.40643089e-006 4.38202267e-006 4.60107709e-006 5.01816741e-006 5.10943903e-006 5.14094124e-006 5.09279315e-006 4.64450582e-006 
2.50000000e+000 2.35714286e+001 1.00000000e+001 1.89912936e-007 1.59373655e-006 2.45047692e-006 2.68651422e-006 3.19682249e-006 3.33768164e-006 3.39354427e-006 3.57342275e-006 3.45986592e-006 
2.50000000e+000 2.05357143e+001 1.00000000e+001 4.65490156e-008 7.03284292e-007 1.32276376e-006 1.52249462e-006 1.99766348e-006 2.14497835e-006 2.20647243e-006 2.48729325e-006 2.57516066e-006 
2.50000000e+000 1.71428571e+001 1.00000000e+001 1.01547329e-008 2.95539530e-007 6.95802055e-007 8.45090971e-007 1.23450984e-006 1.36686798e-006 1.42412011e-006 1.72947598e-006 1.92606036e-006 
2.50000000e+000 1.33928571e+001 1.00000000e+001 1.98645266e-009 1.18635171e-007 3.56600306e-007 4.59148580e-007 7.53593602e-007 8.62571768e-007 9.11178994e-007 1.19859439e-006 1.44122113e-006 
2.50000000e+000 9.28571429e+000 1.00000000e+001 3.56797562e-010 4.69345549e-008 1.84142794e-007 2.52539748e-007 4.69412616e-007 5.56387671e-007 5.96262539e-007 8.51331211e-007 1.10394204e-006 
2.50000000e+000 4.82142857e+000 1.00000000e+001 6.52274148e-011 2.02189642e-008 1.04354996e-007 1.52305156e-007 3.18652118e-007 3.89968688e-007 4.23391400e-007 6.49678674e-007 8.97154771e-007 
2.50000000e+000 0.00000000e+000 1.00000000e+001 2.45108679e-011 1.36070484e-008 8.14743443e-008 1.22633953e-007 2.71302103e-007 3.36869266e-007 3.67879453e-007 5.82612096e-007 8.26288059e-007 
0.00000000e+000 3.50000000e+001 2.00000000e+001 2.45827008e-004 1.65534698e-004 1.04225692e-004 9.17044070e-005 6.95167528e-005 6.36129246e-005 6.12062055e-005 4.66168408e-005 3.29179692e-005 
0.00000000e+000 3.48214286e+001 2.00000000e+001 2.43837951e-004 1.64228748e-004 1.03409996e-004 9.09884382e-005 6.89773216e-005 6.31203343e-005 6.07326740e-005 4.62579306e-005 3.26648655e-005 
0.00000000e+000 3.42857143e+001 2.00000000e+001 2.38207972e-004 1.60534181e-004 1.01105848e-004 8.89668883e-005 6.74558626e-005 6.17315021e-005 5.93977952e-005 4.52471609e-005 3.19527150e-005 
0.00000000e+000 3.33928571e+001 2.00000000e+001 2.29137836e-004 1.54576293e-004 9.73895484e-005 8.57065707e-005 6.50028660e-005 5.94926900e-005 5.72461137e-005 4.36186442e-005 3.08055412e-005 
0.00000000e+000 3.21428571e+001 2.00000000e+001 2.17263005e-004 1.46785249e-004 9.25338975e-005 8.14480765e-005 6.18020836e-005 5.65725867e-005 5.44401818e-005 4.14974544e-005 2.93125201e-005 
0.00000000e+000 3.05357143e+001 2.00000000e+001 2.03579495e-004 1.37798612e-004 8.69395330e-005 7.65445025e-005 5.81230568e-005 5.32185735e-005 5.12183403e-005 3.90666541e-005 2.76038543e-005 
0.00000000e+000 2.85714286e+001 2.00000000e+001 1.88515974e-004 1.27909190e-004 8.07892914e-005 7.11567068e-005 5.40887081e-005 4.95436587e-005 4.76895563e-005 3.64103733e-005 2.57393721e-005 
0.00000000e+000 2.62500000e+001 2.00000000e+001 1.72920093e-004 1.17660641e-004 7.44250488e-005 6.55863529e-005 4.99301812e-005 4.57601436e-005 4.40584189e-005 3.36857315e-005 2.38306747e-005 
0.00000000e+000 2.35714286e+001 2.00000000e+001 1.57590874e-004 1.07576487e-004 6.81745063e-005 6.01223808e-005 4.58682616e-005 4.20705994e-005 4.05200431e-005 3.10421624e-005 2.19836731e-005 
0.00000000e+000 2.05357143e+001 2.00000000e+001 1.42854046e-004 9.78603515e-005 6.21602826e-005 5.48710751e-005 4.19808405e-005 3.85454696e-005 3.71418520e-005 2.85293269e-005 2.02326268e-005 
0.00000000e+000 1.71428571e+001 2.00000000e+001 1.29261207e-004 8.88753694e-005 5.66034709e-005 5.00251067e-005 3.84106065e-005 3.53141938e-005 3.40478880e-005 2.62391128e-005 1.86408904e-005 
0.00000000e+000 1.33928571e+001 2.00000000e+001 1.16608839e-004 8.05500209e-005 5.14552228e-005 4.55372308e-005 3.51124485e-005 3.23327418e-005 3.11946947e-005 2.41341630e-005 1.71810303e-005 
0.00000000e+000 9.28571429e+000 2.00000000e+001 1.07661578e-004 7.47628228e-005 4.79137034e-005 4.24645358e-005 3.28878462e-005 3.03331003e-005 2.92858065e-005 2.27462870e-005 1.62283543e-005 
0.00000000e+000 4.82142857e+000 2.00000000e+001 1.02547443e-004 7.15761639e-005 4.59759754e-005 4.07916697e-005 3.17013528e-005 2.92755330e-005 2.82800118e-005 2.20315714e-005 1.57465921e-005 
0.00000000e+000 0.00000000e+000 2.00000000e+001 1.00517151e-004 7.03420099e-005 4.52173181e-005 4.01312722e-005 3.12255779e-005 2.88498534e-005 2.78745890e-005 2.17416425e-005 1.55509033e-005 
2.50000000e-001 3.50000000e+001 2.00000000e+001 1.92111936e-004 1.37296342e-004 8.90233265e-005 7.89450245e-005 6.08595928e-005 5.59794965e-005 5.39806373e-005 4.16819780e-005 2.98856590e-005 
2.50000000e-001 3.48214286e+001 2.00000000e+001 1.85293381e-004 1.34063895e-004 8.72852796e-005 7.74787782e-005 5.98442700e-005 5.50757391e-005 5.31212207e-005 4.10723080e-005 2.94851699e-005 
2.50000000e-001 3.42857143e+001 2.00000000e+001 1.70195367e-004 1.26511213e-004 8.31212573e-005 7.39419130e-005 5.73585618e-005 5.28530288e-005 5.10034362e-005 3.95516901e-005 2.84728575e-005 
2.50000000e-001 3.33928571e+001 2.00000000e+001 1.50475443e-004 1.16072571e-004 7.72220643e-005 6.88984613e-005 5.37646931e-005 4.96259977e-005 4.79233147e-005 3.73162104e-005 2.69672272e-005 
2.50000000e-001 3.21428571e+001 2.00000000e+001 1.28900708e-004 1.04015785e-004 7.02592254e-005 6.29129047e-005 4.94511751e-005 4.57400401e-005 4.42091646e-005 3.45983400e-005 2.51204855e-005 
2.50000000e-001 3.05357143e+001 2.00000000e+001 1.07648036e-004 9.14861635e-005 6.28793476e-005 5.65385440e-005 4.48142254e-005 4.15518077e-005 4.02017996e-005 3.16474201e-005 2.31017242e-005 
2.50000000e-001 2.85714286e+001 2.00000000e+001 8.79968611e-005 7.91993780e-005 5.54837252e-005 5.01170374e-005 4.00950352e-005 3.72772616e-005 3.61070956e-005 2.86115889e-005 2.10091479e-005 
2.50000000e-001 2.62500000e+001 2.00000000e+001 7.06917677e-005 6.77161782e-005 4.84276394e-005 4.39613932e-005 3.55318962e-005 3.31347467e-005 3.21352490e-005 2.56513270e-005 1.89562462e-005 
2.50000000e-001 2.35714286e+001 2.00000000e+001 5.62288282e-005 5.75240215e-005 4.20372654e-005 3.83621184e-005 3.13497211e-005 2.93310561e-005 2.84855791e-005 2.29196466e-005 1.70516149e-005 
2.50000000e-001 2.05357143e+001 2.00000000e+001 4.44715971e-005 4.86942192e-005 3.63824056e-005 3.33848564e-005 2.76034126e-005 2.59173928e-005 2.52076835e-005 2.04554190e-005 1.53235116e-005 
2.50000000e-001 1.71428571e+001 2.00000000e+001 3.52844450e-005 4.13329212e-005 3.15674855e-005 2.91287182e-005 2.43778536e-005 2.29736203e-005 2.23792261e-005 1.83210332e-005 1.38183055e-005 
2.50000000e-001 1.33928571e+001 2.00000000e+001 2.82336703e-005 3.52767283e-005 2.75079540e-005 2.55205398e-005 2.16164779e-005 2.04471680e-005 1.99492671e-005 1.64761463e-005 1.25074058e-005 
2.50000000e-001 9.28571429e+000 2.00000000e+001 2.35567089e-005 3.11678884e-005 2.47576987e-005 2.30819873e-005 1.97674987e-005 1.87618777e-005 1.83310701e-005 1.52601278e-005 1.16501185e-005 
2.50000000e-001 4.82142857e+000 2.00000000e+001 2.08848016e-005 2.88433249e-005 2.32165138e-005 2.17222907e-005 1.87545507e-005 1.78449996e-005 1.74534141e-005 1.46133103e-005 1.12022297e-005 
2.50000000e-001 0.00000000e+000 2.00000000e+001 1.99128651e-005 2.79787254e-005 2.26324353e-005 2.12029705e-005 1.83617203e-005 1.74879982e-005 1.71111390e-005 1.43589827e-005 1.10251874e-005 
5.00000000e-001 3.50000000e+001 2.00000000e+001 1.81000230e-004 1.27404751e-004 8.24081621e-005 7.30820226e-005 5.64092029e-005 5.19235188e-005 5.00876772e-005 3.87935124e-005 2.79543384e-005 
5.00000000e-001 3.48214286e+001 2.00000000e+001 1.70077040e-004 1.22446777e-004 7.98245448e-005 7.09238662e-005 5.49496000e-005 5.06345162e-005 4.88661533e-005 3.79463843e-005 2.74129705e-005 
5.00000000e-001 3.42857143e+001 2.00000000e+001 1.47713492e-004 1.11626857e-004 7.40221934e-005 6.60391177e-005 5.15890961e-005 4.76509573e-005 4.60323241e-005 3.59528655e-005 2.61183115e-005 
5.00000000e-001 3.33928571e+001 2.00000000e+001 1.21001691e-004 9.77004500e-005 6.63143530e-005 5.94958546e-005 4.70063753e-005 4.35599975e-005 4.21376276e-005 3.31736041e-005 2.42848306e-005 
5.00000000e-001 3.21428571e+001 2.00000000e+001 9.44466584e-005 8.26888217e-005 5.77408161e-005 5.21594358e-005 4.17822813e-005 3.88735306e-005 3.76667567e-005 2.99431661e-005 2.21251076e-005 
5.00000000e-001 3.05357143e+001 2.00000000e+001 7.08245220e-005 6.81182116e-005 4.91510707e-005 4.47517709e-005 3.64240130e-005 3.40449687e-005 3.30516622e-005 2.65712796e-005 1.98444299e-005 
5.00000000e-001 2.85714286e+001 2.00000000e+001 5.13168434e-005 5.48569189e-005 4.10562702e-005 3.77114368e-005 3.12440072e-005 2.93542683e-005 2.85592370e-005 2.32494372e-005 1.75688509e-005 
5.00000000e-001 2.62500000e+001 2.00000000e+001 3.60852933e-005 4.33657369e-005 3.37862468e-005 3.13346885e-005 2.64743427e-005 2.50153555e-005 2.43958825e-005 2.01368813e-005 1.54118149e-005 
5.00000000e-001 2.35714286e+001 2.00000000e+001 2.48430978e-005 3.39131579e-005 2.75874403e-005 2.58525947e-005 2.23094139e-005 2.12104895e-005 2.07386166e-005 1.73749481e-005 1.34768400e-005 
5.00000000e-001 2.05357143e+001 2.00000000e+001 1.68286030e-005 2.63531619e-005 2.24396627e-005 2.12609701e-005 1.87644737e-005 1.79578316e-005 1.76065082e-005 1.49845314e-005 1.17826603e-005 
5.00000000e-001 1.71428571e+001 2.00000000e+001 1.13523949e-005 2.05399762e-005 1.83289769e-005 1.75635675e-005 1.58653826e-005 1.52866867e-005 1.50299546e-005 1.29980975e-005 1.03585090e-005 
5.00000000e-001 1.33928571e+001 2.00000000e+001 7.71624694e-006 1.61705499e-005 1.51089098e-005 1.46393619e-005 1.35298045e-005 1.31236272e-005 1.29390169e-005 1.13652265e-005 9.17096765e-006 
5.00000000e-001 9.28571429e+000 2.00000000e+001 5.52292617e-006 1.33132048e-005 1.29739235e-005 1.26983855e-005 1.19822839e-005 1.16926187e-005 1.15567673e-005 1.02914826e-005 8.39377981e-006 
5.00000000e-001 4.82142857e+000 2.00000000e+001 4.34491191e-006 1.17056237e-005 1.17708766e-005 1.16071794e-005 1.11216783e-005 1.09005725e-005 1.07933666e-005 9.70703392e-006 7.97736753e-006 
5.00000000e-001 0.00000000e+000 2.00000000e+001 3.94690807e-006 1.11305219e-005 1.13292169e-005 1.12033090e-005 1.07979442e-005 1.06012885e-005 1.05043778e-005 9.48353233e-006 7.81675924e-006 
7.50000000e-001 3.50000000e+001 2.00000000e+001 1.76763668e-004 1.22982455e-004 7.90938317e-005 7.00446739e-005 5.39243228e-005 4.96047655e-005 4.78394654e-005 3.70170692e-005 2.66824912e-005 
7.50000000e-001 3.48214286e+001 2.00000000e+001 1.62159122e-004 1.16443168e-004 7.57257781e-005 6.72423473e-005 5.20477680e-005 4.79532924e-005 4.62768666e-005 3.59447229e-005 2.60064661e-005 
7.50000000e-001 3.42857143e+001 2.00000000e+001 1.33858996e-004 1.02801000e-004 6.84709815e-005 6.11541691e-005 4.78941860e-005 4.42767132e-005 4.27895218e-005 3.35142746e-005 2.44474904e-005 
7.50000000e-001 3.33928571e+001 2.00000000e+001 1.02296388e-004 8.61230000e-005 5.92640736e-005 5.33520781e-005 4.24594515e-005 3.94355444e-005 3.81851414e-005 3.02517789e-005 2.23166249e-005 
7.50000000e-001 3.21428571e+001 2.00000000e+001 7.33251155e-005 6.91047943e-005 4.94855699e-005 4.49817172e-005 3.65058404e-005 3.40992692e-005 3.30966358e-005 2.65893061e-005 1.98845167e-005 
7.50000000e-001 3.05357143e+001 2.00000000e+001 4.97793535e-005 5.35211560e-005 4.01403300e-005 3.68981903e-005 3.06332784e-005 2.88033454e-005 2.80336960e-005 2.28898221e-005 1.73893078e-005 
7.50000000e-001 2.85714286e+001 2.00000000e+001 3.22296621e-005 4.02228867e-005 3.17775103e-005 2.95806747e-005 2.51927476e-005 2.38643098e-005 2.32988424e-005 1.93730577e-005 1.49768892e-005 
7.50000000e-001 2.62500000e+001 2.00000000e+001 1.99927046e-005 2.94618067e-005 2.46583994e-005 2.32760812e-005 2.03930548e-005 1.94779130e-005 1.90821630e-005 1.61904096e-005 1.27576511e-005 
7.50000000e-001 2.35714286e+001 2.00000000e+001 1.19915957e-005 2.12120889e-005 1.89081726e-005 1.81218808e-005 1.63766044e-005 1.57835449e-005 1.55212726e-005 1.34609983e-005 1.08243033e-005 
7.50000000e-001 2.05357143e+001 2.00000000e+001 6.98520524e-006 1.50871030e-005 1.43972385e-005 1.40272623e-005 1.31077215e-005 1.27565903e-005 1.25956008e-005 1.11820856e-005 9.18304352e-006 
7.50000000e-001 1.71428571e+001 2.00000000e+001 4.00064410e-006 1.07215607e-005 1.09974153e-005 1.09022336e-005 1.05526390e-005 1.03750015e-005 1.02874429e-005 9.35543827e-006 7.84548614e-006 
7.50000000e-001 1.33928571e+001 2.00000000e+001 2.28416796e-006 7.69549876e-006 8.49780650e-006 8.57329423e-006 8.59736841e-006 8.53880509e-006 8.50230733e-006 7.91635239e-006 6.77085724e-006 
7.50000000e-001 9.28571429e+000 2.00000000e+001 1.36783929e-006 5.81288683e-006 6.88892897e-006 7.06570534e-006 7.32218659e-006 7.33996369e-006 7.33642196e-006 6.97592217e-006 6.06903563e-006 
7.50000000e-001 4.82142857e+000 2.00000000e+001 9.22070577e-007 4.78332293e-006 5.99148768e-006 6.22315967e-006 6.61083637e-006 6.67256872e-006 6.68805758e-006 6.45734635e-006 5.68655433e-006 
7.50000000e-001 0.00000000e+000 2.00000000e+001 7.82725229e-007 4.42871233e-006 5.67166492e-006 5.92013629e-006 6.35029047e-006 6.42686607e-006 6.44885611e-006 6.26371095e-006 5.54214493e-006 
1.00000000e+000 3.50000000e+001 2.00000000e+001 1.74540341e-004 1.20570112e-004 7.71994549e-005 6.82790317e-005 5.24165322e-005 4.81766379e-005 4.64456187e-005 3.58666714e-005 2.58149306e-005 
1.00000000e+000 3.48214286e+001 2.00000000e+001 1.56542645e-004 1.12553431e-004 7.30935421e-005 6.48695632e-005 5.01451273e-005 4.61813648e-005 4.45592886e-005 3.45795791e-005 2.50097903e-005 
1.00000000e+000 3.42857143e+001 2.00000000e+001 1.23212775e-004 9.64149946e-005 6.45310671e-005 5.76926416e-005 4.52662978e-005 4.18688778e-005 4.04714045e-005 3.17438739e-005 2.32030527e-005 
1.00000000e+000 3.33928571e+001 2.00000000e+001 8.81987548e-005 7.75164142e-005 5.40637948e-005 4.88213036e-005 3.90922192e-005 3.63724974e-005 3.52455082e-005 2.80510398e-005 2.08025498e-005 
1.00000000e+000 3.21428571e+001 2.00000000e+001 5.83120218e-005 5.91455889e-005 4.33850678e-005 3.96608432e-005 3.25559730e-005 3.05106877e-005 2.96548671e-005 2.40263295e-005 1.81348646e-005 
1.00000000e+000 3.05357143e+001 2.00000000e+001 3.59996538e-005 4.32024139e-005 3.36089470e-005 3.11647417e-005 2.63317796e-005 2.48859669e-005 2.42732200e-005 2.00784735e-005 1.54674190e-005 
1.00000000e+000 2.85714286e+001 2.00000000e+001 2.09195502e-005 3.03937147e-005 2.52677817e-005 2.38096463e-005 2.07839007e-005 1.98301968e-005 1.94189972e-005 1.64435572e-005 1.29595290e-005 
1.00000000e+000 2.62500000e+001 2.00000000e+001 1.14981587e-005 2.06875212e-005 1.85187102e-005 1.77650545e-005 1.60819034e-005 1.55077595e-005 1.52538450e-005 1.32583278e-005 1.07152339e-005 
1.00000000e+000 2.35714286e+001 2.00000000e+001 6.03473238e-006 1.37443968e-005 1.33456016e-005 1.30569323e-005 1.23033114e-005 1.20037866e-005 1.18652053e-005 1.06125243e-005 8.81225252e-006 
1.00000000e+000 2.05357143e+001 2.00000000e+001 3.03597766e-006 8.95657232e-006 9.50580973e-006 9.50268046e-006 9.35594104e-006 9.24562352e-006 9.18777636e-006 8.47604690e-006 7.24198561e-006 
1.00000000e+000 1.71428571e+001 2.00000000e+001 1.48136961e-006 5.79489327e-006 6.77071533e-006 6.92729951e-006 7.14905489e-006 7.16154177e-006 7.15708955e-006 6.82007156e-006 5.99819302e-006 
1.00000000e+000 1.33928571e+001 2.00000000e+001 7.10529660e-007 3.77179886e-006 4.87688699e-006 5.11166551e-006 5.53762933e-006 5.62465133e-006 5.65340890e-006 5.56398447e-006 5.03133562e-006 
1.00000000e+000 9.28571429e+000 2.00000000e+001 3.52904389e-007 2.58741601e-006 3.70244454e-006 3.97320667e-006 4.50884630e-006 4.63945942e-006 4.68801814e-006 4.75168315e-006 4.40325043e-006 
1.00000000e+000 4.82142857e+000 2.00000000e+001 1.99250418e-007 1.96761146e-006 3.06149976e-006 3.34755874e-006 3.93866755e-006 4.09293818e-006 4.15238984e-006 4.30174592e-006 4.05760619e-006 
1.00000000e+000 0.00000000e+000 2.00000000e+001 1.55306614e-007 1.76243714e-006 2.83963974e-006 3.12862010e-006 3.73483031e-006 3.89638498e-006 3.95927766e-006 4.13721788e-006 3.92951906e-006 
1.25000000e+000 3.50000000e+001 2.00000000e+001 1.73166539e-004 1.19060419e-004 7.59938668e-005 6.71471944e-005 5.14292197e-005 4.72336796e-005 4.55217685e-005 3.50830221e-005 2.52017261e-005 
1.25000000e+000 3.48214286e+001 2.00000000e+001 1.51995229e-004 1.09646373e-004 7.11866856e-005 6.31599152e-005 4.87808761e-005 4.49098651e-005 4.33259350e-005 3.35899994e-005 2.42722887e-005 
1.25000000e+000 3.42857143e+001 2.00000000e+001 1.14321808e-004 9.12640314e-005 6.14314211e-005 5.49861462e-005 4.32325575e-005 4.00088522e-005 3.86816426e-005 3.03761634e-005 2.22324580e-005 
1.25000000e+000 3.33928571e+001 2.00000000e+001 7.68594449e-005 7.05476682e-005 4.98909676e-005 4.51958980e-005 3.64110296e-005 3.39355024e-005 3.29071628e-005 2.62980191e-005 1.95867670e-005 
1.25000000e+000 3.21428571e+001 2.00000000e+001 4.70018644e-005 5.12929896e-005 3.85425795e-005 3.54327799e-005 2.94093198e-005 2.76485105e-005 2.69081501e-005 2.19697017e-005 1.67156598e-005 
1.25000000e+000 3.05357143e+001 2.00000000e+001 2.64605416e-005 3.54129419e-005 2.85659389e-005 2.67154801e-005 2.29580314e-005 2.18028032e-005 2.13089670e-005 1.78382576e-005 1.39122132e-005 
1.25000000e+000 2.85714286e+001 2.00000000e+001 1.38367131e-005 2.33735774e-005 2.04320765e-005 1.94828033e-005 1.74138018e-005 1.67279468e-005 1.64275969e-005 1.41462277e-005 1.13437938e-005 
1.25000000e+000 2.62500000e+001 2.00000000e+001 6.75542503e-006 1.48167547e-005 1.41676751e-005 1.38050880e-005 1.28934675e-005 1.25455428e-005 1.23866499e-005 1.10094227e-005 9.10487185e-006 
1.25000000e+000 2.35714286e+001 2.00000000e+001 3.10992734e-006 9.10285229e-006 9.60876551e-006 9.58929283e-006 9.40252005e-006 9.27979116e-006 9.21695319e-006 8.48344482e-006 7.25515805e-006 
1.25000000e+000 2.05357143e+001 2.00000000e+001 1.35463562e-006 5.44443754e-006 6.40663493e-006 6.56416645e-006 6.79121698e-006 6.80841066e-006 6.80673041e-006 6.50885511e-006 5.76975230e-006 
1.25000000e+000 1.71428571e+001 2.00000000e+001 5.64613835e-007 3.20927101e-006 4.25189667e-006 4.48337000e-006 4.91741510e-006 5.01403345e-006 5.04824652e-006 5.02744751e-006 4.62476088e-006 
1.25000000e+000 1.33928571e+001 2.00000000e+001 2.27986303e-007 1.89090227e-006 2.84621936e-006 3.09445984e-006 3.60966173e-006 3.74594671e-006 3.79907258e-006 3.94302603e-006 3.76141312e-006 
1.25000000e+000 9.28571429e+000 2.00000000e+001 9.37791844e-008 1.17087598e-006 2.01177916e-006 2.25589126e-006 2.79641111e-006 2.95160039e-006 3.01433117e-006 3.25179182e-006 3.20530595e-006 
1.25000000e+000 4.82142857e+000 2.00000000e+001 4.37540995e-008 8.14501085e-007 1.57021610e-006 1.80651909e-006 2.35196331e-006 2.51571077e-006 2.58307852e-006 2.86979545e-006 2.89812943e-006 
1.25000000e+000 0.00000000e+000 2.00000000e+001 3.08317349e-008 7.01493883e-007 1.42186339e-006 1.65352073e-006 2.19671086e-006 2.36236205e-006 2.43091697e-006 2.73275166e-006 2.78619359e-006 
1.50000000e+000 3.50000000e+001 2.00000000e+001 1.72230328e-004 1.18025992e-004 7.51622433e-005 6.63641575e-005 5.07396360e-005 4.65723317e-005 4.48725291e-005 3.45236057e-005 2.47531213e-005 
1.50000000e+000 3.48214286e+001 2.00000000e+001 1.48063318e-004 1.07279648e-004 6.96837113e-005 6.18231221e-005 4.77291919e-005 4.39326709e-005 4.23790540e-005 3.28321170e-005 2.37035599e-005 
1.50000000e+000 3.42857143e+001 2.00000000e+001 1.06596011e-004 8.68586256e-005 5.88299982e-005 5.27282785e-005 4.15579412e-005 3.84828966e-005 3.72154778e-005 2.92633699e-005 2.14435033e-005 
1.50000000e+000 3.33928571e+001 2.00000000e+001 6.74401995e-005 6.46439646e-005 4.63678004e-005 4.21415061e-005 3.41649948e-005 3.18976998e-005 3.09532820e-005 2.48382214e-005 1.85739642e-005 
1.50000000e+000 3.21428571e+001 2.00000000e+001 3.82224271e-005 4.48542733e-005 3.45286063e-005 3.19227609e-005 2.67921265e-005 2.52669941e-005 2.46223078e-005 2.02553023e-005 1.55271661e-005 
1.50000000e+000 3.05357143e+001 2.00000000e+001 1.96593610e-005 2.93154455e-005 2.45171059e-005 2.31247399e-005 2.02091657e-005 1.92840050e-005 1.88845852e-005 1.59926899e-005 1.26182440e-005 
1.50000000e+000 2.85714286e+001 2.00000000e+001 9.26695706e-006 1.81807933e-005 1.67064499e-005 1.61189284e-005 1.47472634e-005 1.42608783e-005 1.40435868e-005 1.22908112e-005 1.00179492e-005 
1.50000000e+000 2.62500000e+001 2.00000000e+001 4.02526014e-006 1.07501386e-005 1.09753207e-005 1.08609840e-005 1.04597937e-005 1.02671108e-005 1.01741382e-005 9.23903530e-006 7.80820865e-006 
1.50000000e+000 2.35714286e+001 2.00000000e+001 1.62776096e-006 6.11665131e-006 7.01446787e-006 7.13847192e-006 7.27710381e-006 7.26264689e-006 7.24709488e-006 6.85583872e-006 6.02859522e-006 
1.50000000e+000 2.05357143e+001 2.00000000e+001 6.14786936e-007 3.36287574e-006 4.38248239e-006 4.59994943e-006 4.99410830e-006 5.07672458e-006 5.10498596e-006 5.05189180e-006 4.63707380e-006 
1.50000000e+000 1.71428571e+001 2.00000000e+001 2.19233645e-007 1.80813378e-006 2.71079401e-006 2.94360354e-006 3.42468374e-006 3.55201961e-006 3.60185093e-006 3.74175115e-006 3.59274110e-006 
1.50000000e+000 1.33928571e+001 2.00000000e+001 7.46551855e-008 9.64336739e-007 1.68410748e-006 1.89727845e-006 2.37747772e-006 2.51894470e-006 2.57692273e-006 2.81527029e-006 2.82785110e-006 
1.50000000e+000 9.28571429e+000 2.00000000e+001 2.54547175e-008 5.37274875e-007 1.10386545e-006 1.29206937e-006 1.74590758e-006 1.88919649e-006 1.94947143e-006 2.23525085e-006 2.34074421e-006 
1.50000000e+000 4.82142857e+000 2.00000000e+001 9.74409014e-009 3.39187160e-007 8.08268416e-007 9.77941810e-007 1.40759859e-006 1.54936039e-006 1.60991444e-006 1.91718447e-006 2.07199339e-006 
1.50000000e+000 0.00000000e+000 2.00000000e+001 6.12395957e-009 2.79259573e-007 7.12023587e-007 8.73981195e-007 1.29211041e-006 1.43236273e-006 1.49260590e-006 1.80512389e-006 1.97557507e-006 
1.75000000e+000 3.50000000e+001 2.00000000e+001 1.71548666e-004 1.17272025e-004 7.45538741e-005 6.57905575e-005 5.02323448e-005 4.60848660e-005 4.43935269e-005 3.41074248e-005 2.44142378e-005 
1.75000000e+000 3.48214286e+001 2.00000000e+001 1.44535821e-004 1.05248300e-004 6.84292832e-005 6.07161198e-005 4.68724020e-005 4.31401609e-005 4.16125129e-005 3.22238798e-005 2.32481875e-005 
1.75000000e+000 3.42857143e+001 2.00000000e+001 9.97305851e-005 8.29613660e-005 5.65569657e-005 5.07644502e-005 4.01179253e-005 3.71756249e-005 3.59614341e-005 2.83202972e-005 2.07792125e-005 
1.75000000e+000 3.33928571e+001 2.00000000e+001 5.94656735e-005 5.95097574e-005 4.32989591e-005 3.94833618e-005 3.22177024e-005 3.01337218e-005 2.92631468e-005 2.35810339e-005 1.77044813e-005 
1.75000000e+000 3.21428571e+001 2.00000000e+001 3.12817147e-005 3.94512034e-005 3.11109733e-005 2.89268255e-005 2.45507740e-005 2.32263333e-005 2.26632570e-005 1.87847136e-005 1.45058767e-005 
1.75000000e+000 3.05357143e+001 2.00000000e+001 1.47202036e-005 2.44364801e-005 2.11852186e-005 2.01524583e-005 1.79098926e-005 1.71715059e-005 1.68490593e-005 1.44333828e-005 1.15170638e-005 
1.75000000e+000 2.85714286e+001 2.00000000e+001 6.26262011e-006 1.42557071e-005 1.37673245e-005 1.34399528e-005 1.25853278e-005 1.22508218e-005 1.20972575e-005 1.07577831e-005 8.90802847e-006 
1.75000000e+000 2.62500000e+001 2.00000000e+001 2.42290022e-006 7.87110988e-006 8.57806156e-006 8.62035923e-006 8.55892701e-006 8.47442141e-006 8.42799720e-006 7.81619335e-006 6.74549600e-006 
1.75000000e+000 2.35714286e+001 2.00000000e+001 8.61500196e-007 4.15221266e-006 5.17169381e-006 5.36649283e-006 5.68575054e-006 5.73715220e-006 5.75109989e-006 5.58831455e-006 5.04745915e-006 
1.75000000e+000 2.05357143e+001 2.00000000e+001 2.82388705e-007 2.10082493e-006 3.03078439e-006 3.25826638e-006 3.70980544e-006 3.82284310e-006 3.86598395e-006 3.95547848e-006 3.75447383e-006 
1.75000000e+000 1.71428571e+001 2.00000000e+001 8.62375200e-008 1.03145952e-006 1.74838047e-006 1.95440156e-006 2.40928478e-006 2.54078313e-006 2.59438004e-006 2.80781391e-006 2.80964456e-006 
1.75000000e+000 1.33928571e+001 2.00000000e+001 2.47935040e-008 4.98242597e-007 1.00769935e-006 1.17558321e-006 1.57996355e-006 1.70814471e-006 1.76227476e-006 2.02361405e-006 2.13701554e-006 
1.75000000e+000 9.28571429e+000 2.00000000e+001 7.01667064e-009 2.49410206e-007 6.10941594e-007 7.45843013e-007 1.09671599e-006 1.21599667e-006 1.26761690e-006 1.54294757e-006 1.71462408e-006 
1.75000000e+000 4.82142857e+000 2.00000000e+001 2.19647671e-009 1.42044646e-007 4.17506007e-007 5.30999758e-007 8.44248932e-007 9.56073430e-007 1.00525490e-006 1.28254872e-006 1.48277979e-006 
1.75000000e+000 0.00000000e+000 2.00000000e+001 1.21700348e-009 1.11190073e-007 3.56592905e-007 4.61987375e-007 7.60065509e-007 8.68523347e-007 9.16518052e-007 1.19241907e-006 1.40083226e-006 
2.00000000e+000 3.50000000e+001 2.00000000e+001 1.71027835e-004 1.16697431e-004 7.40891313e-005 6.53520132e-005 4.98436411e-005 4.57110052e-005 4.40259874e-005 3.37867335e-005 2.41507337e-005 
2.00000000e+000 3.48214286e+001 2.00000000e+001 1.41298778e-004 1.03443900e-004 6.73404098e-005 5.97618250e-005 4.61451412e-005 4.24706414e-005 4.09662153e-005 3.17167239e-005 2.28713926e-005 
2.00000000e+000 3.42857143e+001 2.00000000e+001 9.35428516e-005 7.94400525e-005 5.45186563e-005 4.90090502e-005 3.88419772e-005 3.60209555e-005 3.48553309e-005 2.74958952e-005 2.02035067e-005 
2.00000000e+000 3.33928571e+001 2.00000000e+001 5.26291110e-005 5.49698326e-005 4.05717902e-005 3.71207688e-005 3.04895789e-005 2.85698343e-005 2.77654624e-005 2.24711038e-005 1.69400005e-005 
2.00000000e+000 3.21428571e+001 2.00000000e+001 2.57262542e-005 3.48485132e-005 2.81497735e-005 2.63225351e-005 2.25925967e-005 2.14417072e-005 2.09493946e-005 1.74963571e-005 1.36102484e-005 
2.00000000e+000 3.05357143e+001 2.00000000e+001 1.10875539e-005 2.04754580e-005 1.83980376e-005 1.76499744e-005 1.59513108e-005 1.53666441e-005 1.51078844e-005 1.30908648e-005 1.05630055e-005 
2.00000000e+000 2.85714286e+001 2.00000000e+001 4.26148599e-006 1.12455588e-005 1.14112750e-005 1.12710228e-005 1.08018970e-005 1.05842521e-005 1.04801755e-005 9.46893750e-006 7.96374762e-006 
2.00000000e+000 2.62500000e+001 2.00000000e+001 1.46968446e-006 5.80259153e-006 6.74881936e-006 6.88702222e-006 7.04905717e-006 7.03999966e-006 7.02658421e-006 6.65396898e-006 5.86168144e-006 
2.00000000e+000 2.35714286e+001 2.00000000e+001 4.59805493e-007 2.84017242e-006 3.84139475e-006 4.06420577e-006 4.47465208e-006 4.56468424e-006 4.59658932e-006 4.58627999e-006 4.25232378e-006 
2.00000000e+000 2.05357143e+001 2.00000000e+001 1.30886732e-007 1.32348920e-006 2.11333875e-006 2.32684939e-006 2.77762311e-006 2.90108246e-006 2.95030870e-006 3.11924133e-006 3.05900021e-006 
2.00000000e+000 1.71428571e+001 2.00000000e+001 3.42510274e-008 5.93881406e-007 1.13779288e-006 1.30906344e-006 1.70889689e-006 1.83194749e-006 1.88340850e-006 2.12176428e-006 2.21012154e-006 
2.00000000e+000 1.33928571e+001 2.00000000e+001 8.31976064e-009 2.60012293e-007 6.08465372e-007 7.34769521e-007 1.05802795e-006 1.16677240e-006 1.21374766e-006 1.46331735e-006 1.62261429e-006 
2.00000000e+000 9.28571429e+000 2.00000000e+001 1.95652928e-009 1.16895613e-007 3.40695003e-007 4.33534310e-007 6.92770228e-007 7.86735560e-007 8.28369117e-007 1.06926964e-006 1.25966107e-006 
2.00000000e+000 4.82142857e+000 2.00000000e+001 5.00276840e-010 5.97977340e-008 2.16379715e-007 2.89159697e-007 5.07434386e-007 5.91093516e-007 6.28837898e-007 8.59152240e-007 1.06212876e-006 
2.00000000e+000 0.00000000e+000 2.00000000e+001 2.41977595e-010 4.42789732e-008 1.78604644e-007 2.44226981e-007 4.47123048e-007 5.26661872e-007 5.62804679e-007 7.87709080e-007 9.93319748e-007 
2.25000000e+000 3.50000000e+001 2.00000000e+001 1.70614920e-004 1.16244488e-004 7.37222458e-005 6.50056004e-005 4.95361506e-005 4.54151013e-005 4.37350143e-005 3.35322893e-005 2.39405751e-005 
2.25000000e+000 3.48214286e+001 2.00000000e+001 1.38283934e-004 1.01803155e-004 6.63687681e-005 5.89152600e-005 4.55087658e-005 4.18873769e-005 4.04042489e-005 3.12807671e-005 2.25507882e-005 
2.25000000e+000 3.42857143e+001 2.00000000e+001 8.79118075e-005 7.62131599e-005 5.26585593e-005 4.74105543e-005 3.76874574e-005 3.49787461e-005 3.38580771e-005 2.67583076e-005 1.96929294e-005 
2.25000000e+000 3.33928571e+001 2.00000000e+001 4.67157273e-005 5.09094573e-005 3.81150822e-005 3.49905090e-005 2.89309336e-005 2.71599041e-005 2.64155569e-005 2.14731389e-005 1.62552176e-005 
2.25000000e+000 3.21428571e+001 2.00000000e+001 2.12394366e-005 3.08862175e-005 2.55529179e-005 2.40299497e-005 2.08577206e-005 1.98583153e-005 1.94279709e-005 1.63499603e-005 1.28123049e-005 
2.25000000e+000 3.05357143e+001 2.00000000e+001 8.39084615e-006 1.72263727e-005 1.60396031e-005 1.55177951e-005 1.42611688e-005 1.38039844e-005 1.35983616e-005 1.19186133e-005 9.72469565e-006 
2.25000000e+000 2.85714286e+001 2.00000000e+001 2.91564303e-006 8.91300672e-006 9.50107882e-006 9.49436425e-006 9.31215107e-006 9.18471561e-006 9.11925302e-006 8.37096541e-006 7.14995515e-006 
2.25000000e+000 2.62500000e+001 2.00000000e+001 8.96934534e-007 4.30056787e-006 5.33688765e-006 5.53022648e-006 5.83477927e-006 5.87774151e-006 5.88757288e-006 5.69254393e-006 5.11779677e-006 
2.25000000e+000 2.35714286e+001 2.00000000e+001 2.47044469e-007 1.95423283e-006 2.86968787e-006 3.09555357e-006 3.54147052e-006 3.65230033e-006 3.69450011e-006 3.78451792e-006 3.60080952e-006 
2.25000000e+000 2.05357143e+001 2.00000000e+001 6.10977198e-008 8.39212834e-007 1.48305631e-006 1.67229659e-006 2.09272874e-006 2.21525999e-006 2.26543730e-006 2.47427086e-006 2.50562493e-006 
2.25000000e+000 1.71428571e+001 2.00000000e+001 1.37060085e-008 3.44387481e-007 7.45666291e-007 8.82941244e-007 1.22023878e-006 1.32953506e-006 1.37615545e-006 1.61288727e-006 1.74744874e-006 
2.25000000e+000 1.33928571e+001 2.00000000e+001 2.81408799e-009 1.36752266e-007 3.70125725e-007 4.62555645e-007 7.13142835e-007 8.01982330e-007 8.41102940e-007 1.06380128e-006 1.23736230e-006 
2.25000000e+000 9.28571429e+000 2.00000000e+001 5.50390180e-010 5.52238339e-008 1.91245182e-007 2.53548374e-007 4.39827927e-007 5.11417479e-007 5.43809416e-007 7.43743577e-007 9.27995456e-007 
2.25000000e+000 4.82142857e+000 2.00000000e+001 1.14953263e-010 2.52961407e-008 1.12499302e-007 1.57903567e-007 3.05618352e-007 3.66121190e-007 3.94066768e-007 5.76290012e-007 7.61524617e-007 
2.25000000e+000 0.00000000e+000 2.00000000e+001 4.81372049e-011 1.76360959e-008 8.94652638e-008 1.29119734e-007 2.63043567e-007 3.19377358e-007 3.45617046e-007 5.20376656e-007 7.04372405e-007 
2.50000000e+000 3.50000000e+001 2.00000000e+001 1.70277814e-004 1.15877805e-004 7.34250523e-005 6.47248670e-005 4.92866812e-005 4.51749435e-005 4.34988195e-005 3.33254798e-005 2.37692511e-005 
2.50000000e+000 3.48214286e+001 2.00000000e+001 1.35447139e-004 1.00286305e-004 6.54841858e-005 5.81483590e-005 4.49390850e-005 4.13673001e-005 3.99040241e-005 3.08968882e-005 2.22715765e-005 
2.50000000e+000 3.42857143e+001 2.00000000e+001 8.27514154e-005 7.32264508e-005 5.09400090e-005 4.59357050e-005 3.66270022e-005 3.40232193e-005 3.29445528e-005 2.60868253e-005 1.92318027e-005 
2.50000000e+000 3.33928571e+001 2.00000000e+001 4.15666583e-005 4.72479539e-005 3.58804227e-005 3.30499773e-005 2.75087561e-005 2.58733499e-005 2.51838319e-005 2.05636487e-005 1.56329272e-005 
2.50000000e+000 3.21428571e+001 2.00000000e+001 1.75908146e-005 2.74486465e-005 2.32555468e-005 2.19932462e-005 1.93050267e-005 1.84386562e-005 1.80629287e-005 1.53180023e-005 1.20926270e-005 
2.50000000e+000 3.05357143e+001 2.00000000e+001 6.37457699e-006 1.45406390e-005 1.40270409e-005 1.36851904e-005 1.27887291e-005 1.24377116e-005 1.22766357e-005 1.08841151e-005 8.97992208e-006 
2.50000000e+000 2.85714286e+001 2.00000000e+001 2.00374080e-006 7.09133502e-006 7.93926685e-006 8.02636448e-006 8.05607841e-006 7.99816289e-006 7.96282863e-006 7.42607703e-006 6.44137324e-006 
2.50000000e+000 2.62500000e+001 2.00000000e+001 5.50117327e-007 3.20112119e-006 4.23768114e-006 4.45878979e-006 4.84904430e-006 4.92699267e-006 4.95290561e-006 4.88932333e-006 4.48555897e-006 
2.50000000e+000 2.35714286e+001 2.00000000e+001 1.33450314e-007 1.35105203e-006 2.15361179e-006 2.36851390e-006 2.81557105e-006 2.93545779e-006 2.98281800e-006 3.13676884e-006 3.06205492e-006 
2.50000000e+000 2.05357143e+001 2.00000000e+001 2.86847302e-008 5.34905611e-007 1.04605426e-006 1.20798312e-006 1.58467123e-006 1.70006434e-006 1.74826245e-006 1.97219349e-006 2.06161116e-006 
2.50000000e+000 1.71428571e+001 2.00000000e+001 5.51790387e-009 2.00841647e-007 4.91436751e-007 5.98874364e-007 8.76100614e-007 9.70142763e-007 1.01093547e-006 1.23225612e-006 1.38782738e-006 
2.50000000e+000 1.33928571e+001 2.00000000e+001 9.57895262e-010 7.23717356e-008 2.26510830e-007 2.92924533e-007 4.83353650e-007 5.54215503e-007 5.85963173e-007 7.77010485e-007 9.47282104e-007 
2.50000000e+000 9.28571429e+000 2.00000000e+001 1.55912177e-010 2.62608506e-008 1.07968273e-007 1.49086371e-007 2.80519171e-007 3.33879226e-007 3.58496387e-007 5.19097354e-007 6.85459768e-007 
2.50000000e+000 4.82142857e+000 2.00000000e+001 2.66124222e-011 1.07490735e-008 5.86669488e-008 8.64576847e-008 1.84433651e-007 2.27181814e-007 2.47370440e-007 3.87056553e-007 5.46500576e-007 
2.50000000e+000 0.00000000e+000 2.00000000e+001 9.58092359e-012 7.02555332e-009 4.48185407e-008 6.82695416e-008 1.54757914e-007 1.93685987e-007 2.12252764e-007 3.43783286e-007 4.99488984e-007 
END