TITLE="2RS_E_WD175.dat"
VARIABLES= "Density" "Radius" "Height" "0.1053" "0.356" "0.6617" "0.7889" "1.1732" "1.3325" "1.408" "2" "3" 
ZONE T="3D Data" I=11 J=15 K=3 F=POINT
0.00000000e+000 3.50000000e+001 0.00000000e+000 2.52836790e-004 1.70377316e-004 1.08836268e-004 9.63422583e-005 7.41750511e-005 6.82185529e-005 6.57765448e-005 5.06780880e-005 3.60253228e-005 
0.00000000e+000 3.48214286e+001 0.00000000e+000 2.51999965e-004 1.69825962e-004 1.08508831e-004 9.60591102e-005 7.39659755e-005 6.80279142e-005 6.55932755e-005 5.05383307e-005 3.59261519e-005 
0.00000000e+000 3.42857143e+001 0.00000000e+000 2.49927765e-004 1.68446037e-004 1.07691389e-004 9.53512827e-005 7.34397138e-005 6.75466490e-005 6.51300119e-005 5.01823758e-005 3.56725294e-005 
0.00000000e+000 3.33928571e+001 0.00000000e+000 2.47843797e-004 1.67044556e-004 1.06856622e-004 9.46227455e-005 7.28828912e-005 6.70321112e-005 6.46324928e-005 4.97905120e-005 3.53900893e-005 
0.00000000e+000 3.21428571e+001 0.00000000e+000 2.46428524e-004 1.65983475e-004 1.06162792e-004 9.39962394e-005 7.23648849e-005 6.65425439e-005 6.41548552e-005 4.93977519e-005 3.51027931e-005 
0.00000000e+000 3.05357143e+001 0.00000000e+000 2.46034917e-004 1.65743423e-004 1.05931016e-004 9.37526987e-005 7.20947371e-005 6.62684695e-005 6.38801949e-005 4.91438477e-005 3.49120285e-005 
0.00000000e+000 2.85714286e+001 0.00000000e+000 2.45277627e-004 1.65307894e-004 1.05531745e-004 9.33458368e-005 7.16740105e-005 6.58498792e-005 6.34639438e-005 4.87731740e-005 3.46376964e-005 
0.00000000e+000 2.62500000e+001 0.00000000e+000 2.43429630e-004 1.64189504e-004 1.04693715e-004 9.25489430e-005 7.09523806e-005 6.51551214e-005 6.27817323e-005 4.81994797e-005 3.42197637e-005 
0.00000000e+000 2.35714286e+001 0.00000000e+000 2.38781048e-004 1.61169086e-004 1.02673783e-004 9.07209850e-005 6.94696988e-005 6.37707748e-005 6.14388468e-005 4.71341599e-005 3.34566510e-005 
0.00000000e+000 2.05357143e+001 0.00000000e+000 2.27710320e-004 1.53853228e-004 9.79993237e-005 8.65829472e-005 6.62912711e-005 6.08521635e-005 5.86268681e-005 4.49786082e-005 3.19287571e-005 
0.00000000e+000 1.71428571e+001 0.00000000e+000 2.05808999e-004 1.39466156e-004 8.90394576e-005 7.87364191e-005 6.04226154e-005 5.55080533e-005 5.34958365e-005 4.11167703e-005 2.92129798e-005 
0.00000000e+000 1.33928571e+001 0.00000000e+000 1.73970656e-004 1.18350022e-004 7.59580585e-005 6.73137512e-005 5.19506464e-005 4.78156805e-005 4.61192619e-005 3.56016381e-005 2.53448540e-005 
0.00000000e+000 9.28571429e+000 0.00000000e+000 1.36008193e-004 9.31144536e-005 6.02855380e-005 5.36308821e-005 4.18263383e-005 3.86333542e-005 3.73182454e-005 2.90381372e-005 2.07408869e-005 
0.00000000e+000 4.82142857e+000 0.00000000e+000 1.00311267e-004 6.92268825e-005 4.54573459e-005 4.07152687e-005 3.23585714e-005 3.00762171e-005 2.91284392e-005 2.29766384e-005 1.65009594e-005 
0.00000000e+000 0.00000000e+000 0.00000000e+000 7.59070967e-005 5.39734256e-005 3.64791955e-005 3.30464834e-005 2.69698872e-005 2.52612159e-005 2.45408053e-005 1.96534205e-005 1.41978649e-005 
2.50000000e-001 3.50000000e+001 0.00000000e+000 1.88748801e-004 1.36450707e-004 9.04581043e-005 8.08950075e-005 6.36722279e-005 5.89548929e-005 5.70070752e-005 4.46869076e-005 3.23391301e-005 
2.50000000e-001 3.48214286e+001 0.00000000e+000 1.83936042e-004 1.34310234e-004 8.93578690e-005 7.99789223e-005 6.30543423e-005 5.84089109e-005 5.64894624e-005 4.43268411e-005 3.21094821e-005 
2.50000000e-001 3.42857143e+001 0.00000000e+000 1.73459625e-004 1.29474168e-004 8.68378078e-005 7.78720620e-005 6.16190773e-005 5.71363882e-005 5.52812876e-005 4.34786472e-005 3.15636176e-005 
2.50000000e-001 3.33928571e+001 0.00000000e+000 1.60473890e-004 1.23470714e-004 8.37080023e-005 7.52525360e-005 5.98279766e-005 5.55463541e-005 5.37708738e-005 4.24161334e-005 3.08821603e-005 
2.50000000e-001 3.21428571e+001 0.00000000e+000 1.46264538e-004 1.16880583e-004 8.02415657e-005 7.23400231e-005 5.78174951e-005 5.37564861e-005 5.20687023e-005 4.12126729e-005 3.01116845e-005 
2.50000000e-001 3.05357143e+001 0.00000000e+000 1.31781904e-004 1.10330333e-004 7.68330366e-005 6.94790213e-005 5.58435157e-005 5.19995263e-005 5.03981600e-005 4.00363171e-005 2.93704262e-005 
2.50000000e-001 2.85714286e+001 0.00000000e+000 1.16961671e-004 1.03359692e-004 7.31312128e-005 6.63520566e-005 5.36555533e-005 5.00438963e-005 4.85354317e-005 3.87106176e-005 2.85251441e-005 
2.50000000e-001 2.62500000e+001 0.00000000e+000 1.02170525e-004 9.59306707e-005 6.90733352e-005 6.29005125e-005 5.12077254e-005 4.78475985e-005 4.64400618e-005 3.72030995e-005 2.75473139e-005 
2.50000000e-001 2.35714286e+001 0.00000000e+000 8.77550554e-005 8.78482470e-005 6.44382770e-005 5.89119690e-005 4.83148458e-005 4.52352296e-005 4.39408858e-005 3.53714001e-005 2.63231840e-005 
2.50000000e-001 2.05357143e+001 0.00000000e+000 7.32982895e-005 7.83413419e-005 5.85779360e-005 5.37831089e-005 4.44730924e-005 4.17342724e-005 4.05786843e-005 3.28440586e-005 2.45690896e-005 
2.50000000e-001 1.71428571e+001 0.00000000e+000 5.85643816e-005 6.66945505e-005 5.08826341e-005 4.69466972e-005 3.92106135e-005 3.69030275e-005 3.59245611e-005 2.92761271e-005 2.20227866e-005 
2.50000000e-001 1.33928571e+001 0.00000000e+000 4.43672831e-005 5.35742785e-005 4.17413214e-005 3.87316884e-005 3.27535412e-005 3.09419755e-005 3.01687966e-005 2.48006547e-005 1.87700324e-005 
2.50000000e-001 9.28571429e+000 0.00000000e+000 3.17256585e-005 4.03307649e-005 3.21047608e-005 2.99895968e-005 2.57669005e-005 2.44643432e-005 2.39032479e-005 1.98765736e-005 1.51429844e-005 
2.50000000e-001 4.82142857e+000 0.00000000e+000 2.20398435e-005 2.91353470e-005 2.37211948e-005 2.23507127e-005 1.96384910e-005 1.87810966e-005 1.84056946e-005 1.55504719e-005 1.19373519e-005 
2.50000000e-001 0.00000000e+000 0.00000000e+000 1.63112323e-005 2.24846782e-005 1.89014506e-005 1.80245545e-005 1.62832024e-005 1.56978296e-005 1.54337417e-005 1.32490281e-005 1.02385003e-005 
5.00000000e-001 3.50000000e+001 0.00000000e+000 1.77442275e-004 1.25429126e-004 8.28227728e-005 7.40712074e-005 5.84132664e-005 5.41441277e-005 5.23829941e-005 4.12312099e-005 3.00149818e-005 
5.00000000e-001 3.48214286e+001 0.00000000e+000 1.69320681e-004 1.21883719e-004 8.10203205e-005 7.25758724e-005 5.74156410e-005 5.32666221e-005 5.15528776e-005 4.06629906e-005 2.96607409e-005 
5.00000000e-001 3.42857143e+001 0.00000000e+000 1.52539192e-004 1.14186872e-004 7.70276152e-005 6.92453454e-005 5.51668827e-005 5.12812482e-005 4.96717374e-005 3.93628130e-005 2.88422480e-005 
5.00000000e-001 3.33928571e+001 0.00000000e+000 1.32346022e-004 1.04638617e-004 7.20158401e-005 6.50508360e-005 5.23147978e-005 4.87582666e-005 4.72793442e-005 3.77032783e-005 2.77978655e-005 
5.00000000e-001 3.21428571e+001 0.00000000e+000 1.11049075e-004 9.41588151e-005 6.64191542e-005 6.03441039e-005 4.90818992e-005 4.58903424e-005 4.45567894e-005 3.58041689e-005 2.66008790e-005 
5.00000000e-001 3.05357143e+001 0.00000000e+000 9.03678708e-005 8.36020832e-005 6.07348241e-005 5.55540358e-005 4.57800103e-005 4.29592985e-005 4.17738107e-005 3.38644836e-005 2.53874276e-005 
5.00000000e-001 2.85714286e+001 0.00000000e+000 7.11348844e-005 7.29648459e-005 5.48485148e-005 5.05596988e-005 4.22883485e-005 3.98468651e-005 3.88134188e-005 3.17790071e-005 2.40671904e-005 
5.00000000e-001 2.62500000e+001 0.00000000e+000 5.41623175e-005 6.25672413e-005 4.88867545e-005 4.54585806e-005 3.86617259e-005 3.65982779e-005 3.57171054e-005 2.95688267e-005 2.26435703e-005 
5.00000000e-001 2.35714286e+001 0.00000000e+000 3.99619877e-005 5.26479687e-005 4.29094898e-005 4.02810297e-005 3.48865479e-005 3.31907505e-005 3.24586647e-005 2.71928259e-005 2.10676948e-005 
5.00000000e-001 2.05357143e+001 0.00000000e+000 2.84092178e-005 4.30800551e-005 3.66991062e-005 3.47977330e-005 3.07254156e-005 2.93890050e-005 2.88042896e-005 2.44370728e-005 1.91568269e-005 
5.00000000e-001 1.71428571e+001 0.00000000e+000 1.93384768e-005 3.37953807e-005 3.01039187e-005 2.88429234e-005 2.59965692e-005 2.50104999e-005 2.45716340e-005 2.11300739e-005 1.67606399e-005 
5.00000000e-001 1.33928571e+001 0.00000000e+000 1.25739853e-005 2.52068908e-005 2.34651839e-005 2.27253884e-005 2.09389149e-005 2.02733896e-005 1.99702029e-005 1.74278992e-005 1.39854592e-005 
5.00000000e-001 9.28571429e+000 0.00000000e+000 7.86118166e-006 1.78381780e-005 1.73055496e-005 1.69446341e-005 1.59902491e-005 1.55936796e-005 1.54064202e-005 1.36677873e-005 1.10909774e-005 
5.00000000e-001 4.82142857e+000 0.00000000e+000 4.93731259e-006 1.23415788e-005 1.24242891e-005 1.23081885e-005 1.19450036e-005 1.17509915e-005 1.16520322e-005 1.05388619e-005 8.64402306e-006 
5.00000000e-001 0.00000000e+000 0.00000000e+000 3.50503267e-006 9.36685209e-006 9.79366362e-006 9.83114196e-006 9.83106592e-006 9.75495019e-006 9.70630033e-006 8.93161425e-006 7.38328616e-006 
7.50000000e-001 3.50000000e+001 0.00000000e+000 1.73625913e-004 1.20945695e-004 7.92387760e-005 7.07318370e-005 5.55923741e-005 5.14897003e-005 4.98007637e-005 3.91556878e-005 2.85094821e-005 
7.50000000e-001 3.48214286e+001 0.00000000e+000 1.62535307e-004 1.16122649e-004 7.67903392e-005 6.87016015e-005 5.42408536e-005 5.03022976e-005 4.86781453e-005 3.83910191e-005 2.80365835e-005 
7.50000000e-001 3.42857143e+001 0.00000000e+000 1.40538278e-004 1.05972021e-004 7.15053486e-005 6.42898295e-005 5.12618501e-005 4.76738038e-005 4.61885618e-005 3.66767254e-005 2.69647494e-005 
7.50000000e-001 3.33928571e+001 0.00000000e+000 1.15064867e-004 9.35997217e-005 6.49325037e-005 5.87741056e-005 4.74975801e-005 4.43426329e-005 4.30296745e-005 3.44881322e-005 2.55921910e-005 
7.50000000e-001 3.21428571e+001 0.00000000e+000 8.95458289e-005 8.03270562e-005 5.76951427e-005 5.26604153e-005 4.32693808e-005 4.05870905e-005 3.94630303e-005 3.19972347e-005 2.40219972e-005 
7.50000000e-001 3.05357143e+001 0.00000000e+000 6.63806028e-005 6.72809857e-005 5.04157910e-005 4.64793871e-005 3.89540646e-005 3.67453085e-005 3.58112657e-005 2.94373427e-005 2.24097665e-005 
7.50000000e-001 2.85714286e+001 0.00000000e+000 4.67745536e-005 5.48153584e-005 4.31806559e-005 4.02788117e-005 3.45449871e-005 3.27994053e-005 3.20523017e-005 2.67675940e-005 2.07046320e-005 
7.50000000e-001 2.62500000e+001 0.00000000e+000 3.13347547e-005 4.34486664e-005 3.62541894e-005 3.42754428e-005 3.01804350e-005 2.88684564e-005 2.82975817e-005 2.40569680e-005 1.89397601e-005 
7.50000000e-001 2.35714286e+001 0.00000000e+000 2.00048337e-005 3.35165259e-005 2.98241432e-005 2.86208910e-005 2.59468067e-005 2.50221058e-005 2.46100643e-005 2.13322092e-005 1.71133359e-005 
7.50000000e-001 2.05357143e+001 0.00000000e+000 1.21356626e-005 2.50189062e-005 2.38550614e-005 2.32618650e-005 2.17563026e-005 2.11643095e-005 2.08906051e-005 1.84831176e-005 1.51151318e-005 
7.50000000e-001 1.71428571e+001 0.00000000e+000 6.99781322e-006 1.79189063e-005 1.83389237e-005 1.81808440e-005 1.75652331e-005 1.72436193e-005 1.70846297e-005 1.54406155e-005 1.28688768e-005 
7.50000000e-001 1.33928571e+001 0.00000000e+000 3.84473731e-006 1.22583458e-005 1.34630267e-005 1.35723734e-005 1.35591440e-005 1.34379343e-005 1.33662941e-005 1.23482848e-005 1.04811504e-005 
7.50000000e-001 9.28571429e+000 0.00000000e+000 2.04841633e-006 8.04369820e-006 9.43591488e-006 9.66910253e-006 9.99331818e-006 1.00024989e-005 9.98997272e-006 9.44026554e-006 8.14840291e-006 
7.50000000e-001 4.82142857e+000 0.00000000e+000 1.12647215e-006 5.26090352e-006 6.53106879e-006 6.79902607e-006 7.28137735e-006 7.36674092e-006 7.39022694e-006 7.15207917e-006 6.26513566e-006 
7.50000000e-001 0.00000000e+000 0.00000000e+000 7.53179121e-007 3.90212289e-006 5.07452502e-006 5.36220651e-006 5.93555719e-006 6.06192541e-006 6.10430614e-006 6.02110157e-006 5.32430706e-006 
1.00000000e+000 3.50000000e+001 0.00000000e+000 1.71722373e-004 1.18683399e-004 7.73244880e-005 6.89076573e-005 5.39607848e-005 4.99242335e-005 4.82648758e-005 3.78523155e-005 2.75049332e-005 
1.00000000e+000 3.48214286e+001 0.00000000e+000 1.57876302e-004 1.12667657e-004 7.42707790e-005 6.63754925e-005 5.22757918e-005 4.84443557e-005 4.68660021e-005 3.69011931e-005 2.69187165e-005 
1.00000000e+000 3.42857143e+001 0.00000000e+000 1.31357149e-004 1.00336441e-004 6.78243728e-005 6.09884693e-005 4.86322125e-005 4.52287684e-005 4.38202240e-005 3.48049477e-005 2.56107510e-005 
1.00000000e+000 3.33928571e+001 0.00000000e+000 1.01817636e-004 8.56247498e-005 5.99235675e-005 5.43404741e-005 4.40729412e-005 4.11894044e-005 3.99881037e-005 3.21447431e-005 2.39408027e-005 
1.00000000e+000 3.21428571e+001 0.00000000e+000 7.37740960e-005 7.02849833e-005 5.13979923e-005 4.71057949e-005 3.90269183e-005 3.66976882e-005 3.57186139e-005 2.91490961e-005 2.20441661e-005 
1.00000000e+000 3.05357143e+001 0.00000000e+000 5.00558382e-005 5.57164256e-005 4.30052063e-005 3.99256458e-005 3.39419033e-005 3.21531463e-005 3.13920227e-005 2.60884721e-005 2.00974200e-005 
1.00000000e+000 2.85714286e+001 0.00000000e+000 3.17519889e-005 4.25197577e-005 3.49938715e-005 3.29880495e-005 2.89101839e-005 2.76258135e-005 2.70697142e-005 2.29798971e-005 1.80859382e-005 
1.00000000e+000 2.62500000e+001 0.00000000e+000 1.88390667e-005 3.12541135e-005 2.77077133e-005 2.65853674e-005 2.41313803e-005 2.32909172e-005 2.29170532e-005 1.99320229e-005 1.60691020e-005 
1.00000000e+000 2.35714286e+001 0.00000000e+000 1.04812654e-005 2.21495289e-005 2.13594401e-005 2.09069950e-005 1.97403199e-005 1.92665814e-005 1.90451802e-005 1.70140450e-005 1.40780705e-005 
1.00000000e+000 2.05357143e+001 0.00000000e+000 5.46074409e-006 1.50828755e-005 1.59459069e-005 1.59504956e-005 1.57181019e-005 1.55266201e-005 1.54247244e-005 1.41787589e-005 1.20524200e-005 
1.00000000e+000 1.71428571e+001 0.00000000e+000 2.67489345e-006 9.83092481e-006 1.14423797e-005 1.17079810e-005 1.20645341e-005 1.20682508e-005 1.20513646e-005 1.14094004e-005 9.96127917e-006 
1.00000000e+000 1.33928571e+001 0.00000000e+000 1.23823672e-006 6.12653037e-006 7.86397479e-006 8.23475440e-006 8.88385988e-006 9.00234101e-006 9.03780781e-006 8.81691290e-006 7.89829740e-006 
1.00000000e+000 9.28571429e+000 0.00000000e+000 5.55432083e-007 3.69084391e-006 5.20038712e-006 5.56901608e-006 6.28758953e-006 6.45499729e-006 6.51533233e-006 6.54840401e-006 6.00461104e-006 
1.00000000e+000 4.82142857e+000 0.00000000e+000 2.61378905e-007 2.25632438e-006 3.44542232e-006 3.76725209e-006 4.44812288e-006 4.62714238e-006 4.69581155e-006 4.86019473e-006 4.54515477e-006 
1.00000000e+000 0.00000000e+000 0.00000000e+000 1.61847269e-007 1.62558063e-006 2.62933412e-006 2.92471292e-006 3.58362433e-006 3.76700509e-006 3.83900757e-006 4.05902763e-006 3.83951640e-006 
1.25000000e+000 3.50000000e+001 0.00000000e+000 1.70574480e-004 1.17336763e-004 7.61736558e-005 6.78016112e-005 5.29428306e-005 4.89362466e-005 4.72904514e-005 3.69947433e-005 2.68132142e-005 
1.25000000e+000 3.48214286e+001 0.00000000e+000 1.54131265e-004 1.10189949e-004 7.25448889e-005 6.47922925e-005 5.09402679e-005 4.71776375e-005 4.56282133e-005 3.58654060e-005 2.61182780e-005 
1.25000000e+000 3.42857143e+001 0.00000000e+000 1.23606727e-004 9.58778065e-005 6.50348184e-005 5.85101318e-005 4.66834520e-005 4.34192992e-005 4.20678199e-005 3.34137417e-005 2.45889790e-005 
1.25000000e+000 3.33928571e+001 0.00000000e+000 9.08850098e-005 7.91799408e-005 5.59803530e-005 5.08728751e-005 4.14209017e-005 3.87509567e-005 3.76367400e-005 3.03292946e-005 2.26480592e-005 
1.25000000e+000 3.21428571e+001 0.00000000e+000 6.14544397e-005 6.22878476e-005 4.64266622e-005 4.27313452e-005 3.56949723e-005 3.36422557e-005 3.27761843e-005 2.69002794e-005 2.04648947e-005 
1.25000000e+000 3.05357143e+001 0.00000000e+000 3.82724373e-005 4.68420114e-005 3.72646684e-005 3.48379361e-005 3.00266354e-005 2.85564142e-005 2.79263266e-005 2.34361406e-005 1.82382530e-005 
1.25000000e+000 2.85714286e+001 0.00000000e+000 2.19288870e-005 3.35756111e-005 2.88648675e-005 2.74906389e-005 2.45913114e-005 2.36385407e-005 2.32202729e-005 2.00053252e-005 1.59866095e-005 
1.25000000e+000 2.62500000e+001 0.00000000e+000 1.15698872e-005 2.29552859e-005 2.15939514e-005 2.10142635e-005 1.96267269e-005 1.91011266e-005 1.88600597e-005 1.67468713e-005 1.37912995e-005 
1.25000000e+000 2.35714286e+001 0.00000000e+000 5.63576521e-006 1.49881831e-005 1.56192607e-005 1.55772507e-005 1.52779776e-005 1.50778101e-005 1.49741010e-005 1.37526402e-005 1.17051304e-005 
1.25000000e+000 2.05357143e+001 0.00000000e+000 2.53404518e-006 9.32846230e-006 1.08845146e-005 1.11522197e-005 1.15407343e-005 1.15642474e-005 1.15573800e-005 1.10080568e-005 9.69955338e-006 
1.25000000e+000 1.71428571e+001 0.00000000e+000 1.05815690e-006 5.53197327e-006 7.27800169e-006 7.67304962e-006 8.40299837e-006 8.55598109e-006 8.60765965e-006 8.51447525e-006 7.76787240e-006 
1.25000000e+000 1.33928571e+001 0.00000000e+000 4.13137852e-007 3.13045643e-006 4.66504935e-006 5.06575673e-006 5.88242306e-006 6.08931463e-006 6.16797463e-006 6.34060263e-006 5.98292725e-006 
1.25000000e+000 9.28571429e+000 0.00000000e+000 1.55276336e-007 1.71983078e-006 2.89452746e-006 3.23539794e-006 3.98125933e-006 4.18967160e-006 4.27265155e-006 4.56121033e-006 4.43780517e-006 
1.25000000e+000 4.82142857e+000 0.00000000e+000 6.15775643e-008 9.73393819e-007 1.82392593e-006 2.09362373e-006 2.72307938e-006 2.91188407e-006 2.98915591e-006 3.30712838e-006 3.30040315e-006 
1.25000000e+000 0.00000000e+000 0.00000000e+000 3.47787032e-008 6.77199117e-007 1.36237392e-006 1.59522921e-006 2.16363280e-006 2.34089488e-006 2.41435826e-006 2.73632779e-006 2.76878989e-006 
1.50000000e+000 3.50000000e+001 0.00000000e+000 1.69807334e-004 1.16440712e-004 7.54121918e-005 6.70689477e-005 5.22617718e-005 4.82716004e-005 4.66331531e-005 3.64037656e-005 2.63213094e-005 
1.50000000e+000 3.48214286e+001 0.00000000e+000 1.50894171e-004 1.08211179e-004 7.12319567e-005 6.36018722e-005 4.99542720e-005 4.62452532e-005 4.47178953e-005 3.51029869e-005 2.55215600e-005 
1.50000000e+000 3.42857143e+001 0.00000000e+000 1.16779782e-004 9.20756668e-005 6.27350505e-005 5.64877116e-005 4.51252386e-005 4.19798226e-005 4.06764261e-005 3.23177975e-005 2.37835170e-005 
1.50000000e+000 3.33928571e+001 0.00000000e+000 8.15643131e-005 7.36682057e-005 5.26637031e-005 4.79738448e-005 3.92327577e-005 3.67462685e-005 3.57063613e-005 2.88482271e-005 2.15941016e-005 
1.50000000e+000 3.21428571e+001 0.00000000e+000 5.15501415e-005 5.56122354e-005 4.22819855e-005 3.90914100e-005 3.29360745e-005 3.11156721e-005 3.03442429e-005 2.50444465e-005 1.91582188e-005 
1.50000000e+000 3.05357143e+001 0.00000000e+000 2.95244180e-005 3.97395224e-005 3.26039591e-005 3.06980563e-005 2.68283122e-005 2.56146131e-005 2.50900589e-005 2.12555731e-005 1.66976035e-005 
1.50000000e+000 2.85714286e+001 0.00000000e+000 1.53148943e-005 2.68066609e-005 2.40803695e-005 2.31704584e-005 2.11515759e-005 2.04499226e-005 2.01364442e-005 1.75948293e-005 1.42606632e-005 
1.50000000e+000 2.62500000e+001 0.00000000e+000 7.20466936e-006 1.70858378e-005 1.70510818e-005 1.68265547e-005 1.61592998e-005 1.58528459e-005 1.57050888e-005 1.42220997e-005 1.19461056e-005 
1.50000000e+000 2.35714286e+001 0.00000000e+000 3.08214034e-006 1.03033696e-005 1.15910607e-005 1.17728466e-005 1.19783473e-005 1.19475115e-005 1.19180658e-005 1.12362645e-005 9.81914812e-006 
1.50000000e+000 2.05357143e+001 0.00000000e+000 1.19998270e-006 5.87393990e-006 7.54720173e-006 7.91438290e-006 8.58365118e-006 8.71912225e-006 8.76374604e-006 8.63310609e-006 7.86910551e-006 
1.50000000e+000 1.71428571e+001 0.00000000e+000 4.28328290e-007 3.17215970e-006 4.70077569e-006 5.10084057e-006 5.92211366e-006 6.13311150e-006 6.21409261e-006 6.40969612e-006 6.09811140e-006 
1.50000000e+000 1.33928571e+001 0.00000000e+000 1.41290550e-007 1.62816919e-006 2.80411365e-006 3.15377144e-006 3.93186253e-006 4.15477727e-006 4.24477510e-006 4.58986691e-006 4.55416085e-006 
1.50000000e+000 9.28571429e+000 0.00000000e+000 4.44267015e-008 8.12222995e-007 1.62567098e-006 1.89468888e-006 2.53599981e-006 2.73412967e-006 2.81654453e-006 3.18962852e-006 3.28912465e-006 
1.50000000e+000 4.82142857e+000 0.00000000e+000 1.47036533e-008 4.22280690e-007 9.68798833e-007 1.16690265e-006 1.67049828e-006 1.83587993e-006 1.90615391e-006 2.25328821e-006 2.39873035e-006 
1.50000000e+000 0.00000000e+000 0.00000000e+000 7.47346996e-009 2.82113938e-007 7.05906259e-007 8.70087808e-007 1.30630544e-006 1.45468079e-006 1.51839422e-006 1.84465136e-006 1.99665723e-006 
1.75000000e+000 3.50000000e+001 0.00000000e+000 1.69260582e-004 1.15799251e-004 7.48707735e-005 6.65487812e-005 5.17779772e-005 4.77986358e-005 4.61649356e-005 3.59783770e-005 2.59602079e-005 
1.75000000e+000 3.48214286e+001 0.00000000e+000 1.47984300e-004 1.06527039e-004 7.01583801e-005 6.26398000e-005 4.91758816e-005 4.55135722e-005 4.40051596e-005 3.45117943e-005 2.50589666e-005 
1.75000000e+000 3.42857143e+001 0.00000000e+000 1.10628315e-004 8.86991246e-005 6.07378827e-005 5.47455408e-005 4.38084116e-005 4.07704833e-005 3.95103344e-005 3.14113865e-005 2.31229181e-005 
1.75000000e+000 3.33928571e+001 0.00000000e+000 7.34742731e-005 6.88093090e-005 4.97617422e-005 4.54473889e-005 3.73463676e-005 3.50243464e-005 3.40508550e-005 2.75894259e-005 2.07041917e-005 
1.75000000e+000 3.21428571e+001 0.00000000e+000 4.34559406e-005 4.98948930e-005 3.87117895e-005 3.59571198e-005 3.05674827e-005 2.89493607e-005 2.82602865e-005 2.34595328e-005 1.80443038e-005 
1.75000000e+000 3.05357143e+001 0.00000000e+000 2.29214329e-005 3.39188237e-005 2.87091079e-005 2.72269904e-005 2.41332896e-005 2.31329464e-005 2.26963389e-005 1.94101352e-005 1.53882838e-005 
1.75000000e+000 2.85714286e+001 0.00000000e+000 1.07820860e-005 2.15631640e-005 2.02439979e-005 1.96812435e-005 1.83358169e-005 1.78299910e-005 1.75986753e-005 1.55923930e-005 1.28112247e-005 
1.75000000e+000 2.62500000e+001 0.00000000e+000 4.53136119e-006 1.28345026e-005 1.35879018e-005 1.35969788e-005 1.34236415e-005 1.32732179e-005 1.31926492e-005 1.21777176e-005 1.04245497e-005 
1.75000000e+000 2.35714286e+001 0.00000000e+000 1.70620779e-006 7.16205107e-006 8.69412223e-006 8.99137006e-006 9.48432895e-006 9.55833560e-006 9.57599438e-006 9.25955287e-006 8.29827352e-006 
1.75000000e+000 2.05357143e+001 0.00000000e+000 5.76516745e-007 3.74723522e-006 5.29586297e-006 5.68142687e-006 6.45042316e-006 6.63931633e-006 6.71017928e-006 6.82804359e-006 6.42875075e-006 
1.75000000e+000 1.71428571e+001 0.00000000e+000 1.76253577e-007 1.84508573e-006 3.07354840e-006 3.43028494e-006 4.21516393e-006 4.43762202e-006 4.52716353e-006 4.86215344e-006 4.81617501e-006 
1.75000000e+000 1.33928571e+001 0.00000000e+000 4.91934364e-008 8.58911177e-007 1.70443809e-006 1.98369832e-006 2.65006405e-006 2.85684984e-006 2.94319668e-006 3.34256378e-006 3.48236821e-006 
1.75000000e+000 9.28571429e+000 0.00000000e+000 1.29373683e-008 3.88052784e-007 9.20501102e-007 1.11766056e-006 1.62440789e-006 1.79335560e-006 1.86576901e-006 2.23889150e-006 2.44442197e-006 
1.75000000e+000 4.82142857e+000 0.00000000e+000 3.55256639e-009 1.84165608e-007 5.16263982e-007 6.52221074e-007 1.02686587e-006 1.15959650e-006 1.21765342e-006 1.53724151e-006 1.74496822e-006 
1.75000000e+000 0.00000000e+000 0.00000000e+000 1.60595031e-009 1.17525741e-007 3.65761432e-007 4.74573204e-007 7.88689407e-007 9.03969091e-007 9.54921014e-007 1.24354220e-006 1.43984940e-006 
2.00000000e+000 3.50000000e+001 0.00000000e+000 1.68853286e-004 1.15316646e-004 7.44650905e-005 6.61597088e-005 5.14171285e-005 4.74459063e-005 4.58157057e-005 3.56599633e-005 2.56869975e-005 
2.00000000e+000 3.48214286e+001 0.00000000e+000 1.45306211e-004 1.05036101e-004 6.92369359e-005 6.18222435e-005 4.85291589e-005 4.49097346e-005 4.34185818e-005 3.40323527e-005 2.46871125e-005 
2.00000000e+000 3.42857143e+001 0.00000000e+000 1.05008196e-004 8.56283703e-005 5.89467820e-005 5.31920406e-005 4.26518951e-005 3.97139432e-005 3.84939071e-005 3.06323138e-005 2.25623041e-005 
2.00000000e+000 3.33928571e+001 0.00000000e+000 6.63724991e-005 6.44486835e-005 4.71607657e-005 4.31877265e-005 3.56713513e-005 3.34997705e-005 3.25869903e-005 2.64858311e-005 1.99307929e-005 
2.00000000e+000 3.21428571e+001 0.00000000e+000 3.67699728e-005 4.49221091e-005 3.55738400e-005 3.31993146e-005 2.84838222e-005 2.70449605e-005 2.64289580e-005 2.20708226e-005 1.70714773e-005 
2.00000000e+000 3.05357143e+001 0.00000000e+000 1.78820072e-005 2.90781973e-005 2.53941651e-005 2.42597806e-005 2.18134685e-005 2.09935355e-005 2.06315602e-005 1.78137567e-005 1.42525792e-005 
2.00000000e+000 2.85714286e+001 0.00000000e+000 7.63783356e-006 1.74405898e-005 1.71132447e-005 1.68110409e-005 1.59855940e-005 1.56347574e-005 1.54689365e-005 1.38967683e-005 1.15725512e-005 
2.00000000e+000 2.62500000e+001 0.00000000e+000 2.87184441e-006 9.70647887e-006 1.09010599e-005 1.10612734e-005 1.12257022e-005 1.11872512e-005 1.11555817e-005 1.04939826e-005 9.15095439e-006 
2.00000000e+000 2.35714286e+001 0.00000000e+000 9.53313948e-007 5.01978462e-006 6.57364808e-006 6.92162978e-006 7.56696447e-006 7.70431422e-006 7.75141348e-006 7.68352325e-006 7.05630081e-006 
2.00000000e+000 2.05357143e+001 0.00000000e+000 2.80021625e-007 2.41413667e-006 3.75047797e-006 4.11520735e-006 4.88765705e-006 5.09632714e-006 5.17857673e-006 5.43875653e-006 5.28374078e-006 
2.00000000e+000 1.71428571e+001 0.00000000e+000 7.34292633e-008 1.08505380e-006 2.02943008e-006 2.32860319e-006 3.02518082e-006 3.23633388e-006 3.32380299e-006 3.71283684e-006 3.82427452e-006 
2.00000000e+000 1.33928571e+001 0.00000000e+000 1.73601600e-008 4.58294404e-007 1.04581875e-006 1.25873786e-006 1.79926907e-006 1.97792022e-006 2.05437668e-006 2.44755525e-006 2.67406150e-006 
2.00000000e+000 9.28571429e+000 0.00000000e+000 3.81905180e-009 1.87245112e-007 5.25036725e-007 6.63667730e-007 1.04587893e-006 1.18187803e-006 1.24160271e-006 1.57715243e-006 1.82141388e-006 
2.00000000e+000 4.82142857e+000 0.00000000e+000 8.67130715e-010 8.07184317e-008 2.75973862e-007 3.65542722e-007 6.32471863e-007 7.33742732e-007 7.79164452e-007 1.05006851e-006 1.27051666e-006 
2.00000000e+000 0.00000000e+000 0.00000000e+000 3.45098294e-010 4.89600376e-008 1.89517339e-007 2.58847207e-007 4.76175864e-007 5.61745427e-007 6.00551755e-007 8.38314193e-007 1.03831868e-006 
2.25000000e+000 3.50000000e+001 0.00000000e+000 1.68539942e-004 1.14940393e-004 7.41492051e-005 6.58571363e-005 5.11373918e-005 4.71726817e-005 4.55452645e-005 3.54134113e-005 2.54744579e-005 
2.25000000e+000 3.48214286e+001 0.00000000e+000 1.42803503e-004 1.03681680e-004 6.84195894e-005 6.11028610e-005 4.79710936e-005 4.43919756e-005 4.29169859e-005 3.36288961e-005 2.43784011e-005 
2.25000000e+000 3.42857143e+001 0.00000000e+000 9.98258204e-005 8.27931175e-005 5.73069645e-005 5.17752621e-005 4.16089271e-005 3.87651457e-005 3.75828601e-005 2.99427478e-005 2.20728910e-005 
2.25000000e+000 3.33928571e+001 0.00000000e+000 6.00894171e-005 6.04898684e-005 4.47933511e-005 4.11324837e-005 3.41540764e-005 3.21214825e-005 3.12648268e-005 2.54958901e-005 1.92429997e-005 
2.25000000e+000 3.21428571e+001 0.00000000e+000 3.12052610e-005 4.05527890e-005 3.27794434e-005 3.07382127e-005 2.66202255e-005 2.53416663e-005 2.47911584e-005 2.08308413e-005 1.62055074e-005 
2.25000000e+000 3.05357143e+001 0.00000000e+000 1.40049000e-005 2.50127479e-005 2.25382271e-005 2.16901482e-005 1.97868901e-005 1.91207882e-005 1.88227492e-005 1.64100919e-005 1.32513439e-005 
2.25000000e+000 2.85714286e+001 0.00000000e+000 5.43728900e-006 1.41660467e-005 1.45273520e-005 1.44199672e-005 1.39965002e-005 1.37690826e-005 1.36558727e-005 1.24397663e-005 1.04989364e-005 
2.25000000e+000 2.62500000e+001 0.00000000e+000 1.83123389e-006 7.37943872e-006 8.79049438e-006 9.04469661e-006 9.43583676e-006 9.47742394e-006 9.48133524e-006 9.08857046e-006 8.07158942e-006 
2.25000000e+000 2.35714286e+001 0.00000000e+000 5.36582833e-007 3.54096556e-006 5.00127035e-006 5.36117887e-006 6.07346781e-006 6.24676337e-006 6.31149732e-006 6.41156281e-006 6.03110230e-006 
2.25000000e+000 2.05357143e+001 0.00000000e+000 1.37184570e-007 1.56727366e-006 2.67542708e-006 3.00206569e-006 3.72845185e-006 3.93764272e-006 4.02253063e-006 4.35793834e-006 4.36526368e-006 
2.25000000e+000 1.71428571e+001 0.00000000e+000 3.08890915e-008 6.43657757e-007 1.35071546e-006 1.59293662e-006 2.18629849e-006 2.37609032e-006 2.45640337e-006 2.85162872e-006 3.05129458e-006 
2.25000000e+000 1.33928571e+001 0.00000000e+000 6.19090293e-009 2.46804611e-007 6.46820584e-007 8.04736159e-007 1.22949372e-006 1.37773684e-006 1.44248121e-006 1.80108576e-006 2.06139345e-006 
2.25000000e+000 9.28571429e+000 0.00000000e+000 1.13945959e-009 9.11179856e-008 3.01430872e-007 3.96442578e-007 6.76603256e-007 7.82329235e-007 8.29760532e-007 1.11474464e-006 1.36059577e-006 
2.25000000e+000 4.82142857e+000 0.00000000e+000 2.13516200e-010 3.55428808e-008 1.47967037e-007 2.05409650e-007 3.90305525e-007 4.65088390e-007 4.99408998e-007 7.18179619e-007 9.25879875e-007 
2.25000000e+000 0.00000000e+000 0.00000000e+000 7.41573877e-011 2.03962714e-008 9.81974374e-008 1.41183484e-007 2.87494041e-007 3.49080505e-007 3.77688284e-007 5.65136256e-007 7.48762877e-007 
2.50000000e+000 3.50000000e+001 0.00000000e+000 1.68292931e-004 1.14639091e-004 7.38960388e-005 6.56147945e-005 5.09138741e-005 4.69545551e-005 4.53294372e-005 3.52169673e-005 2.53049476e-005 
2.50000000e+000 3.48214286e+001 0.00000000e+000 1.40440048e-004 1.02429159e-004 6.76776774e-005 6.04540691e-005 4.74759094e-005 4.39351100e-005 4.24754604e-005 3.32791708e-005 2.41148927e-005 
2.50000000e+000 3.42857143e+001 0.00000000e+000 9.50155352e-005 8.01481817e-005 5.57846301e-005 5.04633737e-005 4.06508978e-005 3.78964143e-005 3.67499266e-005 2.93188447e-005 2.16357956e-005 
2.50000000e+000 3.33928571e+001 0.00000000e+000 5.44987523e-005 5.68670282e-005 4.26159366e-005 3.92418204e-005 3.27606830e-005 3.08572148e-005 3.00527668e-005 2.45928723e-005 1.86202356e-005 
2.50000000e+000 3.21428571e+001 0.00000000e+000 2.65473680e-005 3.66860804e-005 3.02684853e-005 2.85204689e-005 2.49341394e-005 2.37996587e-005 2.33081873e-005 1.97082096e-005 1.54231371e-005 
2.50000000e+000 3.05357143e+001 0.00000000e+000 1.10036522e-005 2.15740225e-005 2.00566390e-005 1.94444920e-005 1.79978172e-005 1.74634308e-005 1.72204357e-005 1.51607549e-005 1.23573249e-005 
2.50000000e+000 2.85714286e+001 0.00000000e+000 3.88655905e-006 1.15455714e-005 1.23729644e-005 1.24098782e-005 1.22959223e-005 1.21668599e-005 1.20960076e-005 1.11737179e-005 9.55778925e-006 
2.50000000e+000 2.62500000e+001 0.00000000e+000 1.17356918e-006 5.63404114e-006 7.11743901e-006 7.42577525e-006 7.96346203e-006 8.06141510e-006 8.09096624e-006 7.90302962e-006 7.14743410e-006 
2.50000000e+000 2.35714286e+001 0.00000000e+000 3.03845867e-007 2.51074280e-006 3.82386581e-006 4.17293374e-006 4.89820603e-006 5.08913747e-006 5.16349411e-006 5.37475436e-006 5.17706514e-006 
2.50000000e+000 2.05357143e+001 0.00000000e+000 6.76782603e-008 1.02377969e-006 1.91975082e-006 2.20268606e-006 2.85987343e-006 3.05887151e-006 3.14132957e-006 3.50940804e-006 3.62263690e-006 
2.50000000e+000 1.71428571e+001 0.00000000e+000 1.30958422e-008 3.84505601e-007 9.04876522e-007 1.09663030e-006 1.58933169e-006 1.75444715e-006 1.82555909e-006 2.20121492e-006 2.44500318e-006 
2.50000000e+000 1.33928571e+001 0.00000000e+000 2.22636754e-009 1.33922644e-007 4.02748714e-007 5.17796466e-007 8.44890411e-007 9.64827873e-007 1.01815669e-006 1.33130236e-006 1.59481802e-006 
2.50000000e+000 9.28571429e+000 0.00000000e+000 3.42883098e-010 4.46614085e-008 1.74062279e-007 2.38087535e-007 4.39627323e-007 5.19962910e-007 5.56714950e-007 7.90408595e-007 1.01879813e-006 
2.50000000e+000 4.82142857e+000 0.00000000e+000 5.29705999e-011 1.57183467e-008 7.95616396e-008 1.15717014e-007 2.41312045e-007 2.95298493e-007 3.20616862e-007 4.91787462e-007 6.75312309e-007 
2.50000000e+000 0.00000000e+000 0.00000000e+000 1.59355454e-011 8.49689228e-009 5.08805181e-008 7.70059787e-008 1.73576294e-007 2.16926062e-007 2.37529015e-007 3.80977722e-007 5.39955516e-007 
0.00000000e+000 3.50000000e+001 1.00000000e+001 2.12139657e-004 1.44020056e-004 9.16017260e-005 8.09346284e-005 6.20653682e-005 5.70247713e-005 5.49630278e-005 4.22785214e-005 3.00284379e-005 
0.00000000e+000 3.48214286e+001 1.00000000e+001 2.10993974e-004 1.43252364e-004 9.11366519e-005 8.05320278e-005 6.17718800e-005 5.67592695e-005 5.47087413e-005 4.20891463e-005 2.98959342e-005 
0.00000000e+000 3.42857143e+001 1.00000000e+001 2.07628751e-004 1.41015815e-004 8.97825982e-005 7.93597039e-005 6.09164009e-005 5.59849882e-005 5.39670040e-005 4.15359921e-005 2.95085175e-005 
0.00000000e+000 3.33928571e+001 1.00000000e+001 2.02903778e-004 1.37861322e-004 8.78795557e-005 7.77138821e-005 5.97171541e-005 5.48996249e-005 5.29272195e-005 4.07598918e-005 2.89643327e-005 
0.00000000e+000 3.21428571e+001 1.00000000e+001 1.97469471e-004 1.34188166e-004 8.56593702e-005 7.57919182e-005 5.83115857e-005 5.36256248e-005 5.17058979e-005 3.98446434e-005 2.83212196e-005 
0.00000000e+000 3.05357143e+001 1.00000000e+001 1.92394623e-004 1.30786219e-004 8.36112537e-005 7.40184620e-005 5.70098200e-005 5.24434284e-005 5.05715696e-005 3.89899240e-005 2.77194461e-005 
0.00000000e+000 2.85714286e+001 1.00000000e+001 1.87522683e-004 1.27495280e-004 8.16024307e-005 7.22675354e-005 5.57031433e-005 5.12506289e-005 4.94246271e-005 3.81161549e-005 2.71014273e-005 
0.00000000e+000 2.62500000e+001 1.00000000e+001 1.83058448e-004 1.24475767e-004 7.97311466e-005 7.06270175e-005 5.44616618e-005 5.01125343e-005 4.83283999e-005 3.72738396e-005 2.65040637e-005 
0.00000000e+000 2.35714286e+001 1.00000000e+001 1.77777743e-004 1.20948862e-004 7.75282786e-005 6.86901887e-005 5.29874318e-005 4.87595855e-005 4.70247933e-005 3.62717013e-005 2.57934762e-005 
0.00000000e+000 2.05357143e+001 1.00000000e+001 1.69906242e-004 1.15698659e-004 7.42367011e-005 6.57934655e-005 5.07850612e-005 4.67415554e-005 4.50819646e-005 3.47868119e-005 2.47422894e-005 
0.00000000e+000 1.71428571e+001 1.00000000e+001 1.58072938e-004 1.07935480e-004 6.93662375e-005 6.15102771e-005 4.75456925e-005 4.37814613e-005 4.22358776e-005 3.26299733e-005 2.32235096e-005 
0.00000000e+000 1.33928571e+001 1.00000000e+001 1.42451852e-004 9.78052107e-005 6.30317369e-005 5.59497044e-005 4.33677429e-005 3.99738941e-005 3.85793173e-005 2.98785462e-005 2.12938221e-005 
0.00000000e+000 9.28571429e+000 1.00000000e+001 1.21829055e-004 8.42391316e-005 5.45044840e-005 4.84629758e-005 3.77564617e-005 3.48669008e-005 3.36777856e-005 2.62017407e-005 1.87146532e-005 
0.00000000e+000 4.82142857e+000 1.00000000e+001 1.02036521e-004 7.12631673e-005 4.63478040e-005 4.13168118e-005 3.24509868e-005 3.00558581e-005 2.90674714e-005 2.27716461e-005 1.63164937e-005 
0.00000000e+000 0.00000000e+000 1.00000000e+001 8.96664850e-005 6.35323249e-005 4.17112817e-005 3.73317442e-005 2.96160580e-005 2.75150183e-005 2.66438411e-005 2.10078639e-005 1.50949974e-005 
2.50000000e-001 3.50000000e+001 1.00000000e+001 1.52878047e-004 1.12668292e-004 7.46241867e-005 6.66631906e-005 5.23557792e-005 4.84582123e-005 4.68523815e-005 3.67331532e-005 2.66159957e-005 
2.50000000e-001 3.48214286e+001 1.00000000e+001 1.47937155e-004 1.10372942e-004 7.34204425e-005 6.56572662e-005 5.16751677e-005 4.78568616e-005 4.62823369e-005 3.63365059e-005 2.63609681e-005 
2.50000000e-001 3.42857143e+001 1.00000000e+001 1.37148631e-004 1.05048822e-004 7.05534840e-005 6.32446568e-005 5.00176418e-005 4.63852211e-005 4.48843624e-005 3.53504450e-005 2.57166592e-005 
2.50000000e-001 3.33928571e+001 1.00000000e+001 1.23724339e-004 9.81687990e-005 6.67997641e-005 6.00759461e-005 4.78260125e-005 4.44351840e-005 4.30302016e-005 3.40347391e-005 2.48513203e-005 
2.50000000e-001 3.21428571e+001 1.00000000e+001 1.09396087e-004 9.05586751e-005 6.25944520e-005 5.65139242e-005 4.53430726e-005 4.22204028e-005 4.09220463e-005 3.25291646e-005 2.38556672e-005 
2.50000000e-001 3.05357143e+001 1.00000000e+001 9.57044184e-005 8.31772658e-005 5.85089344e-005 5.30510651e-005 4.29239819e-005 4.00608592e-005 3.88657876e-005 3.10585376e-005 2.28848370e-005 
2.50000000e-001 2.85714286e+001 1.00000000e+001 8.30694187e-005 7.61660489e-005 5.45721961e-005 4.96973103e-005 4.05520863e-005 3.79351224e-005 3.68383673e-005 2.95949730e-005 2.19125264e-005 
2.50000000e-001 2.62500000e+001 1.00000000e+001 7.18687292e-005 6.97753546e-005 5.09329474e-005 4.65835182e-005 3.83276662e-005 3.59353533e-005 3.49286203e-005 2.82066155e-005 2.09863796e-005 
2.50000000e-001 2.35714286e+001 1.00000000e+001 6.17587320e-005 6.36496978e-005 4.73417850e-005 4.34848241e-005 3.60715870e-005 3.38953240e-005 3.29756716e-005 2.67661887e-005 2.00108210e-005 
2.50000000e-001 2.05357143e+001 1.00000000e+001 5.24262524e-005 5.73591894e-005 4.34530043e-005 4.00791161e-005 3.35130016e-005 3.15605365e-005 3.07320159e-005 2.50729760e-005 1.88323968e-005 
2.50000000e-001 1.71428571e+001 1.00000000e+001 4.36822110e-005 5.06629291e-005 3.90585911e-005 3.61725509e-005 3.04928074e-005 2.87833344e-005 2.80548881e-005 2.30157703e-005 1.73697079e-005 
2.50000000e-001 1.33928571e+001 1.00000000e+001 3.55790169e-005 4.36996112e-005 3.42790484e-005 3.18800135e-005 2.71130591e-005 2.56611062e-005 2.50395422e-005 2.06730002e-005 1.56801536e-005 
2.50000000e-001 9.28571429e+000 1.00000000e+001 2.79585707e-005 3.61321058e-005 2.88028915e-005 2.69043029e-005 2.31146490e-005 2.19480839e-005 2.14459811e-005 1.78444672e-005 1.36057188e-005 
2.50000000e-001 4.82142857e+000 1.00000000e+001 2.20321481e-005 2.96943282e-005 2.40025475e-005 2.25214157e-005 1.95774863e-005 1.86626920e-005 1.82661523e-005 1.53389815e-005 1.17574804e-005 
2.50000000e-001 0.00000000e+000 1.00000000e+001 1.88923469e-005 2.61718200e-005 2.14325390e-005 2.02059950e-005 1.77675297e-005 1.69963843e-005 1.66589533e-005 1.40923101e-005 1.08409986e-005 
5.00000000e-001 3.50000000e+001 1.00000000e+001 1.41889997e-004 1.02242775e-004 6.74680494e-005 6.02799945e-005 4.74516989e-005 4.39750602e-005 4.25442587e-005 3.35173462e-005 2.44558279e-005 
5.00000000e-001 3.48214286e+001 1.00000000e+001 1.33796254e-004 9.85940857e-005 6.55914341e-005 5.87205573e-005 4.64106594e-005 4.30596675e-005 4.16784238e-005 3.29244512e-005 2.40835588e-005 
5.00000000e-001 3.42857143e+001 1.00000000e+001 1.17548634e-004 9.07379498e-005 6.14255357e-005 5.52307373e-005 4.40399189e-005 4.09636270e-005 3.96911779e-005 3.15430338e-005 2.32006991e-005 
5.00000000e-001 3.33928571e+001 1.00000000e+001 9.86405351e-005 8.10388768e-005 5.61700663e-005 5.08049857e-005 4.10005364e-005 3.82676303e-005 3.71315706e-005 2.97486592e-005 2.20438555e-005 
5.00000000e-001 3.21428571e+001 1.00000000e+001 7.98100471e-005 7.07479861e-005 5.04662758e-005 4.59742994e-005 3.76429615e-005 3.52786341e-005 3.42894768e-005 2.77384627e-005 2.07374312e-005 
5.00000000e-001 3.05357143e+001 1.00000000e+001 6.29249424e-005 6.09905595e-005 4.49714218e-005 4.13026738e-005 3.43703034e-005 3.23587512e-005 3.15106010e-005 2.57640368e-005 1.94524171e-005 
5.00000000e-001 2.85714286e+001 1.00000000e+001 4.84974548e-005 5.20488202e-005 3.98079548e-005 3.68824634e-005 3.12271624e-005 2.95418258e-005 2.88246871e-005 2.38353057e-005 1.81866215e-005 
5.00000000e-001 2.62500000e+001 1.00000000e+001 3.67491471e-005 4.41957194e-005 3.51525082e-005 3.28708048e-005 2.83352417e-005 2.69397306e-005 2.63395374e-005 2.20344432e-005 1.69967343e-005 
5.00000000e-001 2.35714286e+001 1.00000000e+001 2.73249561e-005 3.72337718e-005 3.08680233e-005 2.91420160e-005 2.55885517e-005 2.44519827e-005 2.39569721e-005 2.02787108e-005 1.58157928e-005 
5.00000000e-001 2.05357143e+001 1.00000000e+001 1.99251103e-005 3.09915982e-005 2.67990647e-005 2.55436054e-005 2.28436621e-005 2.19392180e-005 2.15395283e-005 1.84467206e-005 1.45423054e-005 
5.00000000e-001 1.71428571e+001 1.00000000e+001 1.42473554e-005 2.53688777e-005 2.28577016e-005 2.19904571e-005 2.00238955e-005 1.93280616e-005 1.90153103e-005 1.64774786e-005 1.31269916e-005 
5.00000000e-001 1.33928571e+001 1.00000000e+001 9.97809182e-006 2.03752493e-005 1.91133382e-005 1.85582519e-005 1.72091759e-005 1.66974040e-005 1.64624612e-005 1.44394197e-005 1.16224425e-005 
5.00000000e-001 9.28571429e+000 1.00000000e+001 6.84807366e-006 1.58532334e-005 1.54208950e-005 1.51035639e-005 1.42621039e-005 1.39127934e-005 1.37479113e-005 1.22119223e-005 9.92473066e-006 
5.00000000e-001 4.82142857e+000 1.00000000e+001 4.85558556e-006 1.24576087e-005 1.24785502e-005 1.23167198e-005 1.18381328e-005 1.16120159e-005 1.15008940e-005 1.03469363e-005 8.48055375e-006 
5.00000000e-001 0.00000000e+000 1.00000000e+001 3.98104355e-006 1.07817935e-005 1.10129530e-005 1.09368123e-005 1.06594001e-005 1.04990144e-005 1.04160624e-005 9.45335759e-006 7.78588542e-006 
7.50000000e-001 3.50000000e+001 1.00000000e+001 1.38022539e-004 9.78698255e-005 6.40395640e-005 5.71002465e-005 4.47879406e-005 4.14736030e-005 4.01127708e-005 3.15708405e-005 2.30486085e-005 
7.50000000e-001 3.48214286e+001 1.00000000e+001 1.27130933e-004 9.29957653e-005 6.15452791e-005 5.50305394e-005 4.34113182e-005 4.02648725e-005 3.89702618e-005 3.07927698e-005 2.25646508e-005 
7.50000000e-001 3.42857143e+001 1.00000000e+001 1.06486820e-004 8.29956353e-005 5.62498985e-005 5.05968613e-005 4.04048793e-005 3.76092943e-005 3.64537400e-005 2.90511710e-005 2.14611607e-005 
7.50000000e-001 3.33928571e+001 1.00000000e+001 8.37983108e-005 7.11154386e-005 4.97726517e-005 4.51345451e-005 3.66459579e-005 3.42745983e-005 3.32878840e-005 2.68361894e-005 2.00422913e-005 
7.50000000e-001 3.21428571e+001 1.00000000e+001 6.26371784e-005 5.90077688e-005 4.29558126e-005 3.93397867e-005 3.25920069e-005 3.06607515e-005 2.98500753e-005 2.44025356e-005 1.84664046e-005 
7.50000000e-001 3.05357143e+001 1.00000000e+001 4.49621973e-005 4.79280783e-005 3.65333871e-005 3.38421058e-005 2.86918950e-005 2.71704604e-005 2.65245226e-005 2.20282024e-005 1.69203884e-005 
7.50000000e-001 2.85714286e+001 1.00000000e+001 3.10819652e-005 3.82098318e-005 3.06815142e-005 2.87844119e-005 2.50320407e-005 2.38763054e-005 2.33783605e-005 1.97514270e-005 1.54209864e-005 
7.50000000e-001 2.62500000e+001 1.00000000e+001 2.08117106e-005 3.00737553e-005 2.55764518e-005 2.43286721e-005 2.17440057e-005 2.09004012e-005 2.05296773e-005 1.76635935e-005 1.40316401e-005 
7.50000000e-001 2.35714286e+001 1.00000000e+001 1.34687093e-005 2.33250280e-005 2.11213051e-005 2.03908992e-005 1.87608936e-005 1.81794020e-005 1.79164866e-005 1.57108050e-005 1.27058158e-005 
7.50000000e-001 2.05357143e+001 1.00000000e+001 8.43766445e-006 1.78042428e-005 1.72247193e-005 1.68855339e-005 1.60031746e-005 1.56350228e-005 1.54610146e-005 1.38201367e-005 1.13772423e-005 
7.50000000e-001 1.71428571e+001 1.00000000e+001 5.13452347e-006 1.33602261e-005 1.38188920e-005 1.37551491e-005 1.34275590e-005 1.32268839e-005 1.31239747e-005 1.19582430e-005 1.00171307e-005 
7.50000000e-001 1.33928571e+001 1.00000000e+001 3.03660019e-006 9.85068238e-006 1.08983390e-005 1.10150443e-005 1.10771089e-005 1.10025804e-005 1.09543903e-005 1.01759763e-005 8.66907994e-006 
7.50000000e-001 9.28571429e+000 1.00000000e+001 1.76944811e-006 7.10190145e-006 8.35870479e-006 8.56926178e-006 8.86643354e-006 8.87888193e-006 8.86985112e-006 8.39678026e-006 7.26342865e-006 
7.50000000e-001 4.82142857e+000 1.00000000e+001 1.09085221e-006 5.26105431e-006 6.51210689e-006 6.75777536e-006 7.17456253e-006 7.23968821e-006 7.25524914e-006 6.98932531e-006 6.12285583e-006 
7.50000000e-001 0.00000000e+000 1.00000000e+001 8.39002029e-007 4.44187133e-006 5.65905625e-006 5.91983791e-006 6.39505642e-006 6.48553438e-006 6.51275021e-006 6.34152312e-006 5.59176871e-006 
1.00000000e+000 3.50000000e+001 1.00000000e+001 1.36059644e-004 9.56030873e-005 6.21674533e-005 5.53282799e-005 4.32239440e-005 3.99782234e-005 3.86476846e-005 3.03365619e-005 2.21029115e-005 
1.00000000e+000 3.48214286e+001 1.00000000e+001 1.22598791e-004 8.95923505e-005 5.90968812e-005 5.27815407e-005 4.15319650e-005 3.84933211e-005 3.72444749e-005 2.93830225e-005 2.15123872e-005 
1.00000000e+000 3.42857143e+001 1.00000000e+001 9.82430881e-005 7.77148649e-005 5.27970422e-005 4.75046639e-005 3.79515123e-005 3.53306951e-005 3.42475801e-005 2.73112138e-005 2.02042638e-005 
1.00000000e+000 3.33928571e+001 1.00000000e+001 7.28232583e-005 6.40862819e-005 4.53040409e-005 4.11721392e-005 3.35754344e-005 3.14444855e-005 3.05567210e-005 2.47254307e-005 1.85499011e-005 
1.00000000e+000 3.21428571e+001 1.00000000e+001 5.05421225e-005 5.07253746e-005 3.76516756e-005 3.46389910e-005 2.89657449e-005 2.73259180e-005 2.66352774e-005 2.19374457e-005 1.67415417e-005 
1.00000000e+000 3.05357143e+001 1.00000000e+001 3.32116982e-005 3.89691306e-005 3.06359502e-005 2.85898538e-005 2.46123782e-005 2.34146844e-005 2.29027464e-005 1.92501945e-005 1.49814725e-005 
1.00000000e+000 2.85714286e+001 1.00000000e+001 2.07143425e-005 2.91317169e-005 2.44570287e-005 2.31946842e-005 2.06293541e-005 1.98099876e-005 1.94523525e-005 1.67231717e-005 1.33014414e-005 
1.00000000e+000 2.62500000e+001 1.00000000e+001 1.23317465e-005 2.13179346e-005 1.92638470e-005 1.85993740e-005 1.71463433e-005 1.66344579e-005 1.64035164e-005 1.44518798e-005 1.17691483e-005 
1.00000000e+000 2.35714286e+001 1.00000000e+001 6.98890556e-006 1.52464152e-005 1.49516856e-005 1.47221421e-005 1.41105573e-005 1.38404902e-005 1.37104629e-005 1.23988579e-005 1.03517197e-005 
1.00000000e+000 2.05357143e+001 1.00000000e+001 3.77964965e-006 1.06631605e-005 1.14230167e-005 1.14841380e-005 1.14652913e-005 1.13749750e-005 1.13212933e-005 1.05175765e-005 9.00540344e-006 
1.00000000e+000 1.71428571e+001 1.00000000e+001 1.95998948e-006 7.30445889e-006 8.57836063e-006 8.81000569e-006 9.16872422e-006 9.20261612e-006 9.20306361e-006 8.78546862e-006 7.71251898e-006 
1.00000000e+000 1.33928571e+001 1.00000000e+001 9.75446086e-007 4.90549006e-006 6.33670253e-006 6.65121399e-006 7.22154256e-006 7.33426117e-006 7.37031155e-006 7.23153115e-006 6.50487463e-006 
1.00000000e+000 9.28571429e+000 1.00000000e+001 4.76509023e-007 3.24116873e-006 4.58296445e-006 4.91048746e-006 5.55169431e-006 5.70293517e-006 5.75791460e-006 5.79989278e-006 5.33277045e-006 
1.00000000e+000 4.82142857e+000 1.00000000e+001 2.49413099e-007 2.23608332e-006 3.41109050e-006 3.71958516e-006 4.35791983e-006 4.52271597e-006 4.58562518e-006 4.72781904e-006 4.42487007e-006 
1.00000000e+000 0.00000000e+000 1.00000000e+001 1.76841407e-007 1.83003240e-006 2.90799918e-006 3.20433125e-006 3.83673581e-006 4.00634402e-006 4.07221076e-006 4.25407035e-006 4.01599220e-006 
1.25000000e+000 3.50000000e+001 1.00000000e+001 1.34869031e-004 9.42293551e-005 6.10200151e-005 5.42338287e-005 4.22329892e-005 3.90208859e-005 3.77052653e-005 2.95155764e-005 2.14463153e-005 
1.25000000e+000 3.48214286e+001 1.00000000e+001 1.19008703e-004 8.71476484e-005 5.74046401e-005 5.12356583e-005 4.02417722e-005 3.72736609e-005 3.60543130e-005 2.83947339e-005 2.07537206e-005 
1.25000000e+000 3.42857143e+001 1.00000000e+001 9.14471460e-005 7.35904107e-005 5.01951604e-005 4.51927529e-005 3.61360550e-005 3.36459340e-005 3.26163196e-005 2.60175930e-005 1.92547696e-005 
1.25000000e+000 3.33928571e+001 1.00000000e+001 6.40315770e-005 5.85271307e-005 4.18409422e-005 3.81164968e-005 3.12234656e-005 2.92777442e-005 2.84656101e-005 2.31024020e-005 1.73878904e-005 
1.25000000e+000 3.21428571e+001 1.00000000e+001 4.13895305e-005 4.43012552e-005 3.35549123e-005 3.10121057e-005 2.61668646e-005 2.47487797e-005 2.41490943e-005 2.00169496e-005 1.53788718e-005 
1.25000000e+000 3.05357143e+001 1.00000000e+001 2.49765572e-005 3.22784961e-005 2.61774707e-005 2.46065594e-005 2.14911085e-005 2.05308868e-005 2.01172099e-005 1.70869869e-005 1.34445555e-005 
1.25000000e+000 2.85714286e+001 1.00000000e+001 1.41022946e-005 2.26922820e-005 1.99070723e-005 1.90766832e-005 1.73259336e-005 1.67398401e-005 1.64799230e-005 1.43875149e-005 1.16285105e-005 
1.25000000e+000 2.62500000e+001 1.00000000e+001 7.49116755e-006 1.54833646e-005 1.48418652e-005 1.45335907e-005 1.37881020e-005 1.34895574e-005 1.33494498e-005 1.20131673e-005 1.00001874e-005 
1.25000000e+000 2.35714286e+001 1.00000000e+001 3.73206083e-006 1.02364408e-005 1.08376642e-005 1.08706620e-005 1.08205978e-005 1.07321739e-005 1.06811684e-005 9.93314628e-006 8.53480742e-006 
1.25000000e+000 2.05357143e+001 1.00000000e+001 1.74859068e-006 6.56814050e-006 7.75384862e-006 7.98178953e-006 8.36343449e-006 8.41623105e-006 8.42662622e-006 8.11164993e-006 7.20154261e-006 
1.25000000e+000 1.71428571e+001 1.00000000e+001 7.74541122e-007 4.10374388e-006 5.43837411e-006 5.75226540e-006 6.35755333e-006 6.49430041e-006 6.54269029e-006 6.52506523e-006 5.98661020e-006 
1.25000000e+000 1.33928571e+001 1.00000000e+001 3.24674932e-007 2.50105524e-006 3.74640092e-006 4.07664258e-006 4.76209327e-006 4.94030748e-006 5.00890414e-006 5.17894780e-006 4.90846170e-006 
1.25000000e+000 9.28571429e+000 1.00000000e+001 1.32357569e-007 1.50343462e-006 2.53930547e-006 2.83988856e-006 3.49973792e-006 3.68542881e-006 3.75965806e-006 4.02370762e-006 3.92744454e-006 
1.25000000e+000 4.82142857e+000 1.00000000e+001 5.79291945e-008 9.56225857e-007 1.79322854e-006 2.05368846e-006 2.65287919e-006 2.83094882e-006 2.90373854e-006 3.20244238e-006 3.20081025e-006 
1.25000000e+000 0.00000000e+000 1.00000000e+001 3.72785985e-008 7.53996602e-007 1.49435774e-006 1.73449684e-006 2.30189389e-006 2.47489026e-006 2.54625002e-006 2.85377248e-006 2.88429043e-006 
1.50000000e+000 3.50000000e+001 1.00000000e+001 1.34071866e-004 9.33057960e-005 6.02496788e-005 5.34979900e-005 4.15606223e-005 3.83681479e-005 3.70611458e-005 2.89434968e-005 2.09752128e-005 
1.50000000e+000 3.48214286e+001 1.00000000e+001 1.15947879e-004 8.52051265e-005 5.61144717e-005 5.00687714e-005 3.92831989e-005 3.63698734e-005 3.51730325e-005 2.76621776e-005 2.01844280e-005 
1.50000000e+000 3.42857143e+001 1.00000000e+001 8.55804468e-005 7.01246157e-005 4.80706199e-005 4.33212968e-005 3.46915551e-005 3.23110955e-005 3.13259109e-005 2.50003815e-005 1.85064560e-005 
1.50000000e+000 3.33928571e+001 1.00000000e+001 5.67193539e-005 5.38686739e-005 3.89759400e-005 3.56007204e-005 2.93070196e-005 2.75170084e-005 2.67680798e-005 2.17901007e-005 1.64467152e-005 
1.50000000e+000 3.21428571e+001 1.00000000e+001 3.42178327e-005 3.90608614e-005 3.02082306e-005 2.80522819e-005 2.38886560e-005 2.26521858e-005 2.21267894e-005 1.84536781e-005 1.42640021e-005 
1.50000000e+000 3.05357143e+001 1.00000000e+001 1.90027538e-005 2.70429693e-005 2.26333903e-005 2.14313257e-005 1.89892221e-005 1.82150345e-005 1.78783540e-005 1.53371065e-005 1.21886283e-005 
1.50000000e+000 2.85714286e+001 1.00000000e+001 9.73387315e-006 1.79151622e-005 1.64248566e-005 1.59032062e-005 1.47434488e-005 1.43288816e-005 1.41411141e-005 1.25258385e-005 1.02732434e-005 
1.50000000e+000 2.62500000e+001 1.00000000e+001 4.62403924e-006 1.14220581e-005 1.16107994e-005 1.15284235e-005 1.12452994e-005 1.10905276e-005 1.10122618e-005 1.01089296e-005 8.58661363e-006 
1.50000000e+000 2.35714286e+001 1.00000000e+001 2.02981727e-006 6.99537341e-006 7.98759923e-006 8.15746036e-006 8.42014688e-006 8.43991527e-006 8.43700183e-006 8.05454257e-006 7.10748271e-006 
1.50000000e+000 2.05357143e+001 1.00000000e+001 8.25809992e-007 4.12473779e-006 5.35489849e-006 5.63952327e-006 6.18871725e-006 6.31223445e-006 6.35580196e-006 6.32660451e-006 5.81073523e-006 
1.50000000e+000 1.71428571e+001 1.00000000e+001 3.13022850e-007 2.35159612e-006 3.50519134e-006 3.81419167e-006 4.46534176e-006 4.63853375e-006 4.70603521e-006 4.89271113e-006 4.68118615e-006 
1.50000000e+000 1.33928571e+001 1.00000000e+001 1.10694714e-007 1.29894560e-006 2.24631421e-006 2.53082756e-006 3.17222027e-006 3.35897531e-006 3.43488209e-006 3.73535277e-006 3.72336549e-006 
1.50000000e+000 9.28571429e+000 1.00000000e+001 3.76163435e-008 7.07187538e-007 1.42040163e-006 1.65628537e-006 2.22017862e-006 2.39534808e-006 2.46842351e-006 2.80314630e-006 2.90112725e-006 
1.50000000e+000 4.82142857e+000 1.00000000e+001 1.36417579e-008 4.11296435e-007 9.46016383e-007 1.13732943e-006 1.61841683e-006 1.77542333e-006 1.84210559e-006 2.17214299e-006 2.31754393e-006 
1.50000000e+000 0.00000000e+000 1.00000000e+001 7.85940458e-009 3.10668892e-007 7.67935755e-007 9.38897379e-007 1.38106649e-006 1.52886409e-006 1.59212370e-006 1.91442170e-006 2.07151262e-006 
1.75000000e+000 3.50000000e+001 1.00000000e+001 1.33503487e-004 9.26409404e-005 5.96964753e-005 5.29698809e-005 4.10774196e-005 3.78982711e-005 3.65970340e-005 2.85273683e-005 2.06262506e-005 
1.75000000e+000 3.48214286e+001 1.00000000e+001 1.13229298e-004 8.35644621e-005 5.50620516e-005 4.91264396e-005 3.85245914e-005 3.56583186e-005 3.44805695e-005 2.70913303e-005 1.97406194e-005 
1.75000000e+000 3.42857143e+001 1.00000000e+001 8.03850775e-005 6.70903033e-005 4.62460474e-005 4.17252035e-005 3.34796552e-005 3.11968052e-005 3.02509396e-005 2.41622884e-005 1.78937557e-005 
1.75000000e+000 3.33928571e+001 1.00000000e+001 5.05048773e-005 4.98366806e-005 3.65089119e-005 3.34411885e-005 2.76761554e-005 2.60230213e-005 2.53295058e-005 2.06856584e-005 1.56579782e-005 
1.75000000e+000 3.21428571e+001 1.00000000e+001 2.84810214e-005 3.46615573e-005 2.73779227e-005 2.55484977e-005 2.19640421e-005 2.08822705e-005 2.04201291e-005 1.71365491e-005 1.33243861e-005 
1.75000000e+000 3.05357143e+001 1.00000000e+001 1.45781902e-005 2.28327162e-005 1.97252754e-005 1.88163911e-005 1.69164582e-005 1.62934664e-005 1.60194949e-005 1.38783156e-005 1.11355022e-005 
1.75000000e+000 2.85714286e+001 1.00000000e+001 6.78483661e-006 1.42741651e-005 1.36784284e-005 1.33820181e-005 1.26631876e-005 1.23791200e-005 1.22465563e-005 1.10022107e-005 9.15058019e-006 
1.75000000e+000 2.62500000e+001 1.00000000e+001 2.88675232e-006 8.51687670e-006 9.18085332e-006 9.24253427e-006 9.26682374e-006 9.21149939e-006 9.17653406e-006 8.58737048e-006 7.43538771e-006 
1.75000000e+000 2.35714286e+001 1.00000000e+001 1.11829409e-006 4.83984603e-006 5.95824080e-006 6.19426040e-006 6.62557068e-006 6.70958460e-006 6.73604217e-006 6.59486505e-006 5.96843333e-006 
1.75000000e+000 2.05357143e+001 1.00000000e+001 3.95641377e-007 2.62625454e-006 3.74629726e-006 4.03483699e-006 4.63176919e-006 4.78615246e-006 4.84549674e-006 4.98078785e-006 4.72493971e-006 
1.75000000e+000 1.71428571e+001 1.00000000e+001 1.28494263e-007 1.36735525e-006 2.28867901e-006 2.56046557e-006 3.16999751e-006 3.34675820e-006 3.41855413e-006 3.69932401e-006 3.68460844e-006 
1.75000000e+000 1.33928571e+001 1.00000000e+001 3.83852423e-008 6.84451993e-007 1.36277329e-006 1.58832785e-006 2.13200608e-006 2.30278319e-006 2.37444113e-006 2.71158983e-006 2.83824662e-006 
1.75000000e+000 9.28571429e+000 1.00000000e+001 1.08744522e-008 3.36620660e-007 8.01319038e-007 9.73386685e-007 1.41672311e-006 1.56521889e-006 1.62902042e-006 1.96058848e-006 2.14918275e-006 
1.75000000e+000 4.82142857e+000 1.00000000e+001 3.25113201e-009 1.77879142e-007 5.00756822e-007 6.31695540e-007 9.89409118e-007 1.11555523e-006 1.17072037e-006 1.47527451e-006 1.67957691e-006 
1.75000000e+000 0.00000000e+000 1.00000000e+001 1.65719628e-009 1.28009994e-007 3.94643722e-007 5.08242799e-007 8.28609204e-007 9.44467535e-007 9.95537292e-007 1.28427923e-006 1.48777974e-006 
2.00000000e+000 3.50000000e+001 1.00000000e+001 1.33080164e-004 9.21392432e-005 5.92792643e-005 5.25719117e-005 4.07137544e-005 3.75445885e-005 3.62476254e-005 2.82129734e-005 2.03599307e-005 
2.00000000e+000 3.48214286e+001 1.00000000e+001 1.10753294e-004 8.21239293e-005 5.41631938e-005 4.83285679e-005 3.78947052e-005 3.50709305e-005 3.39103077e-005 2.66271456e-005 1.93823529e-005 
2.00000000e+000 3.42857143e+001 1.00000000e+001 7.57101521e-005 6.43667523e-005 4.46280776e-005 4.03168520e-005 3.24242642e-005 3.02308049e-005 2.93208567e-005 2.34457657e-005 1.73753670e-005 
2.00000000e+000 3.33928571e+001 1.00000000e+001 4.51485982e-005 4.62770443e-005 3.43303951e-005 3.15371022e-005 2.62463381e-005 2.47162368e-005 2.40725091e-005 1.97272155e-005 1.49780585e-005 
2.00000000e+000 3.21428571e+001 1.00000000e+001 2.38282936e-005 3.09014671e-005 2.49308749e-005 2.33805111e-005 2.02959748e-005 1.93486847e-005 1.89416114e-005 1.59973255e-005 1.25129881e-005 
2.00000000e+000 3.05357143e+001 1.00000000e+001 1.12545584e-005 1.93875594e-005 1.72891425e-005 1.66158397e-005 1.51589597e-005 1.46612745e-005 1.44394719e-005 1.26337325e-005 1.02335032e-005 
2.00000000e+000 2.85714286e+001 1.00000000e+001 4.76449236e-006 1.14499716e-005 1.14682529e-005 1.13369993e-005 1.09509046e-005 1.07678875e-005 1.06783950e-005 9.72911565e-006 8.20315259e-006 
2.00000000e+000 2.62500000e+001 1.00000000e+001 1.81758479e-006 6.40076237e-006 7.31656469e-006 7.46815680e-006 7.69585878e-006 7.70991219e-006 7.70563124e-006 7.34877296e-006 6.48254117e-006 
2.00000000e+000 2.35714286e+001 1.00000000e+001 6.22048513e-007 3.37901542e-006 4.48441360e-006 4.74545674e-006 5.25834651e-006 5.37913089e-006 5.42312478e-006 5.44197253e-006 5.04685998e-006 
2.00000000e+000 2.05357143e+001 1.00000000e+001 1.91569614e-007 1.68931520e-006 2.64688935e-006 2.91480118e-006 3.49799282e-006 3.66102837e-006 3.72620944e-006 3.95196201e-006 3.86771948e-006 
2.00000000e+000 1.71428571e+001 1.00000000e+001 5.33561311e-008 8.03858795e-007 1.50972713e-006 1.73588226e-006 2.27042522e-006 2.43528318e-006 2.50402434e-006 2.81720694e-006 2.91727320e-006 
2.00000000e+000 1.33928571e+001 1.00000000e+001 1.34779120e-008 3.64788132e-007 8.34861677e-007 1.00600688e-006 1.44403963e-006 1.59023947e-006 1.65305371e-006 1.97993627e-006 2.17335171e-006 
2.00000000e+000 9.28571429e+000 1.00000000e+001 3.18444075e-009 1.61844320e-007 4.55498161e-007 5.75996845e-007 9.08924629e-007 1.02787408e-006 1.08022345e-006 1.37642848e-006 1.59653185e-006 
2.00000000e+000 4.82142857e+000 1.00000000e+001 7.82798041e-010 7.73246190e-008 2.65925895e-007 3.51847017e-007 6.06107884e-007 7.02230731e-007 7.45341831e-007 1.00328526e-006 1.21834547e-006 
2.00000000e+000 0.00000000e+000 1.00000000e+001 3.49471901e-010 5.27482048e-008 2.02812860e-007 2.75126752e-007 4.97153825e-007 5.83459080e-007 6.22505527e-007 8.61558721e-007 1.06854338e-006 
2.25000000e+000 3.50000000e+001 1.00000000e+001 1.32754653e-004 9.17474863e-005 5.89530502e-005 5.22608696e-005 4.04299452e-005 3.72686769e-005 3.59750795e-005 2.79676126e-005 2.01511015e-005 
2.25000000e+000 3.48214286e+001 1.00000000e+001 1.08460661e-004 8.08257326e-005 5.33706685e-005 4.76301041e-005 3.73526567e-005 3.45682396e-005 3.34234222e-005 2.62362826e-005 1.90841165e-005 
2.25000000e+000 3.42857143e+001 1.00000000e+001 7.14575807e-005 6.18819201e-005 4.31626813e-005 3.90456231e-005 3.14808916e-005 2.93704889e-005 2.84938871e-005 2.28155493e-005 1.69246888e-005 
2.25000000e+000 3.33928571e+001 1.00000000e+001 4.04860211e-005 4.30926522e-005 3.23743902e-005 2.98280492e-005 2.49667554e-005 2.35485617e-005 2.29501575e-005 1.88761677e-005 1.43784815e-005 
2.25000000e+000 3.21428571e+001 1.00000000e+001 2.00171410e-005 2.76483170e-005 2.27836521e-005 2.14735483e-005 1.88242828e-005 1.79952006e-005 1.76366550e-005 1.49924485e-005 1.17985636e-005 
2.25000000e+000 3.05357143e+001 1.00000000e+001 8.73216414e-006 1.65344843e-005 1.52194023e-005 1.47363339e-005 1.36441282e-005 1.32513671e-005 1.30734674e-005 1.15531077e-005 9.44762987e-006 
2.25000000e+000 2.85714286e+001 1.00000000e+001 3.36540464e-006 9.23239791e-006 9.66453112e-006 9.65386534e-006 9.51925812e-006 9.41506614e-006 9.35949049e-006 8.64811562e-006 7.39133524e-006 
2.25000000e+000 2.62500000e+001 1.00000000e+001 1.15206802e-006 4.83962653e-006 5.86579250e-006 6.07057877e-006 6.42940090e-006 6.49154647e-006 6.50897856e-006 6.32546378e-006 5.68312528e-006 
2.25000000e+000 2.35714286e+001 1.00000000e+001 3.48606482e-007 2.37558915e-006 3.39842901e-006 3.66048315e-006 4.20135627e-006 4.34122857e-006 4.39504347e-006 4.51902845e-006 4.29236022e-006 
2.25000000e+000 2.05357143e+001 1.00000000e+001 9.35199958e-008 1.09518377e-006 1.88453373e-006 2.12171684e-006 2.66098824e-006 2.82037864e-006 2.88571441e-006 3.15610780e-006 3.18419966e-006 
2.25000000e+000 1.71428571e+001 1.00000000e+001 2.23526183e-008 4.76624622e-007 1.00403742e-006 1.18624658e-006 1.63811182e-006 1.78466692e-006 1.84700841e-006 2.15879261e-006 2.32181328e-006 
2.25000000e+000 1.33928571e+001 1.00000000e+001 4.77781654e-009 1.96187482e-007 5.15619190e-007 6.42124215e-007 9.84674262e-007 1.10520846e-006 1.15802683e-006 1.45331672e-006 1.67116889e-006 
2.25000000e+000 9.28571429e+000 1.00000000e+001 9.41839767e-010 7.84717217e-008 2.60658563e-007 3.42945120e-007 5.86032089e-007 6.78105389e-007 7.19492745e-007 9.69730640e-007 1.18911983e-006 
2.25000000e+000 4.82142857e+000 1.00000000e+001 1.90132749e-010 3.37736287e-008 1.41656696e-007 1.96506289e-007 3.72037415e-007 4.42840231e-007 4.75337566e-007 6.83175360e-007 8.84573589e-007 
2.25000000e+000 0.00000000e+000 1.00000000e+001 7.37062558e-011 2.17364764e-008 1.04230721e-007 1.48937094e-007 2.98289302e-007 3.60444978e-007 3.89254676e-007 5.77981429e-007 7.67446547e-007 
2.50000000e+000 3.50000000e+001 1.00000000e+001 1.32498229e-004 9.14335126e-005 5.86909095e-005 5.20109138e-005 4.02020724e-005 3.70472380e-005 3.57563811e-005 2.77708631e-005 1.99833794e-005 
2.50000000e+000 3.48214286e+001 1.00000000e+001 1.06313351e-004 7.96341749e-005 5.26558421e-005 4.70038031e-005 3.68736081e-005 3.41261456e-005 3.29961416e-005 2.58978180e-005 1.88292362e-005 
2.50000000e+000 3.42857143e+001 1.00000000e+001 6.75587234e-005 5.95889691e-005 4.18159682e-005 3.78799812e-005 3.06219275e-005 2.85893435e-005 2.77439867e-005 2.22492158e-005 1.65241741e-005 
2.50000000e+000 3.33928571e+001 1.00000000e+001 3.63971981e-005 4.02170713e-005 3.05977273e-005 2.82749213e-005 2.38049156e-005 2.24892382e-005 2.19324132e-005 1.81074706e-005 1.38401877e-005 
2.50000000e+000 3.21428571e+001 1.00000000e+001 1.68717516e-005 2.48088300e-005 2.08797251e-005 1.97774953e-005 1.75092746e-005 1.67847827e-005 1.64693095e-005 1.40929820e-005 1.11598114e-005 
2.50000000e+000 3.05357143e+001 1.00000000e+001 6.80276617e-006 1.41509087e-005 1.34430927e-005 1.31139090e-005 1.23228636e-005 1.20184356e-005 1.18777139e-005 1.06022827e-005 8.75354742e-006 
2.50000000e+000 2.85714286e+001 1.00000000e+001 2.38850283e-006 7.47536404e-006 8.17746482e-006 8.25382472e-006 8.30833082e-006 8.26568016e-006 8.23688489e-006 7.71873436e-006 6.68706762e-006 
2.50000000e+000 2.62500000e+001 1.00000000e+001 7.34181225e-007 3.67697343e-006 4.72493265e-006 4.95782926e-006 5.39665122e-006 5.49142888e-006 5.52401243e-006 5.47001745e-006 5.00484177e-006 
2.50000000e+000 2.35714286e+001 1.00000000e+001 1.96538896e-007 1.67939970e-006 2.58947615e-006 2.83891087e-006 3.37485337e-006 3.52227856e-006 3.58079747e-006 3.77197207e-006 3.66837269e-006 
2.50000000e+000 2.05357143e+001 1.00000000e+001 4.59531360e-008 7.14424601e-007 1.34997494e-006 1.55381893e-006 2.03622677e-006 2.18541897e-006 2.24773300e-006 2.53427600e-006 2.63440303e-006 
2.50000000e+000 1.71428571e+001 1.00000000e+001 9.43041685e-009 2.84516240e-007 6.72136191e-007 8.15906911e-007 1.18914360e-006 1.31568598e-006 1.37042446e-006 1.66313464e-006 1.85644748e-006 
2.50000000e+000 1.33928571e+001 1.00000000e+001 1.70652692e-009 1.06284887e-007 3.20614241e-007 4.12543968e-007 6.75366505e-007 7.72412411e-007 8.15688718e-007 1.07180576e-006 1.28994814e-006 
2.50000000e+000 9.28571429e+000 1.00000000e+001 2.80756169e-010 3.83183313e-008 1.50042142e-007 2.05308560e-007 3.79557582e-007 4.49247426e-007 4.81187338e-007 6.85460996e-007 8.87896990e-007 
2.50000000e+000 4.82142857e+000 1.00000000e+001 4.65249017e-011 1.48166572e-008 7.56817905e-008 1.10033656e-007 2.28801401e-007 2.79750208e-007 3.03649510e-007 4.65783806e-007 6.42812580e-007 
2.50000000e+000 0.00000000e+000 1.00000000e+001 1.55471208e-011 8.95752889e-009 5.35680633e-008 8.06271639e-008 1.78974197e-007 2.22675664e-007 2.43404950e-007 3.87745225e-007 5.51196653e-007 
0.00000000e+000 3.50000000e+001 2.00000000e+001 2.35174689e-004 1.58180891e-004 9.96215701e-005 8.76712227e-005 6.65073159e-005 6.08774121e-005 5.85821824e-005 4.46556454e-005 3.15491637e-005 
0.00000000e+000 3.48214286e+001 2.00000000e+001 2.33468122e-004 1.57057370e-004 9.89209857e-005 8.70568727e-005 6.60457922e-005 6.04564168e-005 5.81776675e-005 4.43499051e-005 3.13340459e-005 
0.00000000e+000 3.42857143e+001 2.00000000e+001 2.28624263e-004 1.53871815e-004 9.69351267e-005 8.53156168e-005 6.47380988e-005 5.92637012e-005 5.70316942e-005 4.34839595e-005 3.07247700e-005 
0.00000000e+000 3.33928571e+001 2.00000000e+001 2.20776247e-004 1.48696421e-004 9.37064865e-005 8.24842901e-005 6.26114533e-005 5.73240166e-005 5.51680290e-005 4.20756784e-005 2.97337155e-005 
0.00000000e+000 3.21428571e+001 2.00000000e+001 2.10703414e-004 1.42059468e-004 8.95700390e-005 7.88583582e-005 5.98911434e-005 5.48438904e-005 5.27855251e-005 4.02771434e-005 2.84687282e-005 
0.00000000e+000 3.05357143e+001 2.00000000e+001 1.98858553e-004 1.34241663e-004 8.46979624e-005 7.45884117e-005 5.66899690e-005 5.19261531e-005 4.99829647e-005 3.81627790e-005 2.69816613e-005 
0.00000000e+000 2.85714286e+001 2.00000000e+001 1.85914124e-004 1.25702690e-004 7.93786609e-005 6.99278459e-005 5.31996622e-005 4.87462463e-005 4.69291592e-005 3.58613905e-005 2.53640645e-005 
0.00000000e+000 2.62500000e+001 2.00000000e+001 1.72604564e-004 1.16922443e-004 7.39114496e-005 6.51394671e-005 4.96183209e-005 4.54850049e-005 4.37979063e-005 3.35043390e-005 2.37081830e-005 
0.00000000e+000 2.35714286e+001 2.00000000e+001 1.59187216e-004 1.08075167e-004 6.84022633e-005 6.03149148e-005 4.60123228e-005 4.22023019e-005 4.06464817e-005 3.11341174e-005 2.20439960e-005 
0.00000000e+000 2.05357143e+001 2.00000000e+001 1.46209529e-004 9.95436096e-005 6.30854004e-005 5.56571340e-005 4.25289431e-005 3.90310762e-005 3.76021003e-005 2.88453851e-005 2.04384853e-005 
0.00000000e+000 1.71428571e+001 2.00000000e+001 1.34860513e-004 9.22043848e-005 5.85253065e-005 5.16622525e-005 3.95386622e-005 3.63080005e-005 3.49877217e-005 2.68803516e-005 1.90625883e-005 
0.00000000e+000 1.33928571e+001 2.00000000e+001 1.26349847e-004 8.68060574e-005 5.51790909e-005 4.87273183e-005 3.73326310e-005 3.42967399e-005 3.30559395e-005 2.54269560e-005 1.80475076e-005 
0.00000000e+000 9.28571429e+000 2.00000000e+001 1.18763205e-004 8.20299082e-005 5.21602550e-005 4.60566781e-005 3.52861215e-005 3.24213074e-005 3.12510500e-005 2.40569906e-005 1.70884653e-005 
0.00000000e+000 4.82142857e+000 2.00000000e+001 1.13523443e-004 7.87362489e-005 5.00255771e-005 4.41474357e-005 3.37901702e-005 3.10430796e-005 2.99220126e-005 2.30394225e-005 1.63739615e-005 
0.00000000e+000 0.00000000e+000 2.00000000e+001 1.12044821e-004 7.77991093e-005 4.93787955e-005 4.35577147e-005 3.33136014e-005 3.06014965e-005 2.94953738e-005 2.27107737e-005 1.61435658e-005 
2.50000000e-001 3.50000000e+001 2.00000000e+001 1.81804964e-004 1.30123243e-004 8.45045860e-005 7.49800620e-005 5.78918829e-005 5.32798948e-005 5.13903166e-005 3.97431652e-005 2.85305740e-005 
2.50000000e-001 3.48214286e+001 2.00000000e+001 1.75573535e-004 1.27196020e-004 8.29401878e-005 7.36629228e-005 5.69842336e-005 5.24732993e-005 5.06238440e-005 3.92019236e-005 2.81769211e-005 
2.50000000e-001 3.42857143e+001 2.00000000e+001 1.61824335e-004 1.20376800e-004 7.92009226e-005 7.04925118e-005 5.47659578e-005 5.04927086e-005 4.87379821e-005 3.78534209e-005 2.72832255e-005 
2.50000000e-001 3.33928571e+001 2.00000000e+001 1.43845812e-004 1.10953861e-004 7.39052583e-005 6.59729735e-005 5.15591397e-005 4.76172677e-005 4.59951085e-005 3.58701065e-005 2.59525386e-005 
2.50000000e-001 3.21428571e+001 2.00000000e+001 1.24228598e-004 1.00148207e-004 6.77129690e-005 6.06623726e-005 4.77533334e-005 4.41948109e-005 4.27264505e-005 3.34891534e-005 2.43422399e-005 
2.50000000e-001 3.05357143e+001 2.00000000e+001 1.04673211e-004 8.87726863e-005 6.10557118e-005 5.49231585e-005 4.35965884e-005 4.04452230e-005 3.91407251e-005 3.08567652e-005 2.25466751e-005 
2.50000000e-001 2.85714286e+001 2.00000000e+001 8.65380533e-005 7.76317365e-005 5.44018742e-005 4.91583264e-005 3.93795728e-005 3.66303817e-005 3.54882308e-005 2.81560250e-005 2.06900440e-005 
2.50000000e-001 2.62500000e+001 2.00000000e+001 7.05365138e-005 6.72387866e-005 4.80711384e-005 4.36478293e-005 3.53118090e-005 3.29411014e-005 3.19521711e-005 2.55245582e-005 1.88683548e-005 
2.50000000e-001 2.35714286e+001 2.00000000e+001 5.69330091e-005 5.78528168e-005 4.22276213e-005 3.85345642e-005 3.14973964e-005 2.94711223e-005 2.86220951e-005 2.30275601e-005 1.71257797e-005 
2.50000000e-001 2.05357143e+001 2.00000000e+001 4.57864948e-005 4.96920281e-005 3.70363281e-005 3.39677371e-005 2.80534073e-005 2.63282642e-005 2.56020081e-005 2.07457338e-005 1.55213417e-005 
2.50000000e-001 1.71428571e+001 2.00000000e+001 3.70989266e-005 4.30614958e-005 3.27674285e-005 3.02009579e-005 2.51939995e-005 2.37137893e-005 2.30876595e-005 1.88379498e-005 1.41759157e-005 
2.50000000e-001 1.33928571e+001 2.00000000e+001 3.08246969e-005 3.81845810e-005 2.96223411e-005 2.74231308e-005 2.30788931e-005 2.17780673e-005 2.12254200e-005 1.74234360e-005 1.31800933e-005 
2.50000000e-001 9.28571429e+000 2.00000000e+001 2.61578838e-005 3.43284909e-005 2.70454252e-005 2.51200175e-005 2.12777521e-005 2.01167732e-005 1.96220905e-005 1.61844760e-005 1.22965013e-005 
2.50000000e-001 4.82142857e+000 2.00000000e+001 2.32263225e-005 3.18088140e-005 2.53112827e-005 2.35530820e-005 2.00229487e-005 1.89519366e-005 1.84950236e-005 1.53020888e-005 1.16614603e-005 
2.50000000e-001 0.00000000e+000 2.00000000e+001 2.22834057e-005 3.10131696e-005 2.47532095e-005 2.30447671e-005 1.96103305e-005 1.85680055e-005 1.81232783e-005 1.50107647e-005 1.14527146e-005 
5.00000000e-001 3.50000000e+001 2.00000000e+001 1.71173635e-004 1.20467672e-004 7.79951094e-005 6.91988099e-005 5.34856295e-005 4.92598594e-005 4.75302423e-005 3.68733275e-005 2.66095915e-005 
5.00000000e-001 3.48214286e+001 2.00000000e+001 1.61101315e-004 1.15925545e-004 7.56387281e-005 6.72334081e-005 5.21612915e-005 4.80917786e-005 4.64239228e-005 3.61089202e-005 2.61234159e-005 
5.00000000e-001 3.42857143e+001 2.00000000e+001 1.40546922e-004 1.06045253e-004 7.03624967e-005 6.27978248e-005 4.91205751e-005 4.53954196e-005 4.38642483e-005 3.43145899e-005 2.49631333e-005 
5.00000000e-001 3.33928571e+001 2.00000000e+001 1.15895000e-004 9.33061821e-005 6.33483018e-005 5.68532456e-005 4.49739529e-005 4.16987618e-005 4.03470090e-005 3.18140975e-005 2.33206530e-005 
5.00000000e-001 3.21428571e+001 2.00000000e+001 9.13111411e-005 7.95978225e-005 5.55783245e-005 5.02199813e-005 4.02768228e-005 3.74926954e-005 3.63375892e-005 2.89313274e-005 2.14040188e-005 
5.00000000e-001 3.05357143e+001 2.00000000e+001 6.91666253e-005 6.61298832e-005 4.76943363e-005 4.34351879e-005 3.53927287e-005 3.30980274e-005 3.21398649e-005 2.58760252e-005 1.93459953e-005 
5.00000000e-001 2.85714286e+001 2.00000000e+001 5.07224315e-005 5.38280313e-005 4.02538386e-005 3.69809277e-005 3.06712550e-005 2.88297904e-005 2.80549113e-005 2.28677300e-005 1.72943209e-005 
5.00000000e-001 2.62500000e+001 2.00000000e+001 3.62169648e-005 4.31414490e-005 3.35667023e-005 3.11329930e-005 2.63238156e-005 2.48814782e-005 2.42688438e-005 2.00473887e-005 1.53476856e-005 
5.00000000e-001 2.35714286e+001 2.00000000e+001 2.53239519e-005 3.42066237e-005 2.77675582e-005 2.60169644e-005 2.24528174e-005 2.13478256e-005 2.08731197e-005 1.74852105e-005 1.35554185e-005 
5.00000000e-001 2.05357143e+001 2.00000000e+001 1.74743377e-005 2.70141055e-005 2.29240897e-005 2.17060418e-005 1.91319168e-005 1.83004450e-005 1.79382751e-005 1.52419985e-005 1.19656690e-005 
5.00000000e-001 1.71428571e+001 2.00000000e+001 1.20477007e-005 2.15076428e-005 1.91067120e-005 1.82858299e-005 1.64619992e-005 1.58411180e-005 1.55660565e-005 1.34128472e-005 1.06596030e-005 
5.00000000e-001 1.33928571e+001 2.00000000e+001 8.48261431e-006 1.75777367e-005 1.63345656e-005 1.57928624e-005 1.45014276e-005 1.40315527e-005 1.38192026e-005 1.20609720e-005 9.69360121e-006 
5.00000000e-001 9.28571429e+000 2.00000000e+001 6.17052783e-006 1.47172390e-005 1.42199423e-005 1.38648614e-005 1.29379078e-005 1.25750581e-005 1.24077551e-005 1.09442998e-005 8.87980011e-006 
5.00000000e-001 4.82142857e+000 2.00000000e+001 4.85520025e-006 1.29425440e-005 1.28586098e-005 1.26091547e-005 1.18933668e-005 1.15948946e-005 1.14550699e-005 1.01780893e-005 8.31362226e-006 
5.00000000e-001 0.00000000e+000 2.00000000e+001 4.43379739e-006 1.23647133e-005 1.24096634e-005 1.21930236e-005 1.15443726e-005 1.12669793e-005 1.11362325e-005 9.92172557e-006 8.12506214e-006 
7.50000000e-001 3.50000000e+001 2.00000000e+001 1.67234116e-004 1.16240449e-004 7.47811074e-005 6.62417938e-005 5.10466772e-005 4.69788262e-005 4.53166022e-005 3.51161179e-005 2.53478323e-005 
7.50000000e-001 3.48214286e+001 2.00000000e+001 1.53713044e-004 1.10219101e-004 7.16905165e-005 6.36732761e-005 4.93315144e-005 4.54708151e-005 4.38903418e-005 3.41401204e-005 2.47350038e-005 
7.50000000e-001 3.42857143e+001 2.00000000e+001 1.27592182e-004 9.76979841e-005 6.50543787e-005 5.81104833e-005 4.55469033e-005 4.21240227e-005 4.07171411e-005 3.19348485e-005 2.33257327e-005 
7.50000000e-001 3.33928571e+001 2.00000000e+001 9.82836749e-005 8.23388649e-005 5.66142146e-005 5.09684585e-005 4.05894371e-005 3.77132228e-005 3.65242558e-005 2.89739753e-005 2.13998917e-005 
7.50000000e-001 3.21428571e+001 2.00000000e+001 7.12059431e-005 6.66413426e-005 4.76575041e-005 4.33179178e-005 3.51754380e-005 3.28687355e-005 3.19080644e-005 2.56669203e-005 1.92159562e-005 
7.50000000e-001 3.05357143e+001 2.00000000e+001 4.88981972e-005 5.20892198e-005 3.89909030e-005 3.58365815e-005 2.97656576e-005 2.79973229e-005 2.72538799e-005 2.22792755e-005 1.69412770e-005 
7.50000000e-001 2.85714286e+001 2.00000000e+001 3.20740924e-005 3.95861173e-005 3.12005017e-005 2.90380085e-005 2.47407187e-005 2.34437193e-005 2.28918003e-005 1.90539732e-005 1.47401786e-005 
7.50000000e-001 2.62500000e+001 2.00000000e+001 2.02193617e-005 2.94122479e-005 2.45462178e-005 2.31637099e-005 2.02984231e-005 1.93916630e-005 1.89995652e-005 1.61294284e-005 1.27114573e-005 
7.50000000e-001 2.35714286e+001 2.00000000e+001 1.23248315e-005 2.14838924e-005 1.90829010e-005 1.82808913e-005 1.65138218e-005 1.59149614e-005 1.56500866e-005 1.35682303e-005 1.09027603e-005 
7.50000000e-001 2.05357143e+001 2.00000000e+001 7.32030098e-006 1.55463494e-005 1.47656235e-005 1.43733482e-005 1.34078350e-005 1.30408862e-005 1.28727871e-005 1.14064577e-005 9.34880713e-006 
7.50000000e-001 1.71428571e+001 2.00000000e+001 4.28565707e-006 1.12888149e-005 1.15150213e-005 1.13989354e-005 1.09926627e-005 1.07926507e-005 1.06948997e-005 9.68754711e-006 8.09789109e-006 
7.50000000e-001 1.33928571e+001 2.00000000e+001 2.52693394e-006 8.39896545e-006 9.22115451e-006 9.28286022e-006 9.24813999e-006 9.16216977e-006 9.11289969e-006 8.42869145e-006 7.17734958e-006 
7.50000000e-001 9.28571429e+000 2.00000000e+001 1.53692597e-006 6.44851019e-006 7.57449021e-006 7.73883805e-006 7.92966300e-006 7.91682139e-006 7.89922965e-006 7.43767676e-006 6.43471129e-006 
7.50000000e-001 4.82142857e+000 2.00000000e+001 1.03545878e-006 5.30275931e-006 6.55840924e-006 6.77321884e-006 7.08120895e-006 7.10875525e-006 7.10901457e-006 6.77973122e-006 5.93284165e-006 
7.50000000e-001 0.00000000e+000 2.00000000e+001 8.82620674e-007 4.93046893e-006 6.22194123e-006 6.45182128e-006 6.79638282e-006 6.83705960e-006 6.84318812e-006 6.55820668e-006 5.76440152e-006 
1.00000000e+000 3.50000000e+001 2.00000000e+001 1.65201473e-004 1.13973689e-004 7.29714737e-005 6.45465996e-005 4.95826126e-005 4.55874664e-005 4.39567747e-005 3.39855118e-005 2.44907672e-005 
1.00000000e+000 3.48214286e+001 2.00000000e+001 1.48494959e-004 1.06569726e-004 6.91904202e-005 6.14098357e-005 4.74975454e-005 4.37572212e-005 4.22270204e-005 3.28078781e-005 2.37565544e-005 
1.00000000e+000 3.42857143e+001 2.00000000e+001 1.17647230e-004 9.17120659e-005 6.13305666e-005 5.48280095e-005 4.30334359e-005 3.98143350e-005 3.84907453e-005 3.02220055e-005 2.21142489e-005 
1.00000000e+000 3.33928571e+001 2.00000000e+001 8.49943498e-005 7.42329619e-005 5.16900463e-005 4.66678740e-005 3.73718404e-005 3.47793827e-005 3.37057352e-005 2.68508218e-005 1.99312362e-005 
1.00000000e+000 3.21428571e+001 2.00000000e+001 5.68724001e-005 5.71746319e-005 4.18398104e-005 3.82348076e-005 3.13825644e-005 2.94163130e-005 2.85941629e-005 2.31868192e-005 1.75154870e-005 
1.00000000e+000 3.05357143e+001 2.00000000e+001 3.55660720e-005 4.21810087e-005 3.27088154e-005 3.03148886e-005 2.56062716e-005 2.42036793e-005 2.36097899e-005 1.95441435e-005 1.50653000e-005 
1.00000000e+000 2.85714286e+001 2.00000000e+001 2.09615351e-005 3.00246164e-005 2.48651830e-005 2.34165667e-005 2.04331086e-005 1.94977769e-005 1.90948909e-005 1.61788916e-005 1.27560381e-005 
1.00000000e+000 2.62500000e+001 2.00000000e+001 1.17192817e-005 2.07404918e-005 1.84837880e-005 1.77195762e-005 1.60317776e-005 1.54598255e-005 1.52071081e-005 1.32204207e-005 1.06834954e-005 
1.00000000e+000 2.35714286e+001 2.00000000e+001 6.25476808e-006 1.39862713e-005 1.35118728e-005 1.32087197e-005 1.24334001e-005 1.21281723e-005 1.19871040e-005 1.07147033e-005 8.88847550e-006 
1.00000000e+000 2.05357143e+001 2.00000000e+001 3.21041965e-006 9.28016081e-006 9.78925612e-006 9.77428455e-006 9.60140123e-006 9.48120686e-006 9.41877529e-006 8.66982319e-006 7.39030878e-006 
1.00000000e+000 1.71428571e+001 2.00000000e+001 1.60095221e-006 6.13596495e-006 7.12130027e-006 7.27385203e-006 7.47591487e-006 7.47772176e-006 7.46803749e-006 7.08586888e-006 6.20923660e-006 
1.00000000e+000 1.33928571e+001 2.00000000e+001 7.90704855e-007 4.13241642e-006 5.31031062e-006 5.55366249e-006 5.97674066e-006 6.05523168e-006 6.07931319e-006 5.94231258e-006 5.34791200e-006 
1.00000000e+000 9.28571429e+000 2.00000000e+001 3.98645653e-007 2.87995545e-006 4.08315088e-006 4.36460349e-006 4.89671403e-006 5.01790479e-006 5.06144357e-006 5.07881326e-006 4.67857984e-006 
1.00000000e+000 4.82142857e+000 2.00000000e+001 2.24881814e-007 2.18715464e-006 3.35803862e-006 3.65042673e-006 4.22590096e-006 4.36737458e-006 4.42056312e-006 4.52253997e-006 4.23805597e-006 
1.00000000e+000 0.00000000e+000 2.00000000e+001 1.75782520e-007 1.96633985e-006 3.11981747e-006 3.41416916e-006 4.00135782e-006 4.14907085e-006 4.20530317e-006 4.33507358e-006 4.08969603e-006 
1.25000000e+000 3.50000000e+001 2.00000000e+001 1.63965158e-004 1.12572292e-004 7.18344662e-005 6.34735122e-005 4.86345254e-005 4.46782779e-005 4.30644836e-005 3.32213019e-005 2.38882927e-005 
1.25000000e+000 3.48214286e+001 2.00000000e+001 1.44272699e-004 1.03859350e-004 6.73969948e-005 5.97958883e-005 4.61964106e-005 4.25401932e-005 4.10446708e-005 3.18504001e-005 2.30372829e-005 
1.25000000e+000 3.42857143e+001 2.00000000e+001 1.09332520e-004 8.68993351e-005 5.84206973e-005 5.22810341e-005 4.11053133e-005 3.80459326e-005 3.67870126e-005 2.89097061e-005 2.11759652e-005 
1.25000000e+000 3.33928571e+001 2.00000000e+001 7.42765975e-005 6.76780172e-005 4.77561426e-005 4.32446181e-005 3.48265794e-005 3.24609648e-005 3.14790088e-005 2.51709564e-005 1.87589736e-005 
1.25000000e+000 3.21428571e+001 2.00000000e+001 4.60299999e-005 4.97090574e-005 3.72338857e-005 3.42092293e-005 2.83749032e-005 2.66760499e-005 2.59624658e-005 2.12066085e-005 1.61424556e-005 
1.25000000e+000 3.05357143e+001 2.00000000e+001 2.62852759e-005 3.46917053e-005 2.78648594e-005 2.60386580e-005 2.23542878e-005 2.12279452e-005 2.07471284e-005 1.73723551e-005 1.35521636e-005 
1.25000000e+000 2.85714286e+001 2.00000000e+001 1.39559747e-005 2.31814525e-005 2.01607913e-005 1.92059030e-005 1.71465273e-005 1.64694366e-005 1.61734542e-005 1.39289581e-005 1.11698671e-005 
1.25000000e+000 2.62500000e+001 2.00000000e+001 6.93738181e-006 1.49217086e-005 1.41845458e-005 1.38068271e-005 1.28776842e-005 1.25277972e-005 1.23683888e-005 1.09904581e-005 9.08518953e-006 
1.25000000e+000 2.35714286e+001 2.00000000e+001 3.24971757e-006 9.30888171e-006 9.76241468e-006 9.73095262e-006 9.52455971e-006 9.39647845e-006 9.33132425e-006 8.57984455e-006 7.32820084e-006 
1.25000000e+000 2.05357143e+001 2.00000000e+001 1.44479644e-006 5.67243865e-006 6.62546055e-006 6.77801680e-006 6.99215265e-006 7.00355023e-006 6.99904713e-006 6.67540965e-006 5.90151037e-006 
1.25000000e+000 1.71428571e+001 2.00000000e+001 6.15177073e-007 3.41702550e-006 4.49200000e-006 4.72750223e-006 5.16155262e-006 5.25437946e-006 5.28637800e-006 5.24022955e-006 4.80096555e-006 
1.25000000e+000 1.33928571e+001 2.00000000e+001 2.55144194e-007 2.07929841e-006 3.10920863e-006 3.37273930e-006 3.90794244e-006 4.04502637e-006 4.09767838e-006 4.22318353e-006 4.00832470e-006 
1.25000000e+000 9.28571429e+000 2.00000000e+001 1.06475679e-007 1.30742773e-006 2.22496994e-006 2.48505648e-006 3.04509487e-006 3.20072970e-006 3.26287672e-006 3.48392341e-006 3.41277525e-006 
1.25000000e+000 4.82142857e+000 2.00000000e+001 4.96343859e-008 9.07855818e-007 1.72586099e-006 1.97375952e-006 2.52767395e-006 2.68863373e-006 2.75415187e-006 3.02111971e-006 3.03038532e-006 
1.25000000e+000 0.00000000e+000 2.00000000e+001 3.50251392e-008 7.84323090e-007 1.56447923e-006 1.80683918e-006 2.35591157e-006 2.51797801e-006 2.58437047e-006 2.86563797e-006 2.90159708e-006 
1.50000000e+000 3.50000000e+001 2.00000000e+001 1.63138384e-004 1.11620978e-004 7.10579926e-005 6.27387274e-005 4.79790447e-005 4.40468802e-005 4.24434781e-005 3.26802330e-005 2.34503055e-005 
1.50000000e+000 3.48214286e+001 2.00000000e+001 1.40621269e-004 1.01658538e-004 6.59917115e-005 5.85425181e-005 4.52017441e-005 4.16128507e-005 4.01447350e-005 3.11231173e-005 2.24864641e-005 
1.50000000e+000 3.42857143e+001 2.00000000e+001 1.02096937e-004 8.27860927e-005 5.59866510e-005 5.01651944e-005 3.95272544e-005 3.66045286e-005 3.54005613e-005 2.78495388e-005 2.04183616e-005 
1.50000000e+000 3.33928571e+001 2.00000000e+001 6.53486480e-005 6.21216211e-005 4.44402438e-005 4.03675801e-005 3.27031750e-005 3.05311238e-005 2.96271531e-005 2.37795781e-005 1.77876691e-005 
1.50000000e+000 3.21428571e+001 2.00000000e+001 3.75790165e-005 4.35776574e-005 3.34177092e-005 3.08711073e-005 2.58798637e-005 2.44028352e-005 2.37792632e-005 1.95621892e-005 1.49971704e-005 
1.50000000e+000 3.05357143e+001 2.00000000e+001 1.96315383e-005 2.88139874e-005 2.39740182e-005 2.25882224e-005 1.97087539e-005 1.88015432e-005 1.84106078e-005 1.55878315e-005 1.22966855e-005 
1.50000000e+000 2.85714286e+001 2.00000000e+001 9.40594504e-006 1.81031290e-005 1.65322889e-005 1.59307036e-005 1.45478566e-005 1.40634861e-005 1.38477122e-005 1.21145611e-005 9.87037625e-006 
1.50000000e+000 2.62500000e+001 2.00000000e+001 4.16367982e-006 1.08755288e-005 1.10244925e-005 1.08941476e-005 1.04695212e-005 1.02724095e-005 1.01778485e-005 9.23549088e-006 7.79869229e-006 
1.50000000e+000 2.35714286e+001 2.00000000e+001 1.71428356e-006 6.28621811e-006 7.15260371e-006 7.26769836e-006 7.39025747e-006 7.37110454e-006 7.35350298e-006 6.94620921e-006 6.09805700e-006 
1.50000000e+000 2.05357143e+001 2.00000000e+001 6.61036507e-007 3.52277635e-006 4.55126766e-006 4.76830069e-006 5.15859586e-006 5.23829378e-006 5.26498958e-006 5.19466531e-006 4.75359905e-006 
1.50000000e+000 1.71428571e+001 2.00000000e+001 2.40671274e-007 1.93547624e-006 2.87633908e-006 3.11665283e-006 3.60777800e-006 3.73530887e-006 3.78473679e-006 3.91219780e-006 3.73974961e-006 
1.50000000e+000 1.33928571e+001 2.00000000e+001 8.40027923e-008 1.06415726e-006 1.84533188e-006 2.07405926e-006 2.58130679e-006 2.72774195e-006 2.78726750e-006 3.02330838e-006 3.02072791e-006 
1.50000000e+000 9.28571429e+000 2.00000000e+001 2.90449238e-008 6.01777999e-007 1.22414724e-006 1.42709584e-006 1.90597862e-006 2.05373331e-006 2.11539570e-006 2.40024092e-006 2.49721104e-006 
1.50000000e+000 4.82142857e+000 2.00000000e+001 1.11100933e-008 3.79108064e-007 8.90230677e-007 1.07054406e-006 1.51527155e-006 1.65847598e-006 1.71918988e-006 2.02096971e-006 2.16895971e-006 
1.50000000e+000 0.00000000e+000 2.00000000e+001 6.98209546e-009 3.12894091e-007 7.84598915e-007 9.56281336e-007 1.38717929e-006 1.52817326e-006 1.58829380e-006 1.89434745e-006 2.05869705e-006 
1.75000000e+000 3.50000000e+001 2.00000000e+001 1.62550271e-004 1.10933428e-004 7.04944877e-005 6.22048976e-005 4.75010325e-005 4.35855316e-005 4.19892689e-005 3.22809125e-005 2.31216341e-005 
1.75000000e+000 3.48214286e+001 2.00000000e+001 1.37344174e-004 9.97715103e-005 6.48226000e-005 5.75088307e-005 4.43962380e-005 4.08656102e-005 3.94210100e-005 3.05436056e-005 2.20484023e-005 
1.75000000e+000 3.42857143e+001 2.00000000e+001 9.56576590e-005 7.91463365e-005 5.38627819e-005 4.83286736e-005 3.81753848e-005 3.53749935e-005 3.42200407e-005 2.69560226e-005 1.97842096e-005 
1.75000000e+000 3.33928571e+001 2.00000000e+001 5.77694011e-005 5.72833248e-005 4.15525102e-005 3.78657291e-005 3.08663587e-005 2.88651539e-005 2.80299468e-005 2.25860130e-005 1.69575401e-005 
1.75000000e+000 3.21428571e+001 2.00000000e+001 3.08713568e-005 3.84213735e-005 3.01661692e-005 2.80213863e-005 2.37455729e-005 2.24580131e-005 2.19114154e-005 1.81553340e-005 1.40161329e-005 
1.75000000e+000 3.05357143e+001 2.00000000e+001 1.47735561e-005 2.40964978e-005 2.07674200e-005 1.97294165e-005 1.74966722e-005 1.67680125e-005 1.64505793e-005 1.40826399e-005 1.12305813e-005 
1.75000000e+000 2.85714286e+001 2.00000000e+001 6.39525716e-006 1.42503178e-005 1.36640633e-005 1.33185558e-005 1.24404008e-005 1.21033773e-005 1.19493544e-005 1.06167299e-005 8.78386330e-006 
1.75000000e+000 2.62500000e+001 2.00000000e+001 2.52371006e-006 7.99867066e-006 8.64550513e-006 8.67299958e-006 8.58680674e-006 8.49666845e-006 8.44807997e-006 7.82495746e-006 6.74452271e-006 
1.75000000e+000 2.35714286e+001 2.00000000e+001 9.14115497e-007 4.28827191e-006 5.29308064e-006 5.48204142e-006 5.78943355e-006 5.83700904e-006 5.84925017e-006 5.67258492e-006 5.11318781e-006 
1.75000000e+000 2.05357143e+001 2.00000000e+001 3.05968665e-007 2.21233564e-006 3.16061057e-006 3.39054602e-006 3.84435293e-006 3.95651576e-006 3.99899615e-006 4.07766097e-006 3.85723847e-006 
1.75000000e+000 1.71428571e+001 2.00000000e+001 9.53370509e-008 1.10973392e-006 1.86296643e-006 2.07753769e-006 2.54700015e-006 2.68090092e-006 2.73514705e-006 2.94444832e-006 2.93225741e-006 
1.75000000e+000 1.33928571e+001 2.00000000e+001 2.80454046e-008 5.51689814e-007 1.10736607e-006 1.28872674e-006 1.71998497e-006 1.85458120e-006 1.91108270e-006 2.17851376e-006 2.28792344e-006 
1.75000000e+000 9.28571429e+000 2.00000000e+001 8.04565166e-009 2.80184354e-007 6.79257362e-007 8.25855923e-007 1.20012753e-006 1.32500075e-006 1.37870149e-006 1.66040726e-006 1.83273076e-006 
1.75000000e+000 4.82142857e+000 2.00000000e+001 2.51712325e-009 1.59204922e-007 4.60801838e-007 5.82408825e-007 9.10338762e-007 1.02502189e-006 1.07514556e-006 1.35377899e-006 1.55389724e-006 
1.75000000e+000 0.00000000e+000 2.00000000e+001 1.39249118e-009 1.24843382e-007 3.93516400e-007 5.06155009e-007 8.16823450e-007 9.27497654e-007 9.76170097e-007 1.25230872e-006 1.46068656e-006 
2.00000000e+000 3.50000000e+001 2.00000000e+001 1.62113442e-004 1.10414032e-004 7.00669609e-005 6.17995645e-005 4.71374421e-005 4.32343306e-005 4.16433544e-005 3.19754730e-005 2.28677493e-005 
2.00000000e+000 3.48214286e+001 2.00000000e+001 1.34335613e-004 9.80958779e-005 6.38095047e-005 5.66198082e-005 4.37152485e-005 4.02372010e-005 3.88137147e-005 3.00631998e-005 2.16881406e-005 
2.00000000e+000 3.42857143e+001 2.00000000e+001 8.98456657e-005 7.58556521e-005 5.19589405e-005 4.66884377e-005 3.69801494e-005 3.42918716e-005 3.31817675e-005 2.61780938e-005 1.92372867e-005 
2.00000000e+000 3.33928571e+001 2.00000000e+001 5.12545851e-005 5.29986590e-005 3.89849100e-005 3.56417629e-005 2.92379443e-005 2.73902747e-005 2.66168907e-005 2.15350617e-005 1.62302174e-005 
2.00000000e+000 3.21428571e+001 2.00000000e+001 2.54817730e-005 3.40187598e-005 2.73452556e-005 2.55419857e-005 2.18812515e-005 2.07581195e-005 2.02784824e-005 1.69248200e-005 1.31578524e-005 
2.00000000e+000 3.05357143e+001 2.00000000e+001 1.11821310e-005 2.02543650e-005 1.80797103e-005 1.73187103e-005 1.56114533e-005 1.50303987e-005 1.47740242e-005 1.27878582e-005 1.03083483e-005 
2.00000000e+000 2.85714286e+001 2.00000000e+001 4.37738577e-006 1.12842207e-005 1.13591501e-005 1.11994523e-005 1.07002731e-005 1.04772305e-005 1.03713869e-005 9.35783120e-006 7.86025910e-006 
2.00000000e+000 2.62500000e+001 2.00000000e+001 1.54114527e-006 5.92254616e-006 6.82487039e-006 6.95047625e-006 7.08918611e-006 7.07416627e-006 7.05836896e-006 6.67230428e-006 5.86780409e-006 
2.00000000e+000 2.35714286e+001 2.00000000e+001 4.91409441e-007 2.94732536e-006 3.94613597e-006 4.16581778e-006 4.56861119e-006 4.65577950e-006 4.68635948e-006 4.66446561e-006 4.31428075e-006 
2.00000000e+000 2.05357143e+001 2.00000000e+001 1.42852770e-007 1.40084420e-006 2.21285751e-006 2.43050924e-006 2.88753724e-006 3.01155487e-006 3.06076791e-006 3.22367335e-006 3.14945946e-006 
2.00000000e+000 1.71428571e+001 2.00000000e+001 3.81161986e-008 6.42049344e-007 1.21727916e-006 1.39688537e-006 1.81269096e-006 1.93925303e-006 1.99193564e-006 2.23137199e-006 2.31238205e-006 
2.00000000e+000 1.33928571e+001 2.00000000e+001 9.45958819e-009 2.88855953e-007 6.70495781e-007 8.07633025e-007 1.15466142e-006 1.26989362e-006 1.31942851e-006 1.57894701e-006 1.74087456e-006 
2.00000000e+000 9.28571429e+000 2.00000000e+001 2.25438740e-009 1.31699787e-007 3.79724558e-007 4.81190387e-007 7.59805772e-007 8.59160130e-007 9.02940521e-007 1.15302612e-006 1.34889324e-006 
2.00000000e+000 4.82142857e+000 2.00000000e+001 5.76193008e-010 6.72094584e-008 2.39317749e-007 3.17771107e-007 5.48065113e-007 6.34719535e-007 6.73594214e-007 9.08072778e-007 1.11430611e-006 
2.00000000e+000 0.00000000e+000 2.00000000e+001 2.77842584e-010 4.98194978e-008 1.97385454e-007 2.67924873e-007 4.81000765e-007 5.62953575e-007 5.99982708e-007 8.27897584e-007 1.03640827e-006 
2.25000000e+000 3.50000000e+001 2.00000000e+001 1.61778527e-004 1.10008566e-004 6.97316335e-005 6.14813686e-005 4.68516195e-005 4.29581329e-005 4.13712591e-005 3.17347198e-005 2.26665261e-005 
2.25000000e+000 3.48214286e+001 2.00000000e+001 1.31532313e-004 9.65722992e-005 6.29062679e-005 5.58321665e-005 4.31209124e-005 3.96914378e-005 3.82873983e-005 2.96520834e-005 2.13832082e-005 
2.25000000e+000 3.42857143e+001 2.00000000e+001 8.45491799e-005 7.28378552e-005 5.02213452e-005 4.51950852e-005 3.58999140e-005 3.33157497e-005 3.22472750e-005 2.54840449e-005 1.87540880e-005 
2.25000000e+000 3.33928571e+001 2.00000000e+001 4.56051458e-005 4.91606139e-005 3.66698997e-005 3.36352899e-005 2.77696016e-005 2.60613659e-005 2.53441949e-005 2.05917177e-005 1.55804191e-005 
2.25000000e+000 3.21428571e+001 2.00000000e+001 2.11126715e-005 3.02198662e-005 2.48675818e-005 2.33565891e-005 2.02288095e-005 1.92497086e-005 1.88289074e-005 1.58308289e-005 1.23944599e-005 
2.25000000e+000 3.05357143e+001 2.00000000e+001 8.50267076e-006 1.70927587e-005 1.58003724e-005 1.52608331e-005 1.39829731e-005 1.35249043e-005 1.33196968e-005 1.16575698e-005 9.49880532e-006 
2.25000000e+000 2.85714286e+001 2.00000000e+001 3.01209165e-006 8.97694618e-006 9.48533134e-006 9.45954261e-006 9.24465429e-006 9.11013802e-006 9.04209576e-006 8.28514611e-006 7.06462350e-006 
2.25000000e+000 2.62500000e+001 2.00000000e+001 9.46682314e-007 4.40830613e-006 5.41513887e-006 5.59842580e-006 5.88256847e-006 5.91980251e-006 5.92727602e-006 5.71808502e-006 5.12971492e-006 
2.25000000e+000 2.35714286e+001 2.00000000e+001 2.65859623e-007 2.03745345e-006 2.95877096e-006 3.18370367e-006 3.62577531e-006 3.73469462e-006 3.77595339e-006 3.85669817e-006 3.65901192e-006 
2.25000000e+000 2.05357143e+001 2.00000000e+001 6.71487094e-008 8.92629486e-007 1.55908002e-006 1.75329548e-006 2.18237518e-006 2.30643768e-006 2.35705425e-006 2.56343658e-006 2.58514503e-006 
2.25000000e+000 1.71428571e+001 2.00000000e+001 1.53487872e-008 3.74039026e-007 8.00867372e-007 9.45659559e-007 1.29857432e-006 1.41181592e-006 1.45992672e-006 1.70086942e-006 1.83274258e-006 
2.25000000e+000 1.33928571e+001 2.00000000e+001 3.21583967e-009 1.52411773e-007 4.08944014e-007 5.09719905e-007 7.80101741e-007 8.74864420e-007 9.16415043e-007 1.15032444e-006 1.33018411e-006 
2.25000000e+000 9.28571429e+000 2.00000000e+001 6.37256867e-010 6.23945572e-008 2.13658679e-007 2.82062308e-007 4.83420436e-007 5.59669293e-007 5.93997214e-007 8.03561642e-007 9.95474647e-007 
2.25000000e+000 4.82142857e+000 2.00000000e+001 1.33054532e-010 2.85112831e-008 1.24685494e-007 1.73864657e-007 3.30635534e-007 3.93760576e-007 4.22761979e-007 6.09910964e-007 7.99819385e-007 
2.25000000e+000 0.00000000e+000 2.00000000e+001 5.54630398e-011 1.98837668e-008 9.90158162e-008 1.41831964e-007 2.83260019e-007 3.41705415e-007 3.68782684e-007 5.47337564e-007 7.35383625e-007 
2.50000000e+000 3.50000000e+001 2.00000000e+001 1.61515508e-004 1.09683910e-004 6.94617859e-005 6.12250531e-005 4.66210272e-005 4.27352281e-005 4.11516339e-005 3.15401745e-005 2.25034316e-005 
2.50000000e+000 3.48214286e+001 2.00000000e+001 1.28893378e-004 9.51636513e-005 6.20843131e-005 5.51191483e-005 4.25897497e-005 3.92057977e-005 3.78199496e-005 2.92912871e-005 2.11187924e-005 
2.50000000e+000 3.42857143e+001 2.00000000e+001 7.96888046e-005 7.00424756e-005 4.86153962e-005 4.38170290e-005 3.49082198e-005 3.24215526e-005 3.13920650e-005 2.48533942e-005 1.83189545e-005 
2.50000000e+000 3.33928571e+001 2.00000000e+001 4.06737452e-005 4.56942097e-005 3.45619301e-005 3.18059822e-005 2.64295400e-005 2.48488002e-005 2.41831109e-005 1.97328366e-005 1.49910166e-005 
2.50000000e+000 3.21428571e+001 2.00000000e+001 1.75468498e-005 2.69164585e-005 2.26719899e-005 2.14123080e-005 1.87487098e-005 1.78965270e-005 1.75277518e-005 1.48463317e-005 1.17066852e-005 
2.50000000e+000 3.05357143e+001 2.00000000e+001 6.48953604e-006 1.44711322e-005 1.38507718e-005 1.34884450e-005 1.25623541e-005 1.22071942e-005 1.20450743e-005 1.06598767e-005 8.77995642e-006 
2.50000000e+000 2.85714286e+001 2.00000000e+001 2.08158301e-006 7.16816332e-006 7.94893089e-006 8.01829841e-006 8.01525857e-006 7.94942760e-006 7.91106132e-006 7.36146654e-006 6.37189617e-006 
2.50000000e+000 2.62500000e+001 2.00000000e+001 5.84308925e-007 3.29505739e-006 4.31405945e-006 4.52762336e-006 4.90102125e-006 4.97380920e-006 4.99753984e-006 4.92006815e-006 4.50211183e-006 
2.50000000e+000 2.35714286e+001 2.00000000e+001 1.44577933e-007 1.41500521e-006 2.22851454e-006 2.44414598e-006 2.89055728e-006 3.00940888e-006 3.05618812e-006 3.20308299e-006 3.11655279e-006 
2.50000000e+000 2.05357143e+001 2.00000000e+001 3.17364450e-008 5.71650989e-007 1.10394341e-006 1.27109793e-006 1.65765988e-006 1.77520731e-006 1.82414808e-006 2.04824811e-006 2.13144124e-006 
2.50000000e+000 1.71428571e+001 2.00000000e+001 6.21652603e-009 2.19094947e-007 5.29792884e-007 6.43696548e-007 9.35275094e-007 1.03328960e-006 1.07565214e-006 1.30291597e-006 1.45898023e-006 
2.50000000e+000 1.33928571e+001 2.00000000e+001 1.10010769e-009 8.09129803e-008 2.50911467e-007 3.23583519e-007 5.29913097e-007 6.05890893e-007 6.39798329e-007 8.41899040e-007 1.02024900e-006 
2.50000000e+000 9.28571429e+000 2.00000000e+001 1.81391256e-010 2.97539919e-008 1.20898088e-007 1.66216462e-007 3.08949591e-007 3.66108272e-007 3.92354551e-007 5.61884410e-007 7.36536408e-007 
2.50000000e+000 4.82142857e+000 2.00000000e+001 3.09535398e-011 1.21492710e-008 6.51578556e-008 9.53815233e-008 1.99859796e-007 2.44714612e-007 2.65789408e-007 4.10177998e-007 5.74616246e-007 
2.50000000e+000 0.00000000e+000 2.00000000e+001 1.10765816e-011 7.93712645e-009 4.96742191e-008 7.50873431e-008 1.66819458e-007 2.07420004e-007 2.26683985e-007 3.61865610e-007 5.21802641e-007 
END