TITLE="2RS_E_WD280.dat"
VARIABLES= "Density" "Radius" "Height" "0.1053" "0.356" "0.6617" "0.7889" "1.1732" "1.3325" "1.408" "2" "3" 
ZONE T="3D Data" I=11 J=15 K=3 F=POINT
0.00000000e+000 3.50000000e+001 0.00000000e+000 2.78152293e-004 1.86461283e-004 1.18269926e-004 1.04361960e-004 7.96751702e-005 7.30749634e-005 7.03778708e-005 5.38945471e-005 3.82174549e-005 
0.00000000e+000 3.48214286e+001 0.00000000e+000 2.77119209e-004 1.85792294e-004 1.17836488e-004 1.03976353e-004 7.93750479e-005 7.27981290e-005 7.01106367e-005 5.36875877e-005 3.80701587e-005 
0.00000000e+000 3.42857143e+001 0.00000000e+000 2.74240934e-004 1.83891891e-004 1.16616293e-004 1.02892524e-004 7.85337675e-005 7.20225847e-005 6.93621559e-005 5.31083979e-005 3.76580686e-005 
0.00000000e+000 3.33928571e+001 0.00000000e+000 2.69660396e-004 1.80852181e-004 1.14658996e-004 1.01153651e-004 7.71840509e-005 7.07784042e-005 6.81614209e-005 5.21793108e-005 3.69968224e-005 
0.00000000e+000 3.21428571e+001 0.00000000e+000 2.62306472e-004 1.75929088e-004 1.11511378e-004 9.83672466e-005 7.50407098e-005 6.88082058e-005 6.62622120e-005 5.07182918e-005 3.59588381e-005 
0.00000000e+000 3.05357143e+001 0.00000000e+000 2.51205808e-004 1.68570364e-004 1.06848228e-004 9.42538938e-005 7.19041745e-005 6.59328294e-005 6.34935168e-005 4.86002883e-005 3.44566208e-005 
0.00000000e+000 2.85714286e+001 0.00000000e+000 2.35276822e-004 1.57987936e-004 1.00183371e-004 8.83910452e-005 6.74652825e-005 6.18727866e-005 5.95877978e-005 4.56270162e-005 3.23512839e-005 
0.00000000e+000 2.62500000e+001 0.00000000e+000 2.16129738e-004 1.45320230e-004 9.22281445e-005 8.14008672e-005 6.21875079e-005 5.70497310e-005 5.49497758e-005 4.21029767e-005 2.98575404e-005 
0.00000000e+000 2.35714286e+001 0.00000000e+000 1.91482721e-004 1.28878603e-004 8.19315654e-005 7.23676425e-005 5.53966535e-005 5.08528991e-005 4.89942798e-005 3.75920181e-005 2.66680926e-005 
0.00000000e+000 2.05357143e+001 0.00000000e+000 1.65007052e-004 1.11297110e-004 7.08636685e-005 6.26414505e-005 4.80593032e-005 4.41509276e-005 4.25508024e-005 3.27009635e-005 2.32031118e-005 
0.00000000e+000 1.71428571e+001 0.00000000e+000 1.40142355e-004 9.46739099e-005 6.03377682e-005 5.33701111e-005 4.10272139e-005 3.77177134e-005 3.63618127e-005 2.79880723e-005 1.98588850e-005 
0.00000000e+000 1.33928571e+001 0.00000000e+000 1.19432270e-004 8.10208238e-005 5.15758948e-005 4.56098754e-005 3.50699148e-005 3.22501507e-005 3.10952289e-005 2.39549733e-005 1.69939895e-005 
0.00000000e+000 9.28571429e+000 0.00000000e+000 1.08803221e-004 7.41307374e-005 4.67958777e-005 4.12534725e-005 3.15194841e-005 2.89408280e-005 2.78885743e-005 2.14342463e-005 1.51948178e-005 
0.00000000e+000 4.82142857e+000 0.00000000e+000 1.06806231e-004 7.28614311e-005 4.57898804e-005 4.02491257e-005 3.05013891e-005 2.79342337e-005 2.68906186e-005 2.05612175e-005 1.45417761e-005 
0.00000000e+000 0.00000000e+000 0.00000000e+000 1.05642622e-004 7.20891946e-005 4.52872677e-005 3.97901242e-005 3.00954657e-005 2.75411992e-005 2.65034730e-005 2.02287275e-005 1.42927227e-005 
2.50000000e-001 3.50000000e+001 0.00000000e+000 2.08167452e-004 1.50499229e-004 9.91064859e-005 8.83365607e-005 6.89053683e-005 6.36094456e-005 6.14305011e-005 4.78311261e-005 3.45077485e-005 
2.50000000e-001 3.48214286e+001 0.00000000e+000 2.02002878e-004 1.47779892e-004 9.76831661e-005 8.71430904e-005 6.80887292e-005 6.28852170e-005 6.07429374e-005 4.73493920e-005 3.41981947e-005 
2.50000000e-001 3.42857143e+001 0.00000000e+000 1.88662660e-004 1.41629369e-004 9.43979064e-005 8.43720642e-005 6.61667962e-005 6.11732329e-005 5.91145110e-005 4.61943777e-005 3.34456634e-005 
2.50000000e-001 3.33928571e+001 0.00000000e+000 1.71314344e-004 1.33238218e-004 8.98184214e-005 8.04869433e-005 6.34376718e-005 5.87325656e-005 5.67890136e-005 4.45274140e-005 3.23468872e-005 
2.50000000e-001 3.21428571e+001 0.00000000e+000 1.51316506e-004 1.22845619e-004 8.39673572e-005 7.54836786e-005 5.98645687e-005 5.55210198e-005 5.37224127e-005 4.22988301e-005 3.08528297e-005 
2.50000000e-001 3.05357143e+001 0.00000000e+000 1.29973736e-004 1.10849233e-004 7.69784799e-005 6.94563921e-005 5.54845990e-005 5.15638146e-005 4.99354694e-005 3.95082257e-005 2.89497747e-005 
2.50000000e-001 2.85714286e+001 0.00000000e+000 1.08212683e-004 9.73927081e-005 6.88347073e-005 6.23673665e-005 5.02355501e-005 4.67953272e-005 4.53615487e-005 3.60887031e-005 2.65771033e-005 
2.50000000e-001 2.62500000e+001 0.00000000e+000 8.78666798e-005 8.38040635e-005 6.03514762e-005 5.49268589e-005 4.46418159e-005 4.16912084e-005 4.04565904e-005 3.23801576e-005 2.39715666e-005 
2.50000000e-001 2.35714286e+001 0.00000000e+000 6.87874723e-005 6.95447423e-005 5.10756522e-005 4.67117032e-005 3.83468561e-005 3.59160191e-005 3.48941408e-005 2.81160831e-005 2.09277365e-005 
2.50000000e-001 2.05357143e+001 0.00000000e+000 5.25253093e-005 5.63256483e-005 4.21605627e-005 3.87431943e-005 3.21249984e-005 3.01767260e-005 2.93536991e-005 2.38119622e-005 1.78142778e-005 
2.50000000e-001 1.71428571e+001 0.00000000e+000 3.98163673e-005 4.51644623e-005 3.43940361e-005 3.17428675e-005 2.65618920e-005 2.50187024e-005 2.43637934e-005 1.98884167e-005 1.49456484e-005 
2.50000000e-001 1.33928571e+001 0.00000000e+000 3.06334484e-005 3.67090510e-005 2.83369935e-005 2.62328185e-005 2.20947037e-005 2.08531203e-005 2.03246485e-005 1.66733878e-005 1.25756638e-005 
2.50000000e-001 9.28571429e+000 0.00000000e+000 2.55369942e-005 3.21761216e-005 2.49470673e-005 2.30871199e-005 1.94250767e-005 1.83320091e-005 1.78678999e-005 1.46729535e-005 1.10937979e-005 
2.50000000e-001 4.82142857e+000 0.00000000e+000 2.35129180e-005 3.06935826e-005 2.39095912e-005 2.21067353e-005 1.85181784e-005 1.74491487e-005 1.69968148e-005 1.39186620e-005 1.05216114e-005 
2.50000000e-001 0.00000000e+000 0.00000000e+000 2.27065060e-005 3.00356289e-005 2.34676545e-005 2.17047263e-005 1.81716210e-005 1.71158295e-005 1.66691735e-005 1.36376141e-005 1.03073714e-005 
5.00000000e-001 3.50000000e+001 0.00000000e+000 1.93267869e-004 1.37352121e-004 9.03986618e-005 8.06493366e-005 6.31347512e-005 5.83713770e-005 5.64118522e-005 4.41476094e-005 3.20665332e-005 
5.00000000e-001 3.48214286e+001 0.00000000e+000 1.82802991e-004 1.32812108e-004 8.80720850e-005 7.87136420e-005 6.18368736e-005 5.72286101e-005 5.53303992e-005 4.34057965e-005 3.16018772e-005 
5.00000000e-001 3.42857143e+001 0.00000000e+000 1.61637934e-004 1.23106482e-004 8.29812930e-005 7.44512704e-005 5.89384732e-005 5.46651051e-005 5.28997180e-005 4.17177137e-005 3.05294838e-005 
5.00000000e-001 3.33928571e+001 0.00000000e+000 1.36124224e-004 1.10614965e-004 7.62532366e-005 6.87787998e-005 5.50227709e-005 5.11856527e-005 4.95939517e-005 3.93931894e-005 2.90323363e-005 
5.00000000e-001 3.21428571e+001 0.00000000e+000 1.09563331e-004 9.64147005e-005 6.83258041e-005 6.20332121e-005 5.02739662e-005 4.69402856e-005 4.55500027e-005 3.65023125e-005 2.71333205e-005 
5.00000000e-001 3.05357143e+001 0.00000000e+000 8.45175983e-005 8.15981760e-005 5.96983532e-005 5.46119816e-005 4.49286996e-005 4.21283135e-005 4.09526833e-005 3.31539392e-005 2.48848723e-005 
5.00000000e-001 2.85714286e+001 0.00000000e+000 6.24472698e-005 6.68376844e-005 5.06650337e-005 4.67418019e-005 3.91063907e-005 3.68444387e-005 3.58871552e-005 2.93850299e-005 2.22909513e-005 
5.00000000e-001 2.62500000e+001 0.00000000e+000 4.44964083e-005 5.33642715e-005 4.20360360e-005 3.91376896e-005 3.33467338e-005 3.15807265e-005 3.08260273e-005 2.55512000e-005 1.96004046e-005 
5.00000000e-001 2.35714286e+001 0.00000000e+000 3.04353100e-005 4.10524881e-005 3.36555348e-005 3.16384049e-005 2.74846470e-005 2.61734145e-005 2.56064263e-005 2.15019964e-005 1.66828113e-005 
5.00000000e-001 2.05357143e+001 0.00000000e+000 2.02227039e-005 3.08232162e-005 2.62988439e-005 2.49618048e-005 2.21105604e-005 2.11732877e-005 2.07623705e-005 1.76624604e-005 1.38551767e-005 
5.00000000e-001 1.71428571e+001 0.00000000e+000 1.33053003e-005 2.29588612e-005 2.03584022e-005 1.95009031e-005 1.75949711e-005 1.69384599e-005 1.66461128e-005 1.43362940e-005 1.13605872e-005 
5.00000000e-001 1.33928571e+001 0.00000000e+000 8.88479105e-006 1.74081408e-005 1.59871453e-005 1.54335656e-005 1.41422355e-005 1.36753503e-005 1.34642522e-005 1.17191259e-005 9.36928389e-006 
5.00000000e-001 9.28571429e+000 0.00000000e+000 6.43710130e-006 1.43180739e-005 1.34905236e-005 1.30785107e-005 1.20729458e-005 1.16995809e-005 1.15297643e-005 1.00965069e-005 8.12853661e-006 
5.00000000e-001 4.82142857e+000 0.00000000e+000 5.28870545e-006 1.30223369e-005 1.25350810e-005 1.21838261e-005 1.12696724e-005 1.09227365e-005 1.07648605e-005 9.43579251e-006 7.62047464e-006 
5.00000000e-001 0.00000000e+000 0.00000000e+000 4.88047582e-006 1.25142123e-005 1.21608346e-005 1.18395022e-005 1.09720139e-005 1.06368522e-005 1.04839613e-005 9.19407995e-006 7.43328730e-006 
7.50000000e-001 3.50000000e+001 0.00000000e+000 1.87812675e-004 1.31459188e-004 8.59540314e-005 7.65790661e-005 5.98248560e-005 5.52922384e-005 5.34307383e-005 4.18159949e-005 3.04146054e-005 
7.50000000e-001 3.48214286e+001 0.00000000e+000 1.73528497e-004 1.25266160e-004 8.27952229e-005 7.39565386e-005 5.80772841e-005 5.37571617e-005 5.19795926e-005 4.08280852e-005 2.98019046e-005 
7.50000000e-001 3.42857143e+001 0.00000000e+000 1.46068480e-004 1.12530149e-004 7.61192913e-005 6.83741116e-005 5.42990979e-005 5.04222766e-005 4.88204885e-005 3.86492160e-005 2.84307624e-005 
7.50000000e-001 3.33928571e+001 0.00000000e+000 1.14957231e-004 9.68448084e-005 6.76274600e-005 6.12142943e-005 4.93674549e-005 4.60458647e-005 4.46652712e-005 3.57426768e-005 2.65733981e-005 
7.50000000e-001 3.21428571e+001 0.00000000e+000 8.50687324e-005 8.00378517e-005 5.81367661e-005 5.31266199e-005 4.36705073e-005 4.09557235e-005 3.98183066e-005 3.22899782e-005 2.43200065e-005 
7.50000000e-001 3.05357143e+001 0.00000000e+000 5.94831865e-005 6.36963898e-005 4.84351557e-005 4.47532856e-005 3.76125636e-005 3.54990842e-005 3.46044302e-005 2.84956429e-005 2.17823233e-005 
7.50000000e-001 2.85714286e+001 0.00000000e+000 3.93472057e-005 4.87284653e-005 3.90059260e-005 3.64906968e-005 3.14413809e-005 2.98867910e-005 2.92198831e-005 2.44769961e-005 1.90168571e-005 
7.50000000e-001 2.62500000e+001 0.00000000e+000 2.47908411e-005 3.61067931e-005 3.05808222e-005 2.90006656e-005 2.56778645e-005 2.45986910e-005 2.41274114e-005 2.05895774e-005 1.62762381e-005 
7.50000000e-001 2.35714286e+001 0.00000000e+000 1.48899051e-005 2.57166224e-005 2.31075523e-005 2.22292334e-005 2.02569269e-005 1.95659127e-005 1.92566007e-005 1.67567903e-005 1.34828521e-005 
7.50000000e-001 2.05357143e+001 0.00000000e+000 8.62010482e-006 1.78366582e-005 1.70279501e-005 1.66211525e-005 1.55967953e-005 1.51913977e-005 1.50031497e-005 1.33156631e-005 1.09025981e-005 
7.50000000e-001 1.71428571e+001 0.00000000e+000 4.89967216e-006 1.22577029e-005 1.24365669e-005 1.23152171e-005 1.18926829e-005 1.16785527e-005 1.15728508e-005 1.04696972e-005 8.71579422e-006 
7.50000000e-001 1.33928571e+001 0.00000000e+000 2.80159056e-006 8.57595497e-006 9.23417369e-006 9.26670236e-006 9.18494895e-006 9.08619471e-006 9.03140611e-006 8.31311821e-006 7.02566154e-006 
7.50000000e-001 9.28571429e+000 0.00000000e+000 1.71783262e-006 6.51717149e-006 7.39364139e-006 7.49445610e-006 7.56445195e-006 7.52083767e-006 7.49120967e-006 6.98235985e-006 5.97662363e-006 
7.50000000e-001 4.82142857e+000 0.00000000e+000 1.21372695e-006 5.56338716e-006 6.59787722e-006 6.73768766e-006 6.87458658e-006 6.85170251e-006 6.83147234e-006 6.40599027e-006 5.52476681e-006 
7.50000000e-001 0.00000000e+000 0.00000000e+000 1.04899817e-006 5.21399415e-006 6.30169252e-006 6.45821778e-006 6.62489661e-006 6.61040959e-006 6.59381595e-006 6.19838005e-006 5.36060667e-006 
1.00000000e+000 3.50000000e+001 0.00000000e+000 1.85053867e-004 1.28308259e-004 8.34190142e-005 7.42065150e-005 5.77920902e-005 5.33682741e-005 5.15540035e-005 4.02765271e-005 2.92640563e-005 
1.00000000e+000 3.48214286e+001 0.00000000e+000 1.67265783e-004 1.20581246e-004 7.94822407e-005 7.09404202e-005 5.56207092e-005 5.14627442e-005 4.97534611e-005 3.90547256e-005 2.85097306e-005 
1.00000000e+000 3.42857143e+001 0.00000000e+000 1.34509417e-004 1.05192075e-004 7.13922382e-005 6.41739735e-005 5.10435457e-005 4.74245344e-005 4.59290569e-005 3.64227356e-005 2.68594639e-005 
1.00000000e+000 3.33928571e+001 0.00000000e+000 9.94045701e-005 8.69511159e-005 6.14296534e-005 5.57605093e-005 4.52356970e-005 4.22691025e-005 4.10338869e-005 3.29999605e-005 2.46764752e-005 
1.00000000e+000 3.21428571e+001 0.00000000e+000 6.80212533e-005 6.83584418e-005 5.07617983e-005 4.66399188e-005 3.87765347e-005 3.64912837e-005 3.55298124e-005 2.90731953e-005 2.21148296e-005 
1.00000000e+000 3.05357143e+001 0.00000000e+000 4.33835889e-005 5.13260299e-005 4.03982996e-005 3.76478585e-005 3.22098045e-005 3.05629479e-005 2.98602796e-005 2.49303914e-005 1.93393247e-005 
1.00000000e+000 2.85714286e+001 0.00000000e+000 2.58523461e-005 3.67849583e-005 3.09167238e-005 2.92756428e-005 2.58680495e-005 2.47746075e-005 2.42988505e-005 2.07492513e-005 1.64485066e-005 
1.00000000e+000 2.62500000e+001 0.00000000e+000 1.44934889e-005 2.53585772e-005 2.29214069e-005 2.20916839e-005 2.02280887e-005 1.95722455e-005 1.92781979e-005 1.68726733e-005 1.36919020e-005 
1.00000000e+000 2.35714286e+001 0.00000000e+000 7.68102195e-006 1.67462011e-005 1.63451732e-005 1.60502483e-005 1.52607660e-005 1.49267618e-005 1.47687945e-005 1.32655148e-005 1.10267210e-005 
1.00000000e+000 2.05357143e+001 0.00000000e+000 3.88621734e-006 1.07290740e-005 1.13445381e-005 1.13570370e-005 1.12267719e-005 1.11042081e-005 1.10376405e-005 1.01807206e-005 8.66903399e-006 
1.00000000e+000 1.71428571e+001 0.00000000e+000 1.90940144e-006 6.78646609e-006 7.79399781e-006 7.95693989e-006 8.17942419e-006 8.18076072e-006 8.16931021e-006 7.73595512e-006 6.74385015e-006 
1.00000000e+000 1.33928571e+001 0.00000000e+000 9.31718299e-007 4.35565212e-006 5.44281227e-006 5.66403897e-006 6.04439386e-006 6.10935754e-006 6.12739675e-006 5.94775921e-006 5.30056467e-006 
1.00000000e+000 9.28571429e+000 0.00000000e+000 4.78370442e-007 3.02611143e-006 4.10253313e-006 4.34078952e-006 4.77606389e-006 4.86795218e-006 4.89924575e-006 4.85211251e-006 4.40928724e-006 
1.00000000e+000 4.82142857e+000 0.00000000e+000 2.83679072e-007 2.39270318e-006 3.48629214e-006 3.73831994e-006 4.20328316e-006 4.30688002e-006 4.34383928e-006 4.35526560e-006 4.00935618e-006 
1.00000000e+000 0.00000000e+000 0.00000000e+000 2.25469608e-007 2.17238998e-006 3.26551112e-006 3.52283286e-006 4.00011003e-006 4.10812530e-006 4.14713616e-006 4.17876718e-006 3.86586780e-006 
1.25000000e+000 3.50000000e+001 0.00000000e+000 1.83391469e-004 1.26384151e-004 8.18278049e-005 7.27002068e-005 5.64609894e-005 5.20942406e-005 5.03050157e-005 3.92170298e-005 2.84391651e-005 
1.25000000e+000 3.48214286e+001 0.00000000e+000 1.62334051e-004 1.17212648e-004 7.71552067e-005 6.88245594e-005 5.38868029e-005 4.98361869e-005 4.81718055e-005 3.77717140e-005 2.75488705e-005 
1.25000000e+000 3.42857143e+001 0.00000000e+000 1.25015460e-004 9.94547365e-005 6.77849130e-005 6.09819132e-005 4.85769061e-005 4.51510866e-005 4.37347095e-005 3.47190305e-005 2.56370095e-005 
1.25000000e+000 3.33928571e+001 0.00000000e+000 8.70334248e-005 7.91291401e-005 5.65773521e-005 5.14974709e-005 4.20059223e-005 3.93131755e-005 3.81896686e-005 3.08358919e-005 2.31588475e-005 
1.25000000e+000 3.21428571e+001 0.00000000e+000 5.52828584e-005 5.93290131e-005 4.50225686e-005 4.15808269e-005 3.49332603e-005 3.29750656e-005 3.21474953e-005 2.65093078e-005 2.03295447e-005 
1.25000000e+000 3.05357143e+001 0.00000000e+000 3.22943545e-005 4.21438590e-005 3.42921304e-005 3.22150613e-005 2.80164771e-005 2.67120714e-005 2.61507305e-005 2.20994308e-005 1.73611999e-005 
1.25000000e+000 2.85714286e+001 0.00000000e+000 1.74079283e-005 2.83729748e-005 2.49833142e-005 2.39266252e-005 2.16369503e-005 2.08639838e-005 2.05220216e-005 1.78272354e-005 1.43851895e-005 
1.25000000e+000 2.62500000e+001 0.00000000e+000 8.72110669e-006 1.82438370e-005 1.75407469e-005 1.71628560e-005 1.62086555e-005 1.58265622e-005 1.56485744e-005 1.40129894e-005 1.16422431e-005 
1.25000000e+000 2.35714286e+001 0.00000000e+000 4.09115119e-006 1.11916171e-005 1.18143374e-005 1.18257375e-005 1.16947887e-005 1.15719166e-005 1.15052579e-005 1.06385779e-005 9.11003583e-006 
1.25000000e+000 2.05357143e+001 0.00000000e+000 1.81260496e-006 6.63000636e-006 7.72332940e-006 7.91701769e-006 8.21493445e-006 8.24186174e-006 8.24164261e-006 7.87795179e-006 6.95670733e-006 
1.25000000e+000 1.71428571e+001 0.00000000e+000 7.70359885e-007 3.85820850e-006 4.98484845e-006 5.23732673e-006 5.70913038e-006 5.80913333e-006 5.84302717e-006 5.77566405e-006 5.25863102e-006 
1.25000000e+000 1.33928571e+001 0.00000000e+000 3.20534182e-007 2.26532482e-006 3.26336668e-006 3.51540779e-006 4.02451853e-006 4.15194063e-006 4.20006660e-006 4.28913020e-006 4.02205946e-006 
1.25000000e+000 9.28571429e+000 0.00000000e+000 1.37357879e-007 1.42935656e-006 2.30201620e-006 2.53898058e-006 3.03726402e-006 3.17131562e-006 3.22400170e-006 3.38739940e-006 3.26363586e-006 
1.25000000e+000 4.82142857e+000 0.00000000e+000 6.73862906e-008 1.03563097e-006 1.84908892e-006 2.08086813e-006 2.57583971e-006 2.71274627e-006 2.76740622e-006 2.96521195e-006 2.91246075e-006 
1.25000000e+000 0.00000000e+000 0.00000000e+000 4.84620743e-008 9.05118149e-007 1.69217493e-006 1.92163766e-006 2.41526533e-006 2.55304847e-006 2.60831377e-006 2.81720334e-006 2.78791859e-006 
1.50000000e+000 3.50000000e+001 0.00000000e+000 1.82280208e-004 1.25093585e-004 8.07491975e-005 7.16736184e-005 5.55384269e-005 5.12052579e-005 4.94307940e-005 3.84587340e-005 2.78308196e-005 
1.50000000e+000 3.48214286e+001 0.00000000e+000 1.58141011e-004 1.14548814e-004 7.53746601e-005 6.72159234e-005 5.25787117e-005 4.86095270e-005 4.69788115e-005 3.67987095e-005 2.68094890e-005 
1.50000000e+000 3.42857143e+001 0.00000000e+000 1.16838194e-004 9.46479483e-005 6.48318445e-005 5.83845218e-005 4.65908616e-005 4.33245492e-005 4.19729957e-005 3.33530654e-005 2.46514656e-005 
1.50000000e+000 3.33928571e+001 0.00000000e+000 7.68051490e-005 7.26023551e-005 5.25583781e-005 4.79752127e-005 3.93492017e-005 3.68837247e-005 3.58525875e-005 2.90568745e-005 2.19046663e-005 
1.50000000e+000 3.21428571e+001 0.00000000e+000 4.54101968e-005 5.20172752e-005 4.03391484e-005 3.74466048e-005 3.17823783e-005 3.00886265e-005 2.93692684e-005 2.43927589e-005 1.88429268e-005 
1.50000000e+000 3.05357143e+001 0.00000000e+000 2.43679692e-005 3.50317622e-005 2.94538238e-005 2.78874047e-005 2.46381932e-005 2.35984599e-005 2.31466468e-005 1.97826331e-005 1.57202648e-005 
1.50000000e+000 2.85714286e+001 0.00000000e+000 1.19164371e-005 2.22020898e-005 2.04605679e-005 1.98111468e-005 1.83169355e-005 1.77767628e-005 1.75326424e-005 1.54760010e-005 1.26927815e-005 
1.50000000e+000 2.62500000e+001 0.00000000e+000 5.35065968e-006 1.33441125e-005 1.36241498e-005 1.35256699e-005 1.31559583e-005 1.29567766e-005 1.28573215e-005 1.17625588e-005 9.98770034e-006 
1.50000000e+000 2.35714286e+001 0.00000000e+000 2.22640629e-006 7.61669627e-006 8.67659100e-006 8.84640091e-006 9.08222632e-006 9.08564016e-006 9.07483187e-006 8.62313075e-006 7.59183413e-006 
1.50000000e+000 2.05357143e+001 0.00000000e+000 8.64754592e-007 4.17656072e-006 5.34520596e-006 5.60522830e-006 6.09130691e-006 6.19439949e-006 6.22943492e-006 6.15853998e-006 5.62776653e-006 
1.50000000e+000 1.71428571e+001 0.00000000e+000 3.17980013e-007 2.23647082e-006 3.23977409e-006 3.49915590e-006 4.03452347e-006 4.17303045e-006 4.22632284e-006 4.35162390e-006 4.12929966e-006 
1.50000000e+000 1.33928571e+001 0.00000000e+000 1.12762120e-007 1.19985807e-006 1.98457878e-006 2.21030725e-006 2.70733699e-006 2.84856874e-006 2.90543359e-006 3.11538480e-006 3.06829619e-006 
1.50000000e+000 9.28571429e+000 0.00000000e+000 4.03105223e-008 6.84947773e-007 1.30470121e-006 1.49833990e-006 1.94442578e-006 2.07855498e-006 2.13393258e-006 2.37525380e-006 2.42327684e-006 
1.50000000e+000 4.82142857e+000 0.00000000e+000 1.62343267e-008 4.50959871e-007 9.84308141e-007 1.16191340e-006 1.58203334e-006 1.71206510e-006 1.76642784e-006 2.02162527e-006 2.11770619e-006 
1.50000000e+000 0.00000000e+000 0.00000000e+000 1.04163772e-008 3.77114288e-007 8.76878605e-007 1.04821671e-006 1.45833680e-006 1.58662579e-006 1.64048188e-006 1.89927679e-006 2.01054227e-006 
1.75000000e+000 3.50000000e+001 0.00000000e+000 1.81484900e-004 1.24168810e-004 7.99733073e-005 7.09333825e-005 5.48674743e-005 5.05562549e-005 4.87914033e-005 3.78962947e-005 2.73699957e-005 
1.75000000e+000 3.48214286e+001 0.00000000e+000 1.54420636e-004 1.12309921e-004 7.39250146e-005 6.59165615e-005 5.15367420e-005 4.76353627e-005 4.60323824e-005 3.60290970e-005 2.62219335e-005 
1.75000000e+000 3.42857143e+001 0.00000000e+000 1.09607858e-004 9.04526184e-005 6.22991885e-005 5.61692544e-005 4.49170436e-005 4.17902465e-005 4.04950909e-005 3.22143373e-005 2.38313000e-005 
1.75000000e+000 3.33928571e+001 0.00000000e+000 6.81574117e-005 6.69797711e-005 4.91059587e-005 4.49549527e-005 3.70816311e-005 3.48130497e-005 3.38617702e-005 2.75454157e-005 2.08389792e-005 
1.75000000e+000 3.21428571e+001 0.00000000e+000 3.75873293e-005 4.59272987e-005 3.63965845e-005 3.39601847e-005 2.91175318e-005 2.76455135e-005 2.70169410e-005 2.25961277e-005 1.75752391e-005 
1.75000000e+000 3.05357143e+001 0.00000000e+000 1.85691371e-005 2.93733832e-005 2.55102750e-005 2.43412447e-005 2.18410000e-005 2.10125797e-005 2.06485153e-005 1.78403658e-005 1.43309430e-005 
1.75000000e+000 2.85714286e+001 0.00000000e+000 8.25585390e-006 1.75536855e-005 1.69198638e-005 1.65601469e-005 1.56462323e-005 1.52799823e-005 1.51095022e-005 1.35433832e-005 1.12797477e-005 
1.75000000e+000 2.62500000e+001 0.00000000e+000 3.32950749e-006 9.87849292e-006 1.06993711e-005 1.07739397e-005 1.07841023e-005 1.07093713e-005 1.06641130e-005 9.95802103e-006 8.63147479e-006 
1.75000000e+000 2.35714286e+001 0.00000000e+000 1.23053264e-006 5.25333893e-006 6.44938217e-006 6.69489551e-006 7.12763879e-006 7.20590099e-006 7.22915218e-006 7.05092959e-006 6.37324910e-006 
1.75000000e+000 2.05357143e+001 0.00000000e+000 4.19246062e-007 2.66862540e-006 3.74649129e-006 4.01686835e-006 4.56532519e-006 4.70345602e-006 4.75592071e-006 4.85611331e-006 4.58481203e-006 
1.75000000e+000 1.71428571e+001 0.00000000e+000 1.33368210e-007 1.31532018e-006 2.13248175e-006 2.36610592e-006 2.88072438e-006 3.02714150e-006 3.08618004e-006 3.30490438e-006 3.26293735e-006 
1.75000000e+000 1.33928571e+001 0.00000000e+000 4.02871847e-008 6.44485727e-007 1.22107554e-006 1.40491091e-006 1.83763325e-006 1.97072556e-006 2.02617499e-006 2.27764170e-006 2.35232721e-006 
1.75000000e+000 9.28571429e+000 0.00000000e+000 1.20169208e-008 3.32187051e-007 7.46027162e-007 8.91294166e-007 1.25246824e-006 1.37000251e-006 1.42006840e-006 1.67246559e-006 1.80474534e-006 
1.75000000e+000 4.82142857e+000 0.00000000e+000 3.95853697e-009 1.97481029e-007 5.25802259e-007 6.50755739e-007 9.73766800e-007 1.08262126e-006 1.12960052e-006 1.38019169e-006 1.54129722e-006 
1.75000000e+000 0.00000000e+000 0.00000000e+000 2.23888667e-009 1.57123423e-007 4.54395292e-007 5.71782371e-007 8.80543664e-007 9.86029764e-007 1.03177050e-006 1.28043748e-006 1.44992775e-006 
2.00000000e+000 3.50000000e+001 0.00000000e+000 1.80887352e-004 1.23473684e-004 7.93892092e-005 7.03755519e-005 5.43597288e-005 5.00641065e-005 4.83060500e-005 3.74657313e-005 2.70121564e-005 
2.00000000e+000 3.48214286e+001 0.00000000e+000 1.51032856e-004 1.10351329e-004 7.26912624e-005 6.48192125e-005 5.06704281e-005 4.68288077e-005 4.52500824e-005 3.53978900e-005 2.57411413e-005 
2.00000000e+000 3.42857143e+001 0.00000000e+000 1.03109942e-004 8.66961768e-005 6.00587132e-005 5.42181678e-005 4.34584229e-005 4.04577154e-005 3.92133697e-005 3.12347275e-005 2.31298447e-005 
2.00000000e+000 3.33928571e+001 0.00000000e+000 6.07389109e-005 6.20372709e-005 4.60678435e-005 4.22994313e-005 3.50944050e-005 3.30006985e-005 3.21203002e-005 2.62277943e-005 1.99122312e-005 
2.00000000e+000 3.21428571e+001 0.00000000e+000 3.12952850e-005 4.07607741e-005 3.30074407e-005 3.09560048e-005 2.68127460e-005 2.55307501e-005 2.49801052e-005 2.10376384e-005 1.64728316e-005 
2.00000000e+000 3.05357143e+001 0.00000000e+000 1.42579770e-005 2.47895957e-005 2.22325867e-005 2.13772062e-005 1.94779760e-005 1.88216619e-005 1.85293771e-005 1.61809226e-005 1.31345484e-005 
2.00000000e+000 2.85714286e+001 0.00000000e+000 5.77291186e-006 1.39874872e-005 1.40948877e-005 1.39427278e-005 1.34573151e-005 1.32231547e-005 1.31090838e-005 1.19275327e-005 1.00822249e-005 
2.00000000e+000 2.62500000e+001 0.00000000e+000 2.09434508e-006 7.38041753e-006 8.47391572e-006 8.65316956e-006 8.90847485e-006 8.91883751e-006 8.91127771e-006 8.48853944e-006 7.50506828e-006 
2.00000000e+000 2.35714286e+001 0.00000000e+000 6.88140203e-007 3.66044742e-006 4.83889601e-006 5.11281563e-006 5.64068721e-006 5.76161883e-006 5.80511065e-006 5.80719134e-006 5.38373841e-006 
2.00000000e+000 2.05357143e+001 0.00000000e+000 2.05715431e-007 1.72369235e-006 2.65214088e-006 2.90636472e-006 3.45158946e-006 3.60149476e-006 3.66105656e-006 3.85716353e-006 3.75806641e-006 
2.00000000e+000 1.71428571e+001 0.00000000e+000 5.66007029e-008 7.82166863e-007 1.41787867e-006 1.61553331e-006 2.07468924e-006 2.21404886e-006 2.27184290e-006 2.52739324e-006 2.59286535e-006 
2.00000000e+000 1.33928571e+001 0.00000000e+000 1.45560968e-008 3.49948983e-007 7.58540839e-007 9.01122301e-007 1.25700811e-006 1.37338567e-006 1.42306494e-006 1.67497033e-006 1.81167842e-006 
2.00000000e+000 9.28571429e+000 0.00000000e+000 3.62381739e-009 1.62707660e-007 4.29895067e-007 5.33957005e-007 8.11295825e-007 9.07666987e-007 9.49735693e-007 1.18222493e-006 1.34797308e-006 
2.00000000e+000 4.82142857e+000 0.00000000e+000 9.75147132e-010 8.69357743e-008 2.81816268e-007 3.65533706e-007 6.00634831e-007 6.85893390e-007 7.23669592e-007 9.43541531e-007 1.12283651e-006 
2.00000000e+000 0.00000000e+000 0.00000000e+000 4.81225057e-010 6.54649903e-008 2.35466052e-007 3.11896541e-007 5.31672303e-007 6.12781449e-007 6.48925502e-007 8.63233999e-007 1.04563364e-006 
2.25000000e+000 3.50000000e+001 0.00000000e+000 1.80421572e-004 1.22932095e-004 7.89337819e-005 6.99404030e-005 5.39628403e-005 4.96789929e-005 4.79260441e-005 3.71269601e-005 2.67279645e-005 
2.25000000e+000 3.48214286e+001 0.00000000e+000 1.47895319e-004 1.08590622e-004 7.16072417e-005 6.38616743e-005 4.99258516e-005 4.61386933e-005 4.45819589e-005 3.48642096e-005 2.53373418e-005 
2.25000000e+000 3.42857143e+001 0.00000000e+000 9.72058048e-005 8.32753359e-005 5.80343288e-005 5.24610024e-005 4.21560389e-005 3.92714679e-005 3.80738438e-005 3.03708479e-005 2.25159852e-005 
2.25000000e+000 3.33928571e+001 0.00000000e+000 5.43093419e-005 5.76328331e-005 4.33497805e-005 3.99237188e-005 3.33194742e-005 3.13834168e-005 3.05669414e-005 2.50561348e-005 1.90909031e-005 
2.25000000e+000 3.21428571e+001 0.00000000e+000 2.61791879e-005 3.63211548e-005 3.00509991e-005 2.83276805e-005 2.47866661e-005 2.36697292e-005 2.31869371e-005 1.96629076e-005 1.54987388e-005 
2.25000000e+000 3.05357143e+001 0.00000000e+000 1.10144425e-005 2.10281008e-005 1.94698467e-005 1.88639261e-005 1.74517608e-005 1.69373426e-005 1.67045447e-005 1.47419202e-005 1.20898641e-005 
2.25000000e+000 2.85714286e+001 0.00000000e+000 4.06668931e-006 1.12148194e-005 1.18093530e-005 1.18055566e-005 1.16376258e-005 1.15046155e-005 1.14341744e-005 1.05580098e-005 9.05463728e-006 
2.25000000e+000 2.62500000e+001 0.00000000e+000 1.32873840e-006 5.55430868e-006 6.75652959e-006 6.99554598e-006 7.40474329e-006 7.47284111e-006 7.49142299e-006 7.27671469e-006 6.55901852e-006 
2.25000000e+000 2.35714286e+001 0.00000000e+000 3.88378312e-007 2.57119196e-006 3.65769669e-006 3.93302539e-006 4.49430192e-006 4.63736675e-006 4.69214522e-006 4.81167456e-006 4.57209608e-006 
2.25000000e+000 2.05357143e+001 0.00000000e+000 1.01884634e-007 1.12286970e-006 1.89240548e-006 2.11917751e-006 2.62829568e-006 2.77692592e-006 2.83760848e-006 3.08271040e-006 3.09684347e-006 
2.25000000e+000 1.71428571e+001 0.00000000e+000 2.42384820e-008 4.69157265e-007 9.50429220e-007 1.11179094e-006 1.50498386e-006 1.63062939e-006 1.68382652e-006 1.94444387e-006 2.07073412e-006 
2.25000000e+000 1.33928571e+001 0.00000000e+000 5.30404362e-009 1.91640250e-007 4.74936030e-007 5.82375589e-007 8.65595200e-007 9.63196519e-007 1.00569351e-006 1.23825785e-006 1.40114750e-006 
2.25000000e+000 9.28571429e+000 0.00000000e+000 1.10231894e-009 8.03476990e-008 2.49401044e-007 3.21888814e-007 5.28209002e-007 6.04209868e-007 6.38094826e-007 8.38744828e-007 1.00957360e-006 
2.25000000e+000 4.82142857e+000 0.00000000e+000 2.42290072e-010 3.84579538e-008 1.51527924e-007 2.05896614e-007 3.71239404e-007 4.35348940e-007 4.64430994e-007 6.45882653e-007 8.18747525e-007 
2.25000000e+000 0.00000000e+000 0.00000000e+000 1.03434415e-010 2.72758011e-008 1.22017722e-007 1.70133746e-007 3.21023817e-007 3.80821327e-007 4.08137632e-007 5.81967517e-007 7.54071913e-007 
2.50000000e+000 3.50000000e+001 0.00000000e+000 1.80047783e-004 1.22498226e-004 7.85687471e-005 6.95915351e-005 5.36443146e-005 4.93697413e-005 4.76208038e-005 3.68540770e-005 2.64976801e-005 
2.50000000e+000 3.48214286e+001 0.00000000e+000 1.44955523e-004 1.06977118e-004 7.06323304e-005 6.30056332e-005 4.92692981e-005 4.55327925e-005 4.39964411e-005 3.44015174e-005 2.49904387e-005 
2.50000000e+000 3.42857143e+001 0.00000000e+000 9.17987485e-005 8.01231832e-005 5.61777083e-005 5.08531807e-005 4.09722222e-005 3.81958725e-005 3.70417545e-005 2.95941387e-005 2.19685075e-005 
2.50000000e+000 3.33928571e+001 0.00000000e+000 4.86940379e-005 5.36693740e-005 4.08892603e-005 3.77717620e-005 3.17120013e-005 2.99194236e-005 2.91611831e-005 2.39982543e-005 1.83517837e-005 
2.50000000e+000 3.21428571e+001 0.00000000e+000 2.19844997e-005 3.24700902e-005 2.74443062e-005 2.60024919e-005 2.29839619e-005 2.20116634e-005 2.15885041e-005 1.84344674e-005 1.46268627e-005 
2.50000000e+000 3.05357143e+001 0.00000000e+000 8.55151434e-006 1.79113421e-005 1.71166774e-005 1.67098973e-005 1.56946457e-005 1.52980969e-005 1.51150033e-005 1.34794425e-005 1.11672354e-005 
2.50000000e+000 2.85714286e+001 0.00000000e+000 2.88223082e-006 9.03709207e-006 9.94059913e-006 1.00417306e-005 1.01082159e-005 1.00528465e-005 1.00162857e-005 9.38454338e-006 8.16371641e-006 
2.50000000e+000 2.62500000e+001 0.00000000e+000 8.48909460e-007 4.20487274e-006 5.41669043e-006 5.68570499e-006 6.18602651e-006 6.29243813e-006 6.32888288e-006 6.26699884e-006 5.75688829e-006 
2.50000000e+000 2.35714286e+001 0.00000000e+000 2.20824595e-007 1.81792993e-006 2.78166240e-006 3.04345357e-006 3.60094475e-006 3.75293189e-006 3.81313014e-006 4.00697479e-006 3.90051869e-006 
2.50000000e+000 2.05357143e+001 0.00000000e+000 5.08356197e-008 7.36511608e-007 1.35905886e-006 1.55499679e-006 2.01329659e-006 2.15358386e-006 2.21200462e-006 2.47675747e-006 2.56381966e-006 
2.50000000e+000 1.71428571e+001 0.00000000e+000 1.04537288e-008 2.83358416e-007 6.41321446e-007 7.70097271e-007 1.09834036e-006 1.20801776e-006 1.25525264e-006 1.50377030e-006 1.66112214e-006 
2.50000000e+000 1.33928571e+001 0.00000000e+000 1.94556769e-009 1.05659229e-007 2.99304606e-007 3.78762760e-007 5.99493846e-007 6.79251536e-007 7.14585976e-007 9.19713059e-007 1.08780213e-006 
2.50000000e+000 9.28571429e+000 0.00000000e+000 3.37573580e-010 3.99444500e-008 1.45536475e-007 1.95115038e-007 3.45488661e-007 4.03945546e-007 4.30513031e-007 5.97087887e-007 7.58096371e-007 
2.50000000e+000 4.82142857e+000 0.00000000e+000 6.06357042e-011 1.70890905e-008 8.17204757e-008 1.16286260e-007 2.29908937e-007 2.76818322e-007 2.98569334e-007 4.42694918e-007 5.97558292e-007 
2.50000000e+000 0.00000000e+000 0.00000000e+000 2.22322082e-011 1.13643906e-008 6.32291950e-008 9.28048092e-008 1.93834263e-007 2.36666607e-007 2.56695647e-007 3.92345793e-007 5.43808529e-007 
0.00000000e+000 3.50000000e+001 1.00000000e+001 2.23996457e-004 1.50791782e-004 9.58419499e-005 8.46617191e-005 6.48409059e-005 5.95366619e-005 5.73668090e-005 4.40428705e-005 3.12494446e-005 
0.00000000e+000 3.48214286e+001 1.00000000e+001 2.23260935e-004 1.50301034e-004 9.55333530e-005 8.43900824e-005 6.46342798e-005 5.93472350e-005 5.71843906e-005 4.39032008e-005 3.11506683e-005 
0.00000000e+000 3.42857143e+001 1.00000000e+001 2.20943978e-004 1.48742207e-004 9.45480934e-005 8.35213135e-005 6.39709753e-005 5.87385222e-005 5.65979634e-005 4.34532545e-005 3.08317831e-005 
0.00000000e+000 3.33928571e+001 1.00000000e+001 2.17333450e-004 1.46310544e-004 9.30080471e-005 8.21625235e-005 6.29319826e-005 5.77845706e-005 5.56787433e-005 4.27471112e-005 3.03309066e-005 
0.00000000e+000 3.21428571e+001 1.00000000e+001 2.11933815e-004 1.42702065e-004 9.07229385e-005 8.01465628e-005 6.13912893e-005 5.63703421e-005 5.43161632e-005 4.17010441e-005 2.95887211e-005 
0.00000000e+000 3.05357143e+001 1.00000000e+001 2.04623014e-004 1.37816769e-004 8.76363465e-005 7.74251402e-005 5.93145185e-005 5.44650661e-005 5.24808983e-005 4.02938954e-005 2.85905078e-005 
0.00000000e+000 2.85714286e+001 1.00000000e+001 1.94787405e-004 1.31292327e-004 8.35069967e-005 7.37821815e-005 5.65325796e-005 5.19129265e-005 5.00226508e-005 3.84099213e-005 2.72536958e-005 
0.00000000e+000 2.62500000e+001 1.00000000e+001 1.84557067e-004 1.24552923e-004 7.92448298e-005 7.00204789e-005 5.36565279e-005 4.92734430e-005 4.74798636e-005 3.64593705e-005 2.58688258e-005 
0.00000000e+000 2.35714286e+001 1.00000000e+001 1.70505176e-004 1.15285929e-004 7.33698850e-005 6.48361767e-005 4.97004687e-005 4.56463685e-005 4.39872534e-005 3.37874947e-005 2.39735901e-005 
0.00000000e+000 2.05357143e+001 1.00000000e+001 1.54643850e-004 1.04811032e-004 6.67058019e-005 5.89495349e-005 4.52006863e-005 4.15192671e-005 4.00126056e-005 3.07444691e-005 2.18120832e-005 
0.00000000e+000 1.71428571e+001 1.00000000e+001 1.39188403e-004 9.45693681e-005 6.01603167e-005 5.31561143e-005 4.07512174e-005 3.74327933e-005 3.60749592e-005 2.77216589e-005 1.96618933e-005 
0.00000000e+000 1.33928571e+001 1.00000000e+001 1.25908590e-004 8.58717476e-005 5.45245965e-005 4.81400031e-005 3.68505249e-005 3.38381116e-005 3.26065775e-005 2.50426549e-005 1.77530086e-005 
0.00000000e+000 9.28571429e+000 1.00000000e+001 1.18179914e-004 8.08059756e-005 5.10374965e-005 4.49652849e-005 3.42587520e-005 3.14187357e-005 3.02605550e-005 2.31894275e-005 1.64248814e-005 
0.00000000e+000 4.82142857e+000 1.00000000e+001 1.15827959e-004 7.92690447e-005 4.99372789e-005 4.39189716e-005 3.32922575e-005 3.04826379e-005 2.93394432e-005 2.24085578e-005 1.58468291e-005 
0.00000000e+000 0.00000000e+000 1.00000000e+001 1.15067593e-004 7.87767372e-005 4.96202097e-005 4.36292670e-005 3.30331101e-005 3.02305067e-005 2.90905946e-005 2.21928059e-005 1.56847949e-005 
2.50000000e-001 3.50000000e+001 1.00000000e+001 1.62312973e-004 1.18809260e-004 7.87025226e-005 7.03013016e-005 5.51457624e-005 5.10034651e-005 4.92959167e-005 3.85557668e-005 2.78863745e-005 
2.50000000e-001 3.48214286e+001 1.00000000e+001 1.57501710e-004 1.16682572e-004 7.75994133e-005 6.93796902e-005 5.45209401e-005 5.04510568e-005 4.87721792e-005 3.81919543e-005 2.76550285e-005 
2.50000000e-001 3.42857143e+001 1.00000000e+001 1.47191094e-004 1.11850193e-004 7.50144487e-005 6.72004933e-005 5.30123205e-005 4.91081017e-005 4.74951200e-005 3.72876912e-005 2.70670496e-005 
2.50000000e-001 3.33928571e+001 1.00000000e+001 1.34034504e-004 1.05405918e-004 7.14974331e-005 6.42191933e-005 5.09228914e-005 4.72408189e-005 4.57164587e-005 3.60148287e-005 2.62297326e-005 
2.50000000e-001 3.21428571e+001 1.00000000e+001 1.19207733e-004 9.76930551e-005 6.71703300e-005 6.05236252e-005 4.82900482e-005 4.48758370e-005 4.34587770e-005 3.43768729e-005 2.51353266e-005 
2.50000000e-001 3.05357143e+001 1.00000000e+001 1.03864112e-004 8.91880106e-005 6.22620872e-005 5.62997163e-005 4.52309349e-005 4.21140865e-005 4.08166664e-005 3.24344025e-005 2.38178771e-005 
2.50000000e-001 2.85714286e+001 1.00000000e+001 8.85147136e-005 8.00091344e-005 5.67781293e-005 5.15357813e-005 4.17108526e-005 3.89169974e-005 3.77502961e-005 3.01449692e-005 2.22386244e-005 
2.50000000e-001 2.62500000e+001 1.00000000e+001 7.46407025e-005 7.13252517e-005 5.14982952e-005 4.69279376e-005 3.82729374e-005 3.57855296e-005 3.47432199e-005 2.78835197e-005 2.06674363e-005 
2.50000000e-001 2.35714286e+001 1.00000000e+001 6.12076087e-005 6.19837569e-005 4.55502728e-005 4.16762307e-005 3.42618979e-005 3.21074648e-005 3.12013669e-005 2.51747910e-005 1.87497376e-005 
2.50000000e-001 2.05357143e+001 1.00000000e+001 4.92905526e-005 5.29614189e-005 3.96004684e-005 3.63760700e-005 3.01399505e-005 2.83078582e-005 2.75344557e-005 2.23335614e-005 1.67100162e-005 
2.50000000e-001 1.71428571e+001 1.00000000e+001 3.95207622e-005 4.50395585e-005 3.42303017e-005 3.15566694e-005 2.63325855e-005 2.47820407e-005 2.41252517e-005 1.96627491e-005 1.47730136e-005 
2.50000000e-001 1.33928571e+001 1.00000000e+001 3.20817929e-005 3.87432201e-005 2.98566555e-005 2.76005449e-005 2.31516594e-005 2.18210603e-005 2.12561304e-005 1.73892335e-005 1.31107856e-005 
2.50000000e-001 9.28571429e+000 1.00000000e+001 2.73954153e-005 3.48244814e-005 2.70630279e-005 2.50404174e-005 2.10261324e-005 1.98239106e-005 1.93137156e-005 1.58225086e-005 1.19591037e-005 
2.50000000e-001 4.82142857e+000 1.00000000e+001 2.50947253e-005 3.30895501e-005 2.58970648e-005 2.39704121e-005 2.01064864e-005 1.89467352e-005 1.84551213e-005 1.51068434e-005 1.14267561e-005 
2.50000000e-001 0.00000000e+000 1.00000000e+001 2.43023466e-005 3.24954274e-005 2.55205251e-005 2.36346167e-005 1.98306714e-005 1.86852569e-005 1.81996006e-005 1.48944720e-005 1.12691018e-005 
5.00000000e-001 3.50000000e+001 1.00000000e+001 1.49753518e-004 1.07473449e-004 7.10997538e-005 6.35643521e-005 5.00459186e-005 4.63625378e-005 4.48447140e-005 3.52696444e-005 2.56994895e-005 
5.00000000e-001 3.48214286e+001 1.00000000e+001 1.41579150e-004 1.03908746e-004 6.92778072e-005 6.20503367e-005 4.90341263e-005 4.54727597e-005 4.40031516e-005 3.46948250e-005 2.53419883e-005 
5.00000000e-001 3.42857143e+001 1.00000000e+001 1.25350463e-004 9.63615968e-005 6.53039705e-005 5.87204448e-005 4.67660206e-005 4.34657471e-005 4.20997591e-005 3.33718915e-005 2.45021327e-005 
5.00000000e-001 3.33928571e+001 1.00000000e+001 1.06115916e-004 8.68441593e-005 6.01655438e-005 5.43862711e-005 4.37713554e-005 4.08039532e-005 3.95705456e-005 3.15928037e-005 2.33576722e-005 
5.00000000e-001 3.21428571e+001 1.00000000e+001 8.63603170e-005 7.62689272e-005 5.42676912e-005 4.93685984e-005 4.02389989e-005 3.76458768e-005 3.65622506e-005 2.94432348e-005 2.19498959e-005 
5.00000000e-001 3.05357143e+001 1.00000000e+001 6.79289270e-005 6.55119802e-005 4.80550747e-005 4.40340873e-005 3.64079036e-005 3.41995680e-005 3.32707438e-005 2.70524786e-005 2.03549782e-005 
5.00000000e-001 2.85714286e+001 1.00000000e+001 5.16446021e-005 5.49766994e-005 4.17031201e-005 3.85166492e-005 3.23454784e-005 3.05171520e-005 2.97422805e-005 2.44376762e-005 1.85712267e-005 
5.00000000e-001 2.62500000e+001 1.00000000e+001 3.83430347e-005 4.55910992e-005 3.58741512e-005 3.34163089e-005 2.85334549e-005 2.70464950e-005 2.64105806e-005 2.19414164e-005 1.68493684e-005 
5.00000000e-001 2.35714286e+001 1.00000000e+001 2.74688095e-005 3.67587508e-005 3.00518108e-005 2.82418821e-005 2.45376173e-005 2.33727426e-005 2.28692969e-005 1.92200962e-005 1.49183947e-005 
5.00000000e-001 2.05357143e+001 1.00000000e+001 1.91876106e-005 2.90954240e-005 2.47356273e-005 2.34552513e-005 2.07394388e-005 1.98524269e-005 1.94643529e-005 1.65491895e-005 1.29809701e-005 
5.00000000e-001 1.71428571e+001 1.00000000e+001 1.32625593e-005 2.29203660e-005 2.02617344e-005 1.93817308e-005 1.74302614e-005 1.67638880e-005 1.64682883e-005 1.41581170e-005 1.12168255e-005 
5.00000000e-001 1.33928571e+001 1.00000000e+001 9.25007998e-006 1.83055577e-005 1.67957235e-005 1.61938616e-005 1.47825566e-005 1.42762659e-005 1.40484680e-005 1.21963136e-005 9.74990491e-006 
5.00000000e-001 9.28571429e+000 1.00000000e+001 6.81618244e-006 1.53842681e-005 1.45558871e-005 1.41147076e-005 1.30141205e-005 1.26024311e-005 1.24153389e-005 1.08520432e-005 8.73872847e-006 
5.00000000e-001 4.82142857e+000 1.00000000e+001 5.55486187e-006 1.39113072e-005 1.34842895e-005 1.31277263e-005 1.21720515e-005 1.18014766e-005 1.16320562e-005 1.01992054e-005 8.24781620e-006 
5.00000000e-001 0.00000000e+000 1.00000000e+001 5.13318757e-006 1.34048117e-005 1.31258859e-005 1.28034208e-005 1.19050189e-005 1.15493332e-005 1.13861028e-005 9.99633712e-006 8.09658243e-006 
7.50000000e-001 3.50000000e+001 1.00000000e+001 1.45234851e-004 1.02499958e-004 6.72937095e-005 6.00625652e-005 4.71677220e-005 4.36761918e-005 4.22403089e-005 3.32167589e-005 2.42362006e-005 
7.50000000e-001 3.48214286e+001 1.00000000e+001 1.34093521e-004 9.76380945e-005 6.48136779e-005 5.80037834e-005 4.57964213e-005 4.24719621e-005 4.11020968e-005 3.24432709e-005 2.37588054e-005 
7.50000000e-001 3.42857143e+001 1.00000000e+001 1.13127268e-004 8.77898105e-005 5.96273474e-005 5.36609969e-005 4.28475888e-005 3.98664347e-005 3.86328531e-005 3.07366199e-005 2.26846236e-005 
7.50000000e-001 3.33928571e+001 1.00000000e+001 8.97226535e-005 7.58845556e-005 5.31613530e-005 4.82038017e-005 3.90793808e-005 3.65198032e-005 3.54543253e-005 2.85099272e-005 2.12625226e-005 
7.50000000e-001 3.21428571e+001 1.00000000e+001 6.74009913e-005 6.33418406e-005 4.60805086e-005 4.21679297e-005 3.48222048e-005 3.27142296e-005 3.18298556e-005 2.59266972e-005 1.95806242e-005 
7.50000000e-001 3.05357143e+001 1.00000000e+001 4.82769351e-005 5.13164065e-005 3.89956124e-005 3.60621828e-005 3.04146871e-005 2.87463798e-005 2.80394743e-005 2.31748112e-005 1.77519078e-005 
7.50000000e-001 2.85714286e+001 1.00000000e+001 3.29966820e-005 4.03423688e-005 3.21881753e-005 3.01163361e-005 2.59980813e-005 2.47355790e-005 2.41938488e-005 2.03184727e-005 1.58054105e-005 
7.50000000e-001 2.62500000e+001 1.00000000e+001 2.17047271e-005 3.11049247e-005 2.62062278e-005 2.48375193e-005 2.19951928e-005 2.10787904e-005 2.06789342e-005 1.76692682e-005 1.39735219e-005 
7.50000000e-001 2.35714286e+001 1.00000000e+001 1.36352801e-005 2.32146610e-005 2.07237796e-005 1.99107748e-005 1.81134672e-005 1.74915325e-005 1.72139303e-005 1.49779630e-005 1.20490945e-005 
7.50000000e-001 2.05357143e+001 1.00000000e+001 8.26332822e-006 1.69413787e-005 1.60716898e-005 1.56612954e-005 1.46496011e-005 1.42578920e-005 1.40771257e-005 1.24777567e-005 1.02111300e-005 
7.50000000e-001 1.71428571e+001 1.00000000e+001 4.89861054e-006 1.22639895e-005 1.23913193e-005 1.22497094e-005 1.17828752e-005 1.15575635e-005 1.14477657e-005 1.03345586e-005 8.59979235e-006 
7.50000000e-001 1.33928571e+001 1.00000000e+001 2.89616088e-006 8.98565084e-006 9.67534289e-006 9.69902908e-006 9.57971743e-006 9.46525839e-006 9.40347642e-006 8.63491454e-006 7.29862181e-006 
7.50000000e-001 9.28571429e+000 1.00000000e+001 1.79404450e-006 6.95024099e-006 7.93385216e-006 8.04766465e-006 8.12038749e-006 8.06959025e-006 8.03588499e-006 7.48045133e-006 6.40785809e-006 
7.50000000e-001 4.82142857e+000 1.00000000e+001 1.25449555e-006 5.88910753e-006 7.04897314e-006 7.21390331e-006 7.38606772e-006 7.36627624e-006 7.34617146e-006 6.89582453e-006 5.95919311e-006 
7.50000000e-001 0.00000000e+000 1.00000000e+001 1.08435046e-006 5.52985005e-006 6.75111709e-006 6.93601894e-006 7.14706069e-006 7.13869686e-006 7.12348188e-006 6.70902719e-006 5.81722898e-006 
1.00000000e+000 3.50000000e+001 1.00000000e+001 1.42963186e-004 9.98723833e-005 6.51524168e-005 5.80491550e-005 4.54231047e-005 4.20189839e-005 4.06213089e-005 3.18768820e-005 2.32274371e-005 
1.00000000e+000 3.48214286e+001 1.00000000e+001 1.29110747e-004 9.38116288e-005 6.20599188e-005 5.54821954e-005 4.37144921e-005 4.05191255e-005 3.92039574e-005 3.09153614e-005 2.26357839e-005 
1.00000000e+000 3.42857143e+001 1.00000000e+001 1.04168646e-004 8.19548223e-005 5.57958810e-005 5.02343162e-005 4.01498757e-005 3.73700226e-005 3.62199164e-005 2.88557828e-005 2.13434374e-005 
1.00000000e+000 3.33928571e+001 1.00000000e+001 7.77709352e-005 6.81389030e-005 4.82247593e-005 4.38324251e-005 3.57160012e-005 3.34299116e-005 3.24770082e-005 2.62328334e-005 1.96707122e-005 
1.00000000e+000 3.21428571e+001 1.00000000e+001 5.42171490e-005 5.42324921e-005 4.02496388e-005 3.70109580e-005 3.08759244e-005 2.90972809e-005 2.83484270e-005 2.32839739e-005 1.77505824e-005 
1.00000000e+000 3.05357143e+001 1.00000000e+001 3.55546803e-005 4.15702788e-005 3.26072100e-005 3.03895288e-005 2.60499155e-005 2.47423092e-005 2.41843775e-005 2.02473279e-005 1.57283869e-005 
1.00000000e+000 2.85714286e+001 1.00000000e+001 2.19568060e-005 3.06993186e-005 2.56333220e-005 2.42529189e-005 2.14290965e-005 2.05313884e-005 2.01412872e-005 1.72230930e-005 1.36581343e-005 
1.00000000e+000 2.62500000e+001 1.00000000e+001 1.28614427e-005 2.20522402e-005 1.97603339e-005 1.90148780e-005 1.73777283e-005 1.68110463e-005 1.65578340e-005 1.44923331e-005 1.17542565e-005 
1.00000000e+000 2.35714286e+001 1.00000000e+001 7.11357045e-006 1.52502859e-005 1.47444685e-005 1.44471417e-005 1.36875855e-005 1.33778865e-005 1.32326579e-005 1.18712315e-005 9.85746980e-006 
1.00000000e+000 2.05357143e+001 1.00000000e+001 3.75028410e-006 1.02561016e-005 1.07549425e-005 1.07416897e-005 1.05700399e-005 1.04424384e-005 1.03751303e-005 9.54907314e-006 8.12184023e-006 
1.00000000e+000 1.71428571e+001 1.00000000e+001 1.90875289e-006 6.80421176e-006 7.77783371e-006 7.92500326e-006 8.10937986e-006 8.09989527e-006 8.08424068e-006 7.63590126e-006 6.65213411e-006 
1.00000000e+000 1.33928571e+001 1.00000000e+001 9.54667268e-007 4.54602548e-006 5.68781070e-006 5.91402770e-006 6.29122447e-006 6.35162896e-006 6.36738122e-006 6.16695042e-006 5.49777198e-006 
1.00000000e+000 9.28571429e+000 1.00000000e+001 4.92381042e-007 3.20233604e-006 4.37769554e-006 4.63744984e-006 5.10567268e-006 5.20263336e-006 5.23536136e-006 5.18132147e-006 4.71463285e-006 
1.00000000e+000 4.82142857e+000 1.00000000e+001 2.88515975e-007 2.50970896e-006 3.69916023e-006 3.97729039e-006 4.49229871e-006 4.60740364e-006 4.64856218e-006 4.66902833e-006 4.30987662e-006 
1.00000000e+000 0.00000000e+000 1.00000000e+001 2.29084480e-007 2.28128813e-006 3.47240716e-006 3.75752011e-006 4.29071392e-006 4.41250442e-006 4.45670128e-006 4.50278371e-006 4.17957915e-006 
1.25000000e+000 3.50000000e+001 1.00000000e+001 1.41598661e-004 9.82776476e-005 6.38199957e-005 5.67826076e-005 4.42919013e-005 4.09324116e-005 3.95544649e-005 3.09636076e-005 2.25107183e-005 
1.25000000e+000 3.48214286e+001 1.00000000e+001 1.25223901e-004 9.10911304e-005 6.01500164e-005 5.37358728e-005 4.22637645e-005 3.91521770e-005 3.78722328e-005 2.98229971e-005 2.18097233e-005 
1.25000000e+000 3.42857143e+001 1.00000000e+001 9.68620232e-005 7.74444026e-005 5.29125077e-005 4.76673733e-005 3.81359957e-005 3.55045441e-005 3.44154690e-005 2.74367210e-005 2.03135139e-005 
1.25000000e+000 3.33928571e+001 1.00000000e+001 6.82866505e-005 6.20667544e-005 4.44061640e-005 4.04590534e-005 3.31232389e-005 3.10453656e-005 3.01777351e-005 2.44610450e-005 1.84139757e-005 
1.25000000e+000 3.21428571e+001 1.00000000e+001 4.43296897e-005 4.72191701e-005 3.57516972e-005 3.30284598e-005 2.78127779e-005 2.62825363e-005 2.56357205e-005 2.12037717e-005 1.62871006e-005 
1.25000000e+000 3.05357143e+001 1.00000000e+001 2.67059412e-005 3.43306138e-005 2.77765476e-005 2.60786777e-005 2.26908377e-005 2.16466183e-005 2.11976509e-005 1.79460265e-005 1.41067277e-005 
1.25000000e+000 2.85714286e+001 1.00000000e+001 1.49470926e-005 2.38709451e-005 2.08287859e-005 1.99157838e-005 1.79780634e-005 1.73338415e-005 1.70496950e-005 1.48142841e-005 1.19466608e-005 
1.25000000e+000 2.62500000e+001 1.00000000e+001 7.82226282e-006 1.60099017e-005 1.52215133e-005 1.48577204e-005 1.39793072e-005 1.36397171e-005 1.34827712e-005 1.20590080e-005 1.00034749e-005 
1.25000000e+000 2.35714286e+001 1.00000000e+001 3.81871340e-006 1.02753178e-005 1.07234542e-005 1.07029496e-005 1.05294217e-005 1.04057669e-005 1.03408528e-005 9.53936399e-006 8.15278663e-006 
1.25000000e+000 2.05357143e+001 1.00000000e+001 1.75455224e-006 6.37338710e-006 7.35547309e-006 7.51873375e-006 7.75684541e-006 7.77029514e-006 7.76536055e-006 7.40033789e-006 6.52303192e-006 
1.25000000e+000 1.71428571e+001 1.00000000e+001 7.67653767e-007 3.87354440e-006 4.98221011e-006 5.22369394e-006 5.66560359e-006 5.75617906e-006 5.78625091e-006 5.70261276e-006 5.18706240e-006 
1.25000000e+000 1.33928571e+001 1.00000000e+001 3.24994533e-007 2.35401871e-006 3.40084753e-006 3.66153650e-006 4.18046479e-006 4.30833862e-006 4.35637781e-006 4.43966826e-006 4.16546122e-006 
1.25000000e+000 9.28571429e+000 1.00000000e+001 1.39260718e-007 1.50056394e-006 2.44238819e-006 2.69841291e-006 3.23317389e-006 3.37592868e-006 3.43190700e-006 3.60541835e-006 3.48019057e-006 
1.25000000e+000 4.82142857e+000 1.00000000e+001 6.74339466e-008 1.07635474e-006 1.94854756e-006 2.19990424e-006 2.73848682e-006 2.88765684e-006 2.94723684e-006 3.16576917e-006 3.12008875e-006 
1.25000000e+000 0.00000000e+000 1.00000000e+001 4.84021880e-008 9.41154778e-007 1.78605004e-006 2.03563139e-006 2.57594361e-006 2.72744216e-006 2.78829488e-006 3.02207678e-006 3.00296953e-006 
1.50000000e+000 3.50000000e+001 1.00000000e+001 1.40688666e-004 9.72115550e-005 6.29215647e-005 5.59244841e-005 4.35133588e-005 4.01797226e-005 3.88132101e-005 3.03149968e-005 2.19862219e-005 
1.50000000e+000 3.48214286e+001 1.00000000e+001 1.21941722e-004 8.89571077e-005 5.87019971e-005 5.24207352e-005 4.11801881e-005 3.81316198e-005 3.68778261e-005 2.90028123e-005 2.11801345e-005 
1.50000000e+000 3.42857143e+001 1.00000000e+001 9.05953458e-005 7.36930757e-005 5.05743918e-005 4.55996007e-005 3.65324193e-005 3.40226560e-005 3.29831988e-005 2.63120730e-005 1.94925449e-005 
1.50000000e+000 3.33928571e+001 1.00000000e+001 6.04451713e-005 5.70223549e-005 4.12666219e-005 3.76946498e-005 3.10112705e-005 2.91053518e-005 2.83078142e-005 2.30203605e-005 1.73868921e-005 
1.50000000e+000 3.21428571e+001 1.00000000e+001 3.66260429e-005 4.15423457e-005 3.20966457e-005 2.97911797e-005 2.53200272e-005 2.39902691e-005 2.34256747e-005 1.95023376e-005 1.50804391e-005 
1.50000000e+000 3.05357143e+001 1.00000000e+001 2.03162737e-005 2.87009420e-005 2.39510315e-005 2.26510766e-005 1.99966845e-005 1.91564875e-005 1.87920462e-005 1.60756104e-005 1.27720630e-005 
1.50000000e+000 2.85714286e+001 1.00000000e+001 1.03265348e-005 1.88222837e-005 1.71556340e-005 1.65737360e-005 1.52740472e-005 1.48152562e-005 1.46090151e-005 1.28843808e-005 1.05507152e-005 
1.50000000e+000 2.62500000e+001 1.00000000e+001 4.83865218e-006 1.18072120e-005 1.19002685e-005 1.17781866e-005 1.13960186e-005 1.12098777e-005 1.11186796e-005 1.01480623e-005 8.59501792e-006 
1.50000000e+000 2.35714286e+001 1.00000000e+001 2.08827749e-006 7.04266085e-006 7.92262680e-006 8.05028107e-006 8.21108557e-006 8.20040989e-006 8.18524526e-006 7.75145708e-006 6.80499520e-006 
1.50000000e+000 2.05357143e+001 1.00000000e+001 8.37089129e-007 4.03270718e-006 5.11228731e-006 5.34433326e-006 5.76931936e-006 5.85612778e-006 5.88488820e-006 5.79591145e-006 5.28327549e-006 
1.50000000e+000 1.71428571e+001 1.00000000e+001 3.15069022e-007 2.24614817e-006 3.24202001e-006 3.49436664e-006 4.00777895e-006 4.13863048e-006 4.18870661e-006 4.29863645e-006 4.07389582e-006 
1.50000000e+000 1.33928571e+001 1.00000000e+001 1.12987102e-007 1.24069983e-006 2.06200875e-006 2.29617358e-006 2.80652951e-006 2.95022217e-006 3.00794093e-006 3.21943072e-006 3.17313993e-006 
1.50000000e+000 9.28571429e+000 1.00000000e+001 4.02401272e-008 7.13182598e-007 1.37617129e-006 1.58398753e-006 2.06099667e-006 2.20380540e-006 2.26269929e-006 2.51983044e-006 2.57705457e-006 
1.50000000e+000 4.82142857e+000 1.00000000e+001 1.59838022e-008 4.64402733e-007 1.03013357e-006 1.22061226e-006 1.67308276e-006 1.81341898e-006 1.87212123e-006 2.14948916e-006 2.26094017e-006 
1.50000000e+000 0.00000000e+000 1.00000000e+001 1.02276886e-008 3.88289869e-007 9.18680645e-007 1.10281773e-006 1.54649259e-006 1.68589344e-006 1.74448744e-006 2.02830272e-006 2.15760168e-006 
1.75000000e+000 3.50000000e+001 1.00000000e+001 1.40038637e-004 9.64492801e-005 6.22773942e-005 5.53080282e-005 4.29498731e-005 3.96330428e-005 3.82739240e-005 2.98367758e-005 2.15914560e-005 
1.75000000e+000 3.48214286e+001 1.00000000e+001 1.19044432e-004 8.71747251e-005 5.75313015e-005 5.13661124e-005 4.03237511e-005 3.73275371e-005 3.60952175e-005 2.83593990e-005 2.06839555e-005 
1.75000000e+000 3.42857143e+001 1.00000000e+001 8.50689240e-005 7.04354500e-005 4.85825325e-005 4.38486987e-005 3.51920818e-005 3.27884867e-005 3.17920622e-005 2.53831791e-005 1.88158683e-005 
1.75000000e+000 3.33928571e+001 1.00000000e+001 5.38068802e-005 5.26866744e-005 3.85819766e-005 3.53367063e-005 2.92208447e-005 2.74637270e-005 2.67266795e-005 2.18065379e-005 1.65220610e-005 
1.75000000e+000 3.21428571e+001 1.00000000e+001 3.04855738e-005 3.68073865e-005 2.90246336e-005 2.70679435e-005 2.32211788e-005 2.20598224e-005 2.15642762e-005 1.80675815e-005 1.40593706e-005 
1.75000000e+000 3.05357143e+001 1.00000000e+001 1.55954134e-005 2.41982529e-005 2.08274845e-005 1.98405611e-005 1.77697835e-005 1.70934256e-005 1.67970273e-005 1.45143794e-005 1.16485296e-005 
1.75000000e+000 2.85714286e+001 1.00000000e+001 7.20939735e-006 1.49865657e-005 1.42660427e-005 1.39240308e-005 1.30967463e-005 1.27780029e-005 1.26309545e-005 1.13013080e-005 9.38945656e-006 
1.75000000e+000 2.62500000e+001 1.00000000e+001 3.02911578e-006 8.80479599e-006 9.40359878e-006 9.43560751e-006 9.38324999e-006 9.30319243e-006 9.25800500e-006 8.61605261e-006 7.44258356e-006 
1.75000000e+000 2.35714286e+001 1.00000000e+001 1.15695394e-006 4.88604731e-006 5.92133911e-006 6.12379573e-006 6.47074565e-006 6.52857697e-006 6.54434180e-006 6.35570279e-006 5.72386548e-006 
1.75000000e+000 2.05357143e+001 1.00000000e+001 4.04867127e-007 2.58489924e-006 3.59647855e-006 3.84359413e-006 4.33699148e-006 4.45892572e-006 4.50485867e-006 4.57944225e-006 4.31038009e-006 
1.75000000e+000 1.71428571e+001 1.00000000e+001 1.31144376e-007 1.32009374e-006 2.13552663e-006 2.36496376e-006 2.86420929e-006 3.00470449e-006 3.06117345e-006 3.26649018e-006 3.22021616e-006 
1.75000000e+000 1.33928571e+001 1.00000000e+001 3.98536123e-008 6.62774443e-007 1.26456650e-006 1.45536460e-006 1.90092811e-006 2.03704178e-006 2.09365870e-006 2.34987011e-006 2.42931262e-006 
1.75000000e+000 9.28571429e+000 1.00000000e+001 1.18083288e-008 3.42976721e-007 7.82192696e-007 9.37146225e-007 1.32179682e-006 1.44666824e-006 1.49982741e-006 1.76839959e-006 1.91404189e-006 
1.75000000e+000 4.82142857e+000 1.00000000e+001 3.83442911e-009 2.01501844e-007 5.46498613e-007 6.79301604e-007 1.02438802e-006 1.14102231e-006 1.19139919e-006 1.46145131e-006 1.63993241e-006 
1.75000000e+000 0.00000000e+000 1.00000000e+001 2.16138941e-009 1.60200970e-007 4.72545320e-007 5.97468627e-007 9.28461770e-007 1.04209873e-006 1.09144275e-006 1.36132845e-006 1.55022092e-006 
2.00000000e+000 3.50000000e+001 1.00000000e+001 1.39550991e-004 9.58772543e-005 6.17935218e-005 5.48446319e-005 4.25248673e-005 3.92199826e-005 3.78660869e-005 2.94723294e-005 2.12865013e-005 
2.00000000e+000 3.48214286e+001 1.00000000e+001 1.16416639e-004 8.56234035e-005 5.65405414e-005 5.04805964e-005 3.96161022e-005 3.66660150e-005 3.54524622e-005 2.78352547e-005 2.02807962e-005 
2.00000000e+000 3.42857143e+001 1.00000000e+001 8.01103183e-005 6.75292879e-005 4.68291659e-005 4.23148279e-005 3.40313614e-005 3.17236169e-005 3.07659096e-005 2.45899552e-005 1.82417473e-005 
2.00000000e+000 3.33928571e+001 1.00000000e+001 4.81004934e-005 4.88793394e-005 3.62262989e-005 3.32706551e-005 2.76591841e-005 2.60342589e-005 2.53508964e-005 2.07550417e-005 1.57754350e-005 
2.00000000e+000 3.21428571e+001 1.00000000e+001 2.55162618e-005 3.27808294e-005 2.63840009e-005 2.47232863e-005 2.14104597e-005 2.03938805e-005 1.99577603e-005 1.68286768e-005 1.31766006e-005 
2.00000000e+000 3.05357143e+001 1.00000000e+001 1.20530884e-005 2.05294515e-005 1.82235646e-005 1.74864885e-005 1.58884628e-005 1.53465190e-005 1.51061433e-005 1.31837644e-005 1.06848577e-005 
2.00000000e+000 2.85714286e+001 1.00000000e+001 5.07297655e-006 1.20187525e-005 1.19473522e-005 1.17805709e-005 1.13078059e-005 1.10967807e-005 1.09955972e-005 9.97816375e-006 8.40731999e-006 
2.00000000e+000 2.62500000e+001 1.00000000e+001 1.91337148e-006 6.62020394e-006 7.49040470e-006 7.61900865e-006 7.78528982e-006 7.77918807e-006 7.76656029e-006 7.36704269e-006 6.48589889e-006 
2.00000000e+000 2.35714286e+001 1.00000000e+001 6.47218173e-007 3.42067759e-006 4.46444057e-006 4.69861850e-006 5.14123883e-006 5.23944623e-006 5.27410134e-006 5.24959213e-006 4.84565349e-006 
2.00000000e+000 2.05357143e+001 1.00000000e+001 1.97804848e-007 1.67293819e-006 2.55368083e-006 2.78951527e-006 3.28808799e-006 3.42322542e-006 3.47664886e-006 3.64492445e-006 3.53872101e-006 
2.00000000e+000 1.71428571e+001 1.00000000e+001 5.51523954e-008 7.83689883e-007 1.42015209e-006 1.61547638e-006 2.06423332e-006 2.19916473e-006 2.25497806e-006 2.49940993e-006 2.55994300e-006 
2.00000000e+000 1.33928571e+001 1.00000000e+001 1.42058192e-008 3.57725740e-007 7.82745739e-007 9.30613795e-007 1.29738619e-006 1.41667679e-006 1.46753482e-006 1.72523177e-006 1.86838821e-006 
2.00000000e+000 9.28571429e+000 1.00000000e+001 3.50468120e-009 1.66552795e-007 4.47986107e-007 5.58329578e-007 8.52432710e-007 9.54521630e-007 9.99075798e-007 1.24587080e-006 1.42569224e-006 
2.00000000e+000 4.82142857e+000 1.00000000e+001 9.29278815e-010 8.78900089e-008 2.90891785e-007 3.79147613e-007 6.28528902e-007 7.19302983e-007 7.59565506e-007 9.94982289e-007 1.19061635e-006 
2.00000000e+000 0.00000000e+000 1.00000000e+001 4.56805586e-010 6.60979918e-008 2.43069412e-007 3.23692941e-007 5.57423017e-007 6.44157074e-007 6.82870001e-007 9.13683827e-007 1.11382736e-006 
2.25000000e+000 3.50000000e+001 1.00000000e+001 1.39171340e-004 9.54322066e-005 6.14168615e-005 5.44838007e-005 4.21934352e-005 3.88975892e-005 3.75476268e-005 2.91865436e-005 2.10453089e-005 
2.25000000e+000 3.48214286e+001 1.00000000e+001 1.13990672e-004 8.42346931e-005 5.56740960e-005 4.97116139e-005 3.90109983e-005 3.61029444e-005 3.49064033e-005 2.73945721e-005 1.99442239e-005 
2.25000000e+000 3.42857143e+001 1.00000000e+001 7.56089583e-005 6.48899787e-005 4.52509151e-005 4.09390904e-005 3.30000009e-005 3.07804794e-005 2.98583460e-005 2.38945486e-005 1.77426363e-005 
2.25000000e+000 3.33928571e+001 1.00000000e+001 4.31422600e-005 4.54872594e-005 3.41225827e-005 3.14265047e-005 2.62690244e-005 2.47633561e-005 2.41284324e-005 1.98244774e-005 1.51175519e-005 
2.25000000e+000 3.21428571e+001 1.00000000e+001 2.14507806e-005 2.93106480e-005 2.40785493e-005 2.26715299e-005 1.98206536e-005 1.89302930e-005 1.85460853e-005 1.57392050e-005 1.23999603e-005 
2.25000000e+000 3.05357143e+001 1.00000000e+001 9.36514545e-006 1.75008570e-005 1.60207487e-005 1.54846492e-005 1.42734530e-005 1.38431956e-005 1.36495807e-005 1.20311678e-005 9.84554855e-006 
2.25000000e+000 2.85714286e+001 1.00000000e+001 3.59175232e-006 9.69251363e-006 1.00601210e-005 1.00212135e-005 9.81564367e-006 9.68823281e-006 9.62296743e-006 8.85576949e-006 7.56521456e-006 
2.25000000e+000 2.62500000e+001 1.00000000e+001 1.21706734e-006 5.00954776e-006 6.00357385e-006 6.19009871e-006 6.49833045e-006 6.54356740e-006 6.55397627e-006 6.33485720e-006 5.68196421e-006 
2.25000000e+000 2.35714286e+001 1.00000000e+001 3.64788605e-007 2.41163644e-006 3.38900396e-006 3.62949581e-006 4.11158092e-006 4.23191488e-006 4.27755008e-006 4.36205683e-006 4.12449267e-006 
2.25000000e+000 2.05357143e+001 1.00000000e+001 9.73944470e-008 1.09081005e-006 1.82645515e-006 2.03907782e-006 2.50999877e-006 2.64578475e-006 2.70100230e-006 2.91894486e-006 2.92088637e-006 
2.25000000e+000 1.71428571e+001 1.00000000e+001 2.33774656e-008 4.68870697e-007 9.51576984e-007 1.11172308e-006 1.49804261e-006 1.62045218e-006 1.67215927e-006 1.92386137e-006 2.04530327e-006 
2.25000000e+000 1.33928571e+001 1.00000000e+001 5.10412155e-009 1.94638572e-007 4.88185327e-007 5.99429299e-007 8.91258075e-007 9.91388980e-007 1.03494173e-006 1.27324731e-006 1.44300643e-006 
2.25000000e+000 9.28571429e+000 1.00000000e+001 1.04915519e-009 8.15298571e-008 2.58281228e-007 3.34690697e-007 5.52509333e-007 6.32751628e-007 6.68530108e-007 8.80924209e-007 1.06484014e-006 
2.25000000e+000 4.82142857e+000 1.00000000e+001 2.27153498e-010 3.85217293e-008 1.55328588e-007 2.12208026e-007 3.86430392e-007 4.54284732e-007 4.85105876e-007 6.78291257e-007 8.65208004e-007 
2.25000000e+000 0.00000000e+000 1.00000000e+001 9.65544940e-011 2.72725287e-008 1.25033125e-007 1.75371130e-007 3.34665122e-007 3.98179466e-007 4.27247045e-007 6.13241896e-007 8.00284026e-007 
2.50000000e+000 3.50000000e+001 1.00000000e+001 1.38866956e-004 9.50761198e-005 6.11153666e-005 5.41949278e-005 4.19279098e-005 3.86391976e-005 3.72923308e-005 2.89569232e-005 2.08505031e-005 
2.50000000e+000 3.48214286e+001 1.00000000e+001 1.11723483e-004 8.29665917e-005 5.48979728e-005 4.90269616e-005 3.84797389e-005 3.56107630e-005 3.44299843e-005 2.70143065e-005 1.96565502e-005 
2.50000000e+000 3.42857143e+001 1.00000000e+001 7.14883101e-005 6.24629778e-005 4.38077809e-005 3.96843808e-005 3.20661676e-005 2.99288042e-005 2.90397737e-005 2.32722816e-005 1.72999303e-005 
2.50000000e+000 3.33928571e+001 1.00000000e+001 3.87996414e-005 4.24338132e-005 3.22202509e-005 2.97585269e-005 2.50130461e-005 2.36160116e-005 2.30252483e-005 1.89873267e-005 1.45282225e-005 
2.50000000e+000 3.21428571e+001 1.00000000e+001 1.80973612e-005 2.62907214e-005 2.20429491e-005 2.08548376e-005 1.84066633e-005 1.76273287e-005 1.72889034e-005 1.47676115e-005 1.17070165e-005 
2.50000000e+000 3.05357143e+001 1.00000000e+001 7.30810387e-006 1.49765330e-005 1.41370587e-005 1.37632557e-005 1.28703777e-005 1.25336355e-005 1.23793801e-005 1.10200935e-005 9.10540491e-006 
2.50000000e+000 2.85714286e+001 1.00000000e+001 2.55572543e-006 7.85145451e-006 8.50773846e-006 8.56136532e-006 8.55672056e-006 8.49441038e-006 8.45740289e-006 7.89245185e-006 6.83498139e-006 
2.50000000e+000 2.62500000e+001 1.00000000e+001 7.78508151e-007 3.81018704e-006 4.83576555e-006 5.05393999e-006 5.45028408e-006 5.53055313e-006 5.55708217e-006 5.47247342e-006 4.99944208e-006 
2.50000000e+000 2.35714286e+001 1.00000000e+001 2.06837317e-007 1.70978660e-006 2.58668070e-006 2.81882468e-006 3.30549252e-006 3.43596960e-006 3.48730844e-006 3.64256893e-006 3.52677309e-006 
2.50000000e+000 2.05357143e+001 1.00000000e+001 4.82512218e-008 7.15463390e-007 1.31393846e-006 1.49913969e-006 1.92677539e-006 2.05619959e-006 2.10990733e-006 2.34961830e-006 2.42211611e-006 
2.50000000e+000 1.71428571e+001 1.00000000e+001 9.97081989e-009 2.82245533e-007 6.41489445e-007 7.69665914e-007 1.09341634e-006 1.20076139e-006 1.24689236e-006 1.48841879e-006 1.64137971e-006 
2.50000000e+000 1.33928571e+001 1.00000000e+001 1.84539418e-009 1.06580450e-007 3.06366999e-007 3.88452932e-007 6.15683416e-007 6.97508433e-007 7.33727895e-007 9.44030847e-007 1.11872563e-006 
2.50000000e+000 9.28571429e+000 1.00000000e+001 3.16180665e-010 4.01743787e-008 1.49766107e-007 2.01716051e-007 3.59741693e-007 4.21239066e-007 4.49198096e-007 6.24982214e-007 7.97378283e-007 
2.50000000e+000 4.82142857e+000 1.00000000e+001 5.59275649e-011 1.69593627e-008 8.31912339e-008 1.19088034e-007 2.38052445e-007 2.87420987e-007 3.10347858e-007 4.62992702e-007 6.29311069e-007 
2.50000000e+000 0.00000000e+000 1.00000000e+001 2.04106159e-011 1.12532130e-008 6.43172970e-008 9.50144613e-008 2.00928105e-007 2.46133145e-007 2.67315448e-007 4.11595445e-007 5.75006006e-007 
0.00000000e+000 3.50000000e+001 2.00000000e+001 2.15503490e-004 1.44476988e-004 9.09881015e-005 8.00947991e-005 6.08249378e-005 5.57003825e-005 5.36106457e-005 4.09101311e-005 2.89160932e-005 
0.00000000e+000 3.48214286e+001 2.00000000e+001 2.14274644e-004 1.43659772e-004 9.04770979e-005 7.96464489e-005 6.04877956e-005 5.53927675e-005 5.33150386e-005 4.06865997e-005 2.87588365e-005 
0.00000000e+000 3.42857143e+001 2.00000000e+001 2.10742496e-004 1.41327015e-004 8.90203635e-005 7.83688535e-005 5.95280648e-005 5.45173611e-005 5.24739206e-005 4.00510073e-005 2.83119251e-005 
0.00000000e+000 3.33928571e+001 2.00000000e+001 2.05206175e-004 1.37659158e-004 8.67278760e-005 7.63576329e-005 5.80160865e-005 5.31378953e-005 5.11483469e-005 3.90487319e-005 2.76068512e-005 
0.00000000e+000 3.21428571e+001 2.00000000e+001 1.97795243e-004 1.32761048e-004 8.36638736e-005 7.36685523e-005 5.59926202e-005 5.12912004e-005 4.93735659e-005 3.77058173e-005 2.66617032e-005 
0.00000000e+000 3.05357143e+001 2.00000000e+001 1.89086332e-004 1.27021965e-004 8.00748666e-005 7.05182120e-005 5.36205938e-005 4.91258920e-005 4.72923722e-005 3.61302453e-005 2.55527392e-005 
0.00000000e+000 2.85714286e+001 2.00000000e+001 1.79601351e-004 1.20794507e-004 7.61788464e-005 6.70967255e-005 5.10400947e-005 4.67687411e-005 4.50261393e-005 3.44117602e-005 2.43422037e-005 
0.00000000e+000 2.62500000e+001 2.00000000e+001 1.71067695e-004 1.15235707e-004 7.27037438e-005 6.40440746e-005 4.87344941e-005 4.46612562e-005 4.29992957e-005 3.28716528e-005 2.32560620e-005 
0.00000000e+000 2.35714286e+001 2.00000000e+001 1.62007447e-004 1.09352173e-004 6.90130058e-005 6.07951751e-005 4.62654195e-005 4.23995449e-005 4.08221751e-005 3.12093271e-005 2.20807111e-005 
0.00000000e+000 2.05357143e+001 2.00000000e+001 1.53326374e-004 1.03738583e-004 6.54668257e-005 5.76627517e-005 4.38636706e-005 4.01934052e-005 3.86961307e-005 2.95763841e-005 2.09227976e-005 
0.00000000e+000 1.71428571e+001 2.00000000e+001 1.45295025e-004 9.85301535e-005 6.21458553e-005 5.47171168e-005 4.15810507e-005 3.80896917e-005 3.66660027e-005 2.80057579e-005 1.98045546e-005 
0.00000000e+000 1.33928571e+001 2.00000000e+001 1.39039262e-004 9.44723377e-005 5.95323001e-005 5.23867912e-005 3.97491302e-005 3.63935063e-005 3.50260129e-005 2.67243541e-005 1.88879824e-005 
0.00000000e+000 9.28571429e+000 2.00000000e+001 1.34476167e-004 9.14914028e-005 5.76056660e-005 5.06623112e-005 3.83742180e-005 3.51139522e-005 3.37862023e-005 2.57447323e-005 1.81831543e-005 
0.00000000e+000 4.82142857e+000 2.00000000e+001 1.31587694e-004 8.96111444e-005 5.64143345e-005 4.96017913e-005 3.75305406e-005 3.43273121e-005 3.30232292e-005 2.51378771e-005 1.77446905e-005 
0.00000000e+000 0.00000000e+000 2.00000000e+001 1.30417023e-004 8.88422068e-005 5.59289272e-005 4.91719773e-005 3.71929276e-005 3.40134312e-005 3.27191026e-005 2.48968639e-005 1.75705486e-005 
2.50000000e-001 3.50000000e+001 2.00000000e+001 1.63370280e-004 1.17142065e-004 7.62823483e-005 6.77565743e-005 5.24646625e-005 4.83329424e-005 4.66386666e-005 3.61562248e-005 2.59981867e-005 
2.50000000e-001 3.48214286e+001 2.00000000e+001 1.58262534e-004 1.14788756e-004 7.50368914e-005 6.67106919e-005 5.17478305e-005 4.76969661e-005 4.60347525e-005 3.57318165e-005 2.57227657e-005 
2.50000000e-001 3.42857143e+001 2.00000000e+001 1.46871166e-004 1.09251785e-004 7.20330237e-005 6.41714165e-005 4.99826346e-005 4.61240634e-005 4.45383789e-005 3.46679228e-005 2.50230636e-005 
2.50000000e-001 3.33928571e+001 2.00000000e+001 1.32117998e-004 1.01734965e-004 6.78692853e-005 6.06319918e-005 4.74924269e-005 4.38968873e-005 4.24161995e-005 3.31440990e-005 2.40097218e-005 
2.50000000e-001 3.21428571e+001 2.00000000e+001 1.15693393e-004 9.29342609e-005 6.28892125e-005 5.63747192e-005 4.44608771e-005 4.11755624e-005 3.98191072e-005 3.12612694e-005 2.27446343e-005 
2.50000000e-001 3.05357143e+001 2.00000000e+001 9.92103497e-005 8.36633124e-005 5.75425451e-005 5.17816447e-005 4.11561665e-005 3.81997335e-005 3.69753623e-005 2.91830338e-005 2.13366941e-005 
2.50000000e-001 2.85714286e+001 2.00000000e+001 8.36943298e-005 7.45093588e-005 5.21679667e-005 4.71430668e-005 3.77849370e-005 3.51545296e-005 3.40614532e-005 2.70362951e-005 1.98706496e-005 
2.50000000e-001 2.62500000e+001 2.00000000e+001 7.01992929e-005 6.63377658e-005 4.73464405e-005 4.29779432e-005 3.47521016e-005 3.24133250e-005 3.14377405e-005 2.51002949e-005 1.85474083e-005 
2.50000000e-001 2.35714286e+001 2.00000000e+001 5.82875200e-005 5.86811615e-005 4.27176942e-005 3.89517730e-005 3.17739293e-005 2.97080264e-005 2.88428588e-005 2.31608911e-005 1.72056655e-005 
2.50000000e-001 2.05357143e+001 2.00000000e+001 4.83156554e-005 5.19368125e-005 3.85544265e-005 3.53081470e-005 2.90403500e-005 2.72138810e-005 2.64460255e-005 2.13498018e-005 1.59407186e-005 
2.50000000e-001 1.71428571e+001 2.00000000e+001 4.02174377e-005 4.61653352e-005 3.49113769e-005 3.20983369e-005 2.65941714e-005 2.49708518e-005 2.42859701e-005 1.96973930e-005 1.47740793e-005 
2.50000000e-001 1.33928571e+001 2.00000000e+001 3.40935645e-005 4.16686475e-005 3.20442238e-005 2.95629738e-005 2.46429326e-005 2.31756703e-005 2.25547352e-005 1.83623648e-005 1.38265781e-005 
2.50000000e-001 9.28571429e+000 2.00000000e+001 2.97677046e-005 3.83987359e-005 2.99431589e-005 2.76992977e-005 2.31942065e-005 2.18378156e-005 2.12624480e-005 1.73565471e-005 1.31080152e-005 
2.50000000e-001 4.82142857e+000 2.00000000e+001 2.71240127e-005 3.63578584e-005 2.86373323e-005 2.65436681e-005 2.22971613e-005 2.10087322e-005 2.04612142e-005 1.67306939e-005 1.26597518e-005 
2.50000000e-001 0.00000000e+000 2.00000000e+001 2.61707216e-005 3.55951542e-005 2.81427328e-005 2.61052923e-005 2.19561673e-005 2.06932700e-005 2.01561995e-005 1.64914777e-005 1.24873918e-005 
5.00000000e-001 3.50000000e+001 2.00000000e+001 1.53407275e-004 1.07922280e-004 7.00195076e-005 6.21851404e-005 4.82078327e-005 4.44476943e-005 4.29075780e-005 3.33818085e-005 2.41415506e-005 
5.00000000e-001 3.48214286e+001 2.00000000e+001 1.44999453e-004 1.04186153e-004 6.80963618e-005 6.05844505e-005 4.71339213e-005 4.35017589e-005 4.20121818e-005 3.27657362e-005 2.37523511e-005 
5.00000000e-001 3.42857143e+001 2.00000000e+001 1.27631150e-004 9.59664647e-005 6.37439339e-005 5.69342668e-005 4.46447294e-005 4.12981271e-005 3.99217833e-005 3.13077480e-005 2.28165625e-005 
5.00000000e-001 3.33928571e+001 2.00000000e+001 1.06792192e-004 8.54533693e-005 5.80296064e-005 5.21090901e-005 4.13059770e-005 3.83291673e-005 3.71000008e-005 2.93160755e-005 2.15209128e-005 
5.00000000e-001 3.21428571e+001 2.00000000e+001 8.55543381e-005 7.39110312e-005 5.15697117e-005 4.66131685e-005 3.74421221e-005 3.48766427e-005 3.38118848e-005 2.69658064e-005 1.99708214e-005 
5.00000000e-001 3.05357143e+001 2.00000000e+001 6.61541960e-005 6.24939495e-005 4.49903652e-005 4.09745129e-005 3.34170774e-005 3.12636762e-005 3.03643369e-005 2.44727097e-005 1.83063539e-005 
5.00000000e-001 2.85714286e+001 2.00000000e+001 4.96402629e-005 5.19037672e-005 3.87029012e-005 3.55463109e-005 2.94826762e-005 2.77158876e-005 2.69724282e-005 2.19910702e-005 1.66296864e-005 
5.00000000e-001 2.62500000e+001 2.00000000e+001 3.64866102e-005 4.27897033e-005 3.31798262e-005 3.07576796e-005 2.59843838e-005 2.45546172e-005 2.39474174e-005 1.97671437e-005 1.51215321e-005 
5.00000000e-001 2.35714286e+001 2.00000000e+001 2.62392547e-005 3.48875988e-005 2.82068680e-005 2.64039377e-005 2.27362942e-005 2.16003875e-005 2.11127274e-005 1.76481106e-005 1.36601768e-005 
5.00000000e-001 2.05357143e+001 2.00000000e+001 1.86397523e-005 2.83749290e-005 2.39609043e-005 2.26530762e-005 1.98836777e-005 1.89907077e-005 1.86024879e-005 1.57440952e-005 1.23287777e-005 
5.00000000e-001 1.71428571e+001 2.00000000e+001 1.31844444e-005 2.31618558e-005 2.04364068e-005 1.95102398e-005 1.74444493e-005 1.67452807e-005 1.64369220e-005 1.40755051e-005 1.11442807e-005 
5.00000000e-001 1.33928571e+001 2.00000000e+001 9.46430147e-006 1.92573064e-005 1.77284582e-005 1.70805421e-005 1.55332865e-005 1.49787536e-005 1.47302925e-005 1.27475193e-005 1.01941560e-005 
5.00000000e-001 9.28571429e+000 2.00000000e+001 7.06984178e-006 1.65186454e-005 1.57871607e-005 1.53293588e-005 1.41384638e-005 1.36842057e-005 1.34774541e-005 1.17626629e-005 9.48354633e-006 
5.00000000e-001 4.82142857e+000 2.00000000e+001 5.71344004e-006 1.48577789e-005 1.45963650e-005 1.42537805e-005 1.32788324e-005 1.28851625e-005 1.27036140e-005 1.11516532e-005 9.04112400e-006 
5.00000000e-001 0.00000000e+000 2.00000000e+001 5.25364751e-006 1.42631546e-005 1.41620470e-005 1.38600544e-005 1.29619505e-005 1.25899354e-005 1.24174047e-005 1.09240904e-005 8.87494293e-006 
7.50000000e-001 3.50000000e+001 2.00000000e+001 1.49841864e-004 1.03981004e-004 6.69727229e-005 5.93701268e-005 4.58683085e-005 4.22558329e-005 4.07790993e-005 3.16875603e-005 2.29236013e-005 
7.50000000e-001 3.48214286e+001 2.00000000e+001 1.38471548e-004 9.89772037e-005 6.44202612e-005 5.72522548e-005 4.44586203e-005 4.10176170e-005 3.96085159e-005 3.08891727e-005 2.24252735e-005 
7.50000000e-001 3.42857143e+001 2.00000000e+001 1.16201306e-004 8.84458345e-005 5.88773414e-005 5.26147420e-005 4.13163424e-005 3.82423876e-005 3.69787134e-005 2.90689018e-005 2.12695518e-005 
7.50000000e-001 3.33928571e+001 2.00000000e+001 9.10561157e-005 7.55559189e-005 5.18746442e-005 4.67082346e-005 3.72454454e-005 3.46284460e-005 3.35466379e-005 2.66609904e-005 1.97175598e-005 
7.50000000e-001 3.21428571e+001 2.00000000e+001 6.72587939e-005 6.21024578e-005 4.42901586e-005 4.02509935e-005 3.27074366e-005 3.05762569e-005 2.96888536e-005 2.39133756e-005 1.79176934e-005 
7.50000000e-001 3.05357143e+001 2.00000000e+001 4.72721082e-005 4.94887001e-005 3.68938146e-005 3.38927438e-005 2.81494118e-005 2.64822876e-005 2.57816705e-005 2.10890758e-005 1.60389477e-005 
7.50000000e-001 2.85714286e+001 2.00000000e+001 3.17995689e-005 3.84362620e-005 3.01332764e-005 2.80215735e-005 2.38524623e-005 2.25993068e-005 2.20663857e-005 1.83623655e-005 1.41970052e-005 
7.50000000e-001 2.62500000e+001 2.00000000e+001 2.06398838e-005 2.93795355e-005 2.43820296e-005 2.29859712e-005 2.01100861e-005 1.92034009e-005 1.88116301e-005 1.59510444e-005 1.25551519e-005 
7.50000000e-001 2.35714286e+001 2.00000000e+001 1.29344368e-005 2.20617053e-005 1.94818117e-005 1.86393786e-005 1.67913357e-005 1.61675106e-005 1.58920004e-005 1.37433975e-005 1.10206241e-005 
7.50000000e-001 2.05357143e+001 2.00000000e+001 7.89979557e-006 1.64276105e-005 1.55046382e-005 1.50665660e-005 1.39918813e-005 1.35871745e-005 1.34025905e-005 1.18255687e-005 9.66325251e-006 
7.50000000e-001 1.71428571e+001 2.00000000e+001 4.73922769e-006 1.22209042e-005 1.23686387e-005 1.22123462e-005 1.16946935e-005 1.14529902e-005 1.13367669e-005 1.02025320e-005 8.49233629e-006 
7.50000000e-001 1.33928571e+001 2.00000000e+001 2.84903423e-006 9.24658779e-006 1.00463431e-005 1.00766662e-005 9.94014093e-006 9.81336172e-006 9.74580311e-006 8.93522354e-006 7.56718846e-006 
7.50000000e-001 9.28571429e+000 2.00000000e+001 1.77534699e-006 7.26627832e-006 8.43491684e-006 8.58108900e-006 8.68840229e-006 8.63719869e-006 8.60193837e-006 8.01200330e-006 6.88542169e-006 
7.50000000e-001 4.82142857e+000 2.00000000e+001 1.22805850e-006 6.11422302e-006 7.46953258e-006 7.68033451e-006 7.92688548e-006 7.91952565e-006 7.90309672e-006 7.44386958e-006 6.46334072e-006 
7.50000000e-001 0.00000000e+000 2.00000000e+001 1.05504143e-006 5.71601537e-006 7.12714750e-006 7.35913503e-006 7.65247348e-006 7.66008473e-006 7.65011444e-006 7.23638693e-006 6.30763875e-006 
1.00000000e+000 3.50000000e+001 2.00000000e+001 1.48033043e-004 1.01911868e-004 6.52847847e-005 5.77789799e-005 4.44769663e-005 4.09294095e-005 3.94811566e-005 3.06022340e-005 2.20983482e-005 
1.00000000e+000 3.48214286e+001 2.00000000e+001 1.33926501e-004 9.57231221e-005 6.21402933e-005 5.51735901e-005 4.27492015e-005 3.94138513e-005 3.80492544e-005 2.96298511e-005 2.14952319e-005 
1.00000000e+000 3.42857143e+001 2.00000000e+001 1.07475228e-004 8.31440578e-005 5.55263710e-005 4.96440253e-005 3.90110893e-005 3.61154813e-005 3.49250961e-005 2.74745957e-005 2.01340339e-005 
1.00000000e+000 3.33928571e+001 2.00000000e+001 7.91779420e-005 6.83168821e-005 4.74348051e-005 4.28151239e-005 3.43031664e-005 3.19369231e-005 3.09573782e-005 2.46954234e-005 1.83493449e-005 
1.00000000e+000 3.21428571e+001 2.00000000e+001 5.41537497e-005 5.35211629e-005 3.89909788e-005 3.56089395e-005 2.92191240e-005 2.73935096e-005 2.66307220e-005 2.16113866e-005 1.63317950e-005 
1.00000000e+000 3.05357143e+001 2.00000000e+001 3.47438177e-005 4.03205942e-005 3.10762799e-005 2.87725489e-005 2.42762882e-005 2.29444906e-005 2.23811820e-005 1.85274423e-005 1.42767851e-005 
1.00000000e+000 2.85714286e+001 2.00000000e+001 2.10402966e-005 2.93722446e-005 2.41423285e-005 2.27042189e-005 1.97712755e-005 1.88583706e-005 1.84657427e-005 1.56316442e-005 1.23102308e-005 
1.00000000e+000 2.62500000e+001 2.00000000e+001 1.21155071e-005 2.08747773e-005 1.84607106e-005 1.76711025e-005 1.59472457e-005 1.53678791e-005 1.51123728e-005 1.31152694e-005 1.05794605e-005 
1.00000000e+000 2.35714286e+001 2.00000000e+001 6.64592648e-006 1.44665775e-005 1.38684318e-005 1.35347128e-005 1.26963220e-005 1.23709709e-005 1.22212098e-005 1.08916263e-005 9.01184189e-006 
1.00000000e+000 2.05357143e+001 2.00000000e+001 3.50449739e-006 9.86893581e-006 1.03291567e-005 1.02926342e-005 1.00609909e-005 9.91794343e-006 9.84518604e-006 9.02074771e-006 7.66270318e-006 
1.00000000e+000 1.71428571e+001 2.00000000e+001 1.78925131e-006 6.67993166e-006 7.68296115e-006 7.82585612e-006 7.98465883e-006 7.96577737e-006 7.94638723e-006 7.48869652e-006 6.53146454e-006 
1.00000000e+000 1.33928571e+001 2.00000000e+001 9.01347500e-007 4.57460816e-006 5.80989674e-006 6.05265999e-006 6.44719737e-006 6.50832398e-006 6.52397736e-006 6.31891757e-006 5.65308954e-006 
1.00000000e+000 9.28571429e+000 2.00000000e+001 4.64668789e-007 3.25936835e-006 4.56197009e-006 4.85467233e-006 5.38015030e-006 5.48916454e-006 5.52623120e-006 5.48381380e-006 5.01613952e-006 
1.00000000e+000 4.82142857e+000 2.00000000e+001 2.68851079e-007 2.53306629e-006 3.83740031e-006 4.15221539e-006 4.74308805e-006 4.87769038e-006 4.92639394e-006 4.97605819e-006 4.62514526e-006 
1.00000000e+000 0.00000000e+000 2.00000000e+001 2.11953648e-007 2.29099524e-006 3.58703303e-006 3.90763546e-006 4.51804903e-006 4.66078767e-006 4.71324404e-006 4.79368010e-006 4.48306942e-006 
1.25000000e+000 3.50000000e+001 2.00000000e+001 1.46938504e-004 1.00652084e-004 6.42399453e-005 5.67856187e-005 4.35853363e-005 4.00706304e-005 3.86368788e-005 2.98728976e-005 2.15203519e-005 
1.25000000e+000 3.48214286e+001 2.00000000e+001 1.30267026e-004 9.33415219e-005 6.05326144e-005 5.37161910e-005 4.15539343e-005 3.82900504e-005 3.69551522e-005 2.87336436e-005 2.08163100e-005 
1.25000000e+000 3.42857143e+001 2.00000000e+001 1.00177916e-004 7.89160875e-005 5.29407490e-005 4.73694592e-005 3.72661526e-005 3.45079842e-005 3.33734632e-005 2.62663645e-005 1.92622201e-005 
1.25000000e+000 3.33928571e+001 2.00000000e+001 6.95599926e-005 6.24822844e-005 4.39151075e-005 3.97429064e-005 3.19981333e-005 2.98305012e-005 2.89314121e-005 2.31540402e-005 1.72656166e-005 
1.25000000e+000 3.21428571e+001 2.00000000e+001 4.41688303e-005 4.67526402e-005 3.48120199e-005 3.19505078e-005 2.64700253e-005 2.48832763e-005 2.42175900e-005 1.97847708e-005 1.50584669e-005 
1.25000000e+000 3.05357143e+001 2.00000000e+001 2.59333851e-005 3.33682799e-005 2.65931310e-005 2.48130684e-005 2.12566668e-005 2.01779236e-005 1.97182430e-005 1.65001170e-005 1.28599804e-005 
1.25000000e+000 2.85714286e+001 2.00000000e+001 1.41717341e-005 2.28478877e-005 1.96841558e-005 1.87161286e-005 1.66575218e-005 1.59881904e-005 1.56963745e-005 1.34963000e-005 1.08033941e-005 
1.25000000e+000 2.62500000e+001 2.00000000e+001 7.25869498e-006 1.51321842e-005 1.42471953e-005 1.38404953e-005 1.28639942e-005 1.25026979e-005 1.23387727e-005 1.09384508e-005 9.02071091e-006 
1.25000000e+000 2.35714286e+001 2.00000000e+001 3.49423266e-006 9.69840829e-006 1.00749167e-005 1.00216489e-005 9.76783187e-006 9.62386533e-006 9.55173918e-006 8.75218795e-006 7.45215588e-006 
1.25000000e+000 2.05357143e+001 2.00000000e+001 1.59487021e-006 6.07138622e-006 7.02535648e-006 7.17046531e-006 7.35677464e-006 7.35502666e-006 7.34429635e-006 6.96990871e-006 6.13757326e-006 
1.25000000e+000 1.71428571e+001 2.00000000e+001 6.94839541e-007 3.74145647e-006 4.86799366e-006 5.10790471e-006 5.53419743e-006 5.61845577e-006 5.64596443e-006 5.55701059e-006 5.06506068e-006 
1.25000000e+000 1.33928571e+001 2.00000000e+001 2.94059555e-007 2.31534949e-006 3.41692687e-006 3.69126383e-006 4.23136280e-006 4.36341419e-006 4.41302943e-006 4.50501894e-006 4.24830054e-006 
1.25000000e+000 9.28571429e+000 2.00000000e+001 1.25296283e-007 1.48667240e-006 2.49462603e-006 2.77318904e-006 3.35541458e-006 3.51106312e-006 3.57223165e-006 3.77079697e-006 3.66636627e-006 
1.25000000e+000 4.82142857e+000 2.00000000e+001 5.98242322e-008 1.05617101e-006 1.97891044e-006 2.25212255e-006 2.84456707e-006 3.01036541e-006 3.07686405e-006 3.33112655e-006 3.31301295e-006 
1.25000000e+000 0.00000000e+000 2.00000000e+001 4.25965534e-008 9.18349281e-007 1.80544758e-006 2.07504116e-006 2.66758129e-006 2.83596409e-006 2.90393444e-006 3.17560943e-006 3.18633562e-006 
1.50000000e+000 3.50000000e+001 2.00000000e+001 1.46205054e-004 9.98051906e-005 6.35350377e-005 5.61135599e-005 4.29752479e-005 3.94799115e-005 3.80546591e-005 2.93600128e-005 2.11021016e-005 
1.50000000e+000 3.48214286e+001 2.00000000e+001 1.27107230e-004 9.14237844e-005 5.92885756e-005 5.25992417e-005 4.06521501e-005 3.74445601e-005 3.61326983e-005 2.80599555e-005 2.03005192e-005 
1.50000000e+000 3.42857143e+001 2.00000000e+001 9.38154804e-005 7.53145190e-005 5.07942971e-005 4.54963138e-005 3.58527129e-005 3.32114390e-005 3.21240240e-005 2.53000361e-005 1.85644263e-005 
1.50000000e+000 3.33928571e+001 2.00000000e+001 6.15090234e-005 5.75358026e-005 4.09589931e-005 3.71729268e-005 3.00877730e-005 2.80893178e-005 2.72584507e-005 2.18868011e-005 1.63739794e-005 
1.50000000e+000 3.21428571e+001 2.00000000e+001 3.63263874e-005 4.11785517e-005 3.13520131e-005 2.89219414e-005 2.41975589e-005 2.28091512e-005 2.22239615e-005 1.82750599e-005 1.40014581e-005 
1.50000000e+000 3.05357143e+001 2.00000000e+001 1.95522915e-005 2.78844017e-005 2.29854452e-005 2.16151934e-005 1.88020826e-005 1.79247818e-005 1.75476884e-005 1.48377344e-005 1.16872917e-005 
1.50000000e+000 2.85714286e+001 2.00000000e+001 9.65652358e-006 1.79723532e-005 1.62320050e-005 1.56044033e-005 1.41917607e-005 1.37053355e-005 1.34895601e-005 1.17739516e-005 9.56933669e-006 
1.50000000e+000 2.62500000e+001 2.00000000e+001 4.40677110e-006 1.11105003e-005 1.11360427e-005 1.09777895e-005 1.05033898e-005 1.02932244e-005 1.01933640e-005 9.22214188e-006 7.76435274e-006 
1.50000000e+000 2.35714286e+001 2.00000000e+001 1.86450871e-006 6.59588575e-006 7.42182740e-006 7.52264081e-006 7.61144499e-006 7.58015641e-006 7.55711770e-006 7.11025209e-006 6.21944548e-006 
1.50000000e+000 2.05357143e+001 2.00000000e+001 7.37723954e-007 3.79479866e-006 4.84971433e-006 5.06757361e-006 5.44938132e-006 5.52238437e-006 5.54563279e-006 5.44222516e-006 4.95826359e-006 
1.50000000e+000 1.71428571e+001 2.00000000e+001 2.74710606e-007 2.13161989e-006 3.13109294e-006 3.38170695e-006 3.88296926e-006 4.00885705e-006 4.05688013e-006 4.16240707e-006 3.95681351e-006 
1.50000000e+000 1.33928571e+001 2.00000000e+001 9.78675119e-008 1.19215058e-006 2.03734529e-006 2.27979859e-006 2.80564242e-006 2.95327614e-006 3.01262673e-006 3.23537794e-006 3.21016644e-006 
1.50000000e+000 9.28571429e+000 2.00000000e+001 3.45124677e-008 6.87705088e-007 1.37758587e-006 1.59805648e-006 2.10650961e-006 2.25932023e-006 2.32247360e-006 2.60428017e-006 2.68826903e-006 
1.50000000e+000 4.82142857e+000 2.00000000e+001 1.35021067e-008 4.43049766e-007 1.02424544e-006 1.22538926e-006 1.70979987e-006 1.86164139e-006 1.92538802e-006 2.23309125e-006 2.37544781e-006 
1.50000000e+000 0.00000000e+000 2.00000000e+001 8.56385921e-009 3.68166606e-007 9.08791439e-007 1.10195730e-006 1.57507770e-006 1.72567013e-006 1.78923984e-006 2.10375846e-006 2.26472238e-006 
1.75000000e+000 3.50000000e+001 2.00000000e+001 1.45679422e-004 9.91964771e-005 6.30281159e-005 5.56299647e-005 4.25345033e-005 3.90521572e-005 3.76325491e-005 2.89841945e-005 2.07899047e-005 
1.75000000e+000 3.48214286e+001 2.00000000e+001 1.24272011e-004 8.97870716e-005 5.82624473e-005 5.16868617e-005 3.99298053e-005 3.67707244e-005 3.54784956e-005 2.75285459e-005 1.98937448e-005 
1.75000000e+000 3.42857143e+001 2.00000000e+001 8.81393546e-005 7.21303658e-005 4.89292336e-005 4.38790195e-005 3.46508101e-005 3.21141690e-005 3.10687116e-005 2.44925623e-005 1.79851123e-005 
1.75000000e+000 3.33928571e+001 2.00000000e+001 5.46397793e-005 5.32212416e-005 3.83874250e-005 3.49426519e-005 2.84419465e-005 2.65931084e-005 2.58224599e-005 2.08059492e-005 1.56165526e-005 
1.75000000e+000 3.21428571e+001 2.00000000e+001 3.00543654e-005 3.64730485e-005 2.84005003e-005 2.63356758e-005 2.22566610e-005 2.10383095e-005 2.05221625e-005 1.69876690e-005 1.30995232e-005 
1.75000000e+000 3.05357143e+001 2.00000000e+001 1.48473250e-005 2.34577232e-005 2.00027218e-005 1.89592848e-005 1.67482235e-005 1.60360283e-005 1.57268157e-005 1.34368886e-005 1.06931251e-005 
1.75000000e+000 2.85714286e+001 2.00000000e+001 6.63449488e-006 1.42463535e-005 1.34899050e-005 1.31123768e-005 1.21869249e-005 1.18415167e-005 1.16847237e-005 1.03506477e-005 8.53727155e-006 
1.75000000e+000 2.62500000e+001 2.00000000e+001 2.70063279e-006 8.23004938e-006 8.78183903e-006 8.78484305e-006 8.65166460e-006 8.54834637e-006 8.49430003e-006 7.83959974e-006 6.73320353e-006 
1.75000000e+000 2.35714286e+001 2.00000000e+001 1.00532520e-006 4.53078148e-006 5.52183951e-006 5.70266266e-006 5.98789556e-006 6.02660449e-006 6.03475886e-006 5.82626880e-006 5.23001984e-006 
1.75000000e+000 2.05357143e+001 2.00000000e+001 3.45152630e-007 2.39831728e-006 3.38426877e-006 3.61971243e-006 4.07702122e-006 4.18679308e-006 4.22772227e-006 4.28602012e-006 4.03475436e-006 
1.75000000e+000 1.71428571e+001 2.00000000e+001 1.09964397e-007 1.22935767e-006 2.03704498e-006 2.26369760e-006 2.75149534e-006 2.88758266e-006 2.94220674e-006 3.14279249e-006 3.11110443e-006 
1.75000000e+000 1.33928571e+001 2.00000000e+001 3.30226611e-008 6.21830240e-007 1.22834328e-006 1.42281671e-006 1.87670170e-006 2.01537607e-006 2.07312893e-006 2.33881484e-006 2.43796793e-006 
1.75000000e+000 9.28571429e+000 2.00000000e+001 9.65390117e-009 3.21857492e-007 7.67338875e-007 9.28099703e-007 1.33048574e-006 1.46192939e-006 1.51802916e-006 1.80607884e-006 1.97706222e-006 
1.75000000e+000 4.82142857e+000 2.00000000e+001 3.08471529e-009 1.86912576e-007 5.31996416e-007 6.68773593e-007 1.02996805e-006 1.15351846e-006 1.20709269e-006 1.49906717e-006 1.70485364e-006 
1.75000000e+000 0.00000000e+000 2.00000000e+001 1.72236548e-009 1.47616052e-007 4.57481319e-007 5.85232119e-007 9.30044832e-007 1.05009955e-006 1.10246592e-006 1.39371963e-006 1.60970326e-006 
2.00000000e+000 3.50000000e+001 2.00000000e+001 1.45284123e-004 9.87377587e-005 6.26459842e-005 5.52654130e-005 4.22019304e-005 3.87291066e-005 3.73136038e-005 2.86987451e-005 2.05501087e-005 
2.00000000e+000 3.48214286e+001 2.00000000e+001 1.21668208e-004 8.83373884e-005 5.73783088e-005 5.09074254e-005 3.93243539e-005 3.62091072e-005 3.49345019e-005 2.70920404e-005 1.95619802e-005 
2.00000000e+000 3.42857143e+001 2.00000000e+001 8.30027656e-005 6.92507284e-005 4.72609255e-005 4.24389203e-005 3.35935236e-005 3.11529913e-005 3.01459830e-005 2.37943902e-005 1.74891070e-005 
2.00000000e+000 3.33928571e+001 2.00000000e+001 4.87057470e-005 4.93911578e-005 3.61001974e-005 3.29609453e-005 2.69860957e-005 2.52721843e-005 2.45558328e-005 1.98582162e-005 1.49562171e-005 
2.00000000e+000 3.21428571e+001 2.00000000e+001 2.49774927e-005 3.24382148e-005 2.58342519e-005 2.40821231e-005 2.05615216e-005 1.94914955e-005 1.90356766e-005 1.58639046e-005 1.23127220e-005 
2.00000000e+000 3.05357143e+001 2.00000000e+001 1.13359908e-005 1.98310064e-005 1.74929446e-005 1.67124521e-005 1.49948678e-005 1.44201216e-005 1.41676570e-005 1.22318888e-005 9.83389618e-006 
2.00000000e+000 2.85714286e+001 2.00000000e+001 4.58686703e-006 1.13570288e-005 1.12747209e-005 1.10813075e-005 1.05261332e-005 1.02908640e-005 1.01804975e-005 9.15238854e-006 7.65925834e-006 
2.00000000e+000 2.62500000e+001 2.00000000e+001 1.66683609e-006 6.13616571e-006 6.97046525e-006 7.07594244e-006 7.17321395e-006 7.14581769e-006 7.12479911e-006 6.70696278e-006 5.87403374e-006 
2.00000000e+000 2.35714286e+001 2.00000000e+001 5.46322562e-007 3.13511369e-006 4.13841007e-006 4.35473125e-006 4.74486681e-006 4.82595494e-006 4.85361253e-006 4.80680094e-006 4.42534773e-006 
2.00000000e+000 2.05357143e+001 2.00000000e+001 1.62862175e-007 1.52813479e-006 2.38084524e-006 2.60640895e-006 3.07409490e-006 3.19855994e-006 3.24750611e-006 3.39919887e-006 3.30348670e-006 
2.00000000e+000 1.71428571e+001 2.00000000e+001 4.44230819e-008 7.15428635e-007 1.33695351e-006 1.52839765e-006 1.96538332e-006 2.09609824e-006 2.15013739e-006 2.38907454e-006 2.46005576e-006 
2.00000000e+000 1.33928571e+001 2.00000000e+001 1.12549579e-008 3.27572728e-007 7.47264660e-007 8.95622750e-007 1.26475704e-006 1.38512568e-006 1.43652870e-006 1.70057404e-006 1.86005778e-006 
2.00000000e+000 9.28571429e+000 2.00000000e+001 2.73141314e-009 1.52095596e-007 4.30664569e-007 5.42753586e-007 8.44993381e-007 9.50796482e-007 9.97114066e-007 1.25738432e-006 1.45819776e-006 
2.00000000e+000 4.82142857e+000 2.00000000e+001 7.12079227e-010 7.92726673e-008 2.77251373e-007 3.66063711e-007 6.21762808e-007 7.16115223e-007 7.58150383e-007 1.00768241e-006 1.22473495e-006 
2.00000000e+000 0.00000000e+000 2.00000000e+001 3.46530139e-010 5.91936814e-008 2.30309712e-007 3.10825648e-007 5.49190917e-007 6.39026367e-007 6.79323484e-007 9.23348615e-007 1.14415289e-006 
2.25000000e+000 3.50000000e+001 2.00000000e+001 1.44975712e-004 9.83796953e-005 6.23475289e-005 5.49806998e-005 4.19421815e-005 3.84767366e-005 3.70644011e-005 2.84752120e-005 2.03611339e-005 
2.25000000e+000 3.48214286e+001 2.00000000e+001 1.19240548e-004 8.70210274e-005 5.65929991e-005 5.02200683e-005 3.87994024e-005 3.57247853e-005 3.44664525e-005 2.67214531e-005 1.92833541e-005 
2.25000000e+000 3.42857143e+001 2.00000000e+001 7.83093908e-005 6.66075201e-005 4.57396181e-005 4.11298312e-005 3.26411319e-005 3.02901199e-005 2.93188927e-005 2.31748309e-005 1.70535966e-005 
2.25000000e+000 3.33928571e+001 2.00000000e+001 4.35347887e-005 4.59509489e-005 3.40356401e-005 3.11720722e-005 2.56746180e-005 2.40837278e-005 2.34169226e-005 1.90099708e-005 1.43685588e-005 
2.25000000e+000 3.21428571e+001 2.00000000e+001 2.08323368e-005 2.89413068e-005 2.35740493e-005 2.20914533e-005 1.90578571e-005 1.81184712e-005 1.77159280e-005 1.48658188e-005 1.16143081e-005 
2.25000000e+000 3.05357143e+001 2.00000000e+001 8.69235302e-006 1.68289402e-005 1.53555128e-005 1.47874238e-005 1.34767356e-005 1.30173787e-005 1.28128013e-005 1.11792394e-005 9.07984971e-006 
2.25000000e+000 2.85714286e+001 2.00000000e+001 3.18694526e-006 9.09353456e-006 9.46410068e-006 9.40552654e-006 9.13178831e-006 8.98296588e-006 8.90938057e-006 8.12917901e-006 6.90196102e-006 
2.25000000e+000 2.62500000e+001 2.00000000e+001 1.03453763e-006 4.59806407e-006 5.56024947e-006 5.72790748e-006 5.97735599e-006 6.00354027e-006 6.00626294e-006 5.76673821e-006 5.14923320e-006 
2.25000000e+000 2.35714286e+001 2.00000000e+001 2.98714343e-007 2.18162793e-006 3.11899949e-006 3.34411449e-006 3.78104789e-006 3.88620468e-006 3.92552329e-006 3.98738593e-006 3.76363433e-006 
2.25000000e+000 2.05357143e+001 2.00000000e+001 7.73585868e-008 9.79774384e-007 1.68540346e-006 1.88849061e-006 2.33215916e-006 2.45848641e-006 2.50968809e-006 2.71140121e-006 2.71883688e-006 
2.25000000e+000 1.71428571e+001 2.00000000e+001 1.80737485e-008 4.19229335e-007 8.83503349e-007 1.03896795e-006 1.41301287e-006 1.53125364e-006 1.58120212e-006 1.82657190e-006 1.95490358e-006 
2.25000000e+000 1.33928571e+001 2.00000000e+001 3.86555620e-009 1.73891394e-007 4.57919481e-007 5.67757189e-007 8.57788143e-007 9.57784705e-007 1.00137266e-006 1.24289512e-006 1.42508538e-006 
2.25000000e+000 9.28571429e+000 2.00000000e+001 7.79568240e-010 7.24480316e-008 2.43302017e-007 3.19344795e-007 5.39346283e-007 6.21254180e-007 6.57909270e-007 8.78555742e-007 1.07844342e-006 
2.25000000e+000 4.82142857e+000 2.00000000e+001 1.65824904e-010 3.37860259e-008 1.44953776e-007 2.00934063e-007 3.76114093e-007 4.45397420e-007 4.77024902e-007 6.78269107e-007 8.80651784e-007 
2.25000000e+000 0.00000000e+000 2.00000000e+001 6.97454262e-011 2.37393902e-008 1.15952693e-007 1.65093819e-007 3.24310007e-007 3.88886339e-007 4.18603557e-007 6.11739774e-007 8.13260516e-007 
2.50000000e+000 3.50000000e+001 2.00000000e+001 1.44727942e-004 9.80924719e-005 6.21079461e-005 5.47521412e-005 4.17336828e-005 3.82741580e-005 3.68643590e-005 2.82956291e-005 2.02088076e-005 
2.50000000e+000 3.48214286e+001 2.00000000e+001 1.16953511e-004 8.58047630e-005 5.58801195e-005 4.95998137e-005 3.83325604e-005 3.52961645e-005 3.40531038e-005 2.63983928e-005 1.90434547e-005 
2.50000000e+000 3.42857143e+001 2.00000000e+001 7.39911571e-005 6.41561643e-005 4.43337329e-005 3.99226023e-005 3.17686346e-005 2.95017132e-005 2.85640908e-005 2.26141416e-005 1.66634035e-005 
2.50000000e+000 3.33928571e+001 2.00000000e+001 3.89995301e-005 4.28349748e-005 3.21527306e-005 2.95393214e-005 2.44778572e-005 2.29999076e-005 2.23786490e-005 1.82391098e-005 1.38370849e-005 
2.50000000e+000 3.21428571e+001 2.00000000e+001 1.74257149e-005 2.58870114e-005 2.15650653e-005 2.03158493e-005 1.77091417e-005 1.68855191e-005 1.65303325e-005 1.39678349e-005 1.09858634e-005 
2.50000000e+000 3.05357143e+001 2.00000000e+001 6.68862377e-006 1.43250548e-005 1.35193022e-005 1.31229918e-005 1.21487324e-005 1.17866842e-005 1.16227275e-005 1.02489276e-005 8.41008953e-006 
2.50000000e+000 2.85714286e+001 2.00000000e+001 2.22322966e-006 7.30687773e-006 7.97148898e-006 8.01052075e-006 7.94956570e-006 7.86858246e-006 7.82417618e-006 7.24590928e-006 6.24156167e-006 
2.50000000e+000 2.62500000e+001 2.00000000e+001 6.45013619e-007 3.45940321e-006 4.45280642e-006 4.65494492e-006 5.00062775e-006 5.06394131e-006 5.08351424e-006 4.97814522e-006 4.53157025e-006 
2.50000000e+000 2.35714286e+001 2.00000000e+001 1.64141276e-007 1.52496327e-006 2.36113009e-006 2.57944122e-006 3.02645855e-006 3.14342829e-006 3.18907789e-006 3.32226818e-006 3.21441172e-006 
2.50000000e+000 2.05357143e+001 2.00000000e+001 3.69417318e-008 6.31305129e-007 1.19899114e-006 1.37508343e-006 1.77801853e-006 1.89893090e-006 1.94900023e-006 2.17303987e-006 2.24751634e-006 
2.50000000e+000 1.71428571e+001 2.00000000e+001 7.39538145e-009 2.47002229e-007 5.87039674e-007 7.10114465e-007 1.02129517e-006 1.12449226e-006 1.16886875e-006 1.40332164e-006 1.56020053e-006 
2.50000000e+000 1.33928571e+001 2.00000000e+001 1.33576916e-009 9.28727092e-008 2.82280638e-007 3.62014894e-007 5.84922041e-007 6.65755668e-007 7.01632484e-007 9.12535450e-007 1.09597300e-006 
2.50000000e+000 9.28571429e+000 2.00000000e+001 2.24022872e-010 3.47371188e-008 1.38237428e-007 1.88904536e-007 3.45812381e-007 4.07650537e-007 4.35884687e-007 6.15927729e-007 7.99648341e-007 
2.50000000e+000 4.82142857e+000 2.00000000e+001 3.89035523e-011 1.44647721e-008 7.60159645e-008 1.10589706e-007 2.27970299e-007 2.77519986e-007 3.00659606e-007 4.57133694e-007 6.33821105e-007 
2.50000000e+000 0.00000000e+000 2.00000000e+001 1.40426320e-011 9.52173474e-009 5.83820148e-008 8.76940263e-008 1.91520327e-007 2.36669439e-007 2.57955038e-007 4.05301731e-007 5.78073011e-007 
END