TITLE="2RS_E_WD035.dat"
VARIABLES= "Density" "Radius" "Height" "0.1053" "0.356" "0.6617" "0.7889" "1.1732" "1.3325" "1.408" "2" "3" 
ZONE T="3D Data" I=11 J=15 K=3 F=POINT
0.00000000e+000 3.50000000e+001 0.00000000e+000 2.39178064e-004 1.62040977e-004 1.03365717e-004 9.14139716e-005 7.02088228e-005 6.45229013e-005 6.21944485e-005 4.78429029e-005 3.39681425e-005 
0.00000000e+000 3.48214286e+001 0.00000000e+000 2.37978228e-004 1.61227902e-004 1.02853861e-004 9.09639125e-005 6.98688397e-005 6.42123142e-005 6.18958462e-005 4.76166385e-005 3.38090621e-005 
0.00000000e+000 3.42857143e+001 0.00000000e+000 2.34145701e-004 1.58664697e-004 1.01240256e-004 8.95451874e-005 6.87971471e-005 6.32332780e-005 6.09545825e-005 4.69032862e-005 3.33071821e-005 
0.00000000e+000 3.33928571e+001 0.00000000e+000 2.28313393e-004 1.54788239e-004 9.88290622e-005 8.74314681e-005 6.72097412e-005 6.17855813e-005 5.95637278e-005 4.58534098e-005 3.25707204e-005 
0.00000000e+000 3.21428571e+001 0.00000000e+000 2.20665474e-004 1.49740637e-004 9.56814937e-005 8.46720700e-005 6.51412086e-005 5.99009966e-005 5.77539825e-005 4.44912449e-005 3.16167085e-005 
0.00000000e+000 3.05357143e+001 0.00000000e+000 2.11926674e-004 1.43948230e-004 9.20955077e-005 8.15378875e-005 6.28107293e-005 5.77837119e-005 5.57232316e-005 4.29732977e-005 3.05584463e-005 
0.00000000e+000 2.85714286e+001 0.00000000e+000 2.03662670e-004 1.38526027e-004 8.87838684e-005 7.86593184e-005 6.07043398e-005 5.58810541e-005 5.39028995e-005 4.16321944e-005 2.96326386e-005 
0.00000000e+000 2.62500000e+001 0.00000000e+000 1.96572786e-004 1.33893045e-004 8.60200792e-005 7.62847079e-005 5.90257837e-005 5.43833298e-005 5.24774824e-005 4.06125566e-005 2.89414244e-005 
0.00000000e+000 2.35714286e+001 0.00000000e+000 1.92843345e-004 1.31389544e-004 8.46923221e-005 7.52169459e-005 5.84151328e-005 5.38820248e-005 5.20179435e-005 4.03536470e-005 2.87956611e-005 
0.00000000e+000 2.05357143e+001 0.00000000e+000 1.96357050e-004 1.33766837e-004 8.66532676e-005 7.70940609e-005 6.00906024e-005 5.54787304e-005 5.35783753e-005 4.16316734e-005 2.97329005e-005 
0.00000000e+000 1.71428571e+001 0.00000000e+000 2.14909007e-004 1.45949855e-004 9.45268682e-005 8.40880589e-005 6.54940460e-005 6.04445896e-005 5.83637581e-005 4.53009389e-005 3.23453956e-005 
0.00000000e+000 1.33928571e+001 0.00000000e+000 2.46261025e-004 1.66883467e-004 1.07983279e-004 9.59787529e-005 7.45237526e-005 6.86936333e-005 6.62931872e-005 5.13014930e-005 3.65889345e-005 
0.00000000e+000 9.28571429e+000 0.00000000e+000 2.93792240e-004 1.98420942e-004 1.27502164e-004 1.12994447e-004 8.70819873e-005 8.00796979e-005 7.72057971e-005 5.94456223e-005 4.23179949e-005 
0.00000000e+000 4.82142857e+000 0.00000000e+000 3.34920934e-004 2.25980686e-004 1.44491915e-004 1.27778341e-004 9.79530773e-005 8.99273337e-005 8.66408028e-005 6.64771293e-005 4.72634737e-005 
0.00000000e+000 0.00000000e+000 0.00000000e+000 3.60433577e-004 2.42651720e-004 1.54675287e-004 1.36627177e-004 1.04444623e-004 9.58043891e-005 9.22703447e-005 7.06678499e-005 5.02083297e-005 
2.50000000e-001 3.50000000e+001 0.00000000e+000 1.80581289e-004 1.30782392e-004 8.64071774e-005 7.71542783e-005 6.04997437e-005 5.59537582e-005 5.40799489e-005 4.22874382e-005 3.05433873e-005 
2.50000000e-001 3.48214286e+001 0.00000000e+000 1.75452837e-004 1.28393098e-004 8.51343309e-005 7.60833204e-005 5.97629134e-005 5.52994264e-005 5.34583883e-005 4.18500235e-005 3.02597744e-005 
2.50000000e-001 3.42857143e+001 0.00000000e+000 1.63991806e-004 1.22672742e-004 8.19775479e-005 7.34012168e-005 5.78775546e-005 5.36139369e-005 5.18527340e-005 4.06998765e-005 2.94992717e-005 
2.50000000e-001 3.33928571e+001 0.00000000e+000 1.49272618e-004 1.15004502e-004 7.76850713e-005 6.97405438e-005 5.52839325e-005 5.12899178e-005 4.96366677e-005 3.91034868e-005 2.84374264e-005 
2.50000000e-001 3.21428571e+001 0.00000000e+000 1.32976413e-004 1.06134712e-004 7.26117739e-005 6.53903943e-005 5.21695403e-005 4.84913640e-005 4.69650159e-005 3.71658620e-005 2.71389090e-005 
2.50000000e-001 3.05357143e+001 0.00000000e+000 1.16418943e-004 9.67489034e-005 6.71783177e-005 6.07206943e-005 4.88145478e-005 4.54745163e-005 4.40842467e-005 3.50739939e-005 2.57343867e-005 
2.50000000e-001 2.85714286e+001 0.00000000e+000 1.01116195e-004 8.79138154e-005 6.20615786e-005 5.63289151e-005 4.56781841e-005 4.26618869e-005 4.14018430e-005 3.31425603e-005 2.44489072e-005 
2.50000000e-001 2.62500000e+001 0.00000000e+000 8.74779947e-005 7.99498922e-005 5.74876895e-005 5.24232138e-005 4.29349336e-005 4.02174609e-005 3.90772154e-005 3.14988078e-005 2.33742660e-005 
2.50000000e-001 2.35714286e+001 0.00000000e+000 7.62550489e-005 7.36087485e-005 5.40260947e-005 4.95336339e-005 4.10328471e-005 3.85625313e-005 3.75200398e-005 3.04722699e-005 2.27547220e-005 
2.50000000e-001 2.05357143e+001 0.00000000e+000 6.83591645e-005 7.01369117e-005 5.27021676e-005 4.86088065e-005 4.07429073e-005 3.84121802e-005 3.74218451e-005 3.06048799e-005 2.29894265e-005 
2.50000000e-001 1.71428571e+001 0.00000000e+000 6.52229229e-005 7.15139540e-005 5.48113724e-005 5.07720421e-005 4.28858192e-005 4.05111240e-005 3.94972786e-005 3.24423975e-005 2.44871925e-005 
2.50000000e-001 1.33928571e+001 0.00000000e+000 6.55299398e-005 7.68018651e-005 5.99412079e-005 5.57100965e-005 4.72835952e-005 4.47067932e-005 4.36029995e-005 3.58859368e-005 2.71811150e-005 
2.50000000e-001 9.28571429e+000 0.00000000e+000 6.98697610e-005 8.66471342e-005 6.82560504e-005 6.34750053e-005 5.38290445e-005 5.08668390e-005 4.95989693e-005 4.07840496e-005 3.09509488e-005 
2.50000000e-001 4.82142857e+000 0.00000000e+000 7.39594644e-005 9.53402410e-005 7.55277621e-005 7.02494438e-005 5.95158650e-005 5.62137809e-005 5.48016433e-005 4.50269596e-005 3.42131769e-005 
2.50000000e-001 0.00000000e+000 0.00000000e+000 7.74534168e-005 1.01087023e-004 8.01444000e-005 7.45208637e-005 6.30589229e-005 5.95346920e-005 5.80288209e-005 4.76394015e-005 3.62065886e-005 
5.00000000e-001 3.50000000e+001 0.00000000e+000 1.69715313e-004 1.20673165e-004 7.94845431e-005 7.09803877e-005 5.57524676e-005 5.16108227e-005 4.99049654e-005 3.91605524e-005 2.84321974e-005 
5.00000000e-001 3.48214286e+001 0.00000000e+000 1.61312860e-004 1.16889921e-004 7.75213740e-005 6.93424923e-005 5.46483051e-005 5.06370213e-005 4.89827421e-005 3.85245494e-005 2.80302340e-005 
5.00000000e-001 3.42857143e+001 0.00000000e+000 1.44064318e-004 1.08538330e-004 7.30255189e-005 6.55527748e-005 5.20343285e-005 4.83149839e-005 4.67768826e-005 3.69736945e-005 2.70288032e-005 
5.00000000e-001 3.33928571e+001 0.00000000e+000 1.23479591e-004 9.79589972e-005 6.71979273e-005 6.06104908e-005 4.85808746e-005 4.52353655e-005 4.38466087e-005 3.48937504e-005 2.56727219e-005 
5.00000000e-001 3.21428571e+001 0.00000000e+000 1.02355414e-004 8.63951718e-005 6.06429489e-005 5.50101224e-005 4.46087865e-005 4.16781089e-005 4.04558493e-005 3.24617141e-005 2.40696963e-005 
5.00000000e-001 3.05357143e+001 0.00000000e+000 8.24479829e-005 7.47630610e-005 5.38977064e-005 4.92170256e-005 4.04589501e-005 3.79517748e-005 3.69000978e-005 2.98959875e-005 2.23685195e-005 
5.00000000e-001 2.85714286e+001 0.00000000e+000 6.51263386e-005 6.40889553e-005 4.76168113e-005 4.38088531e-005 3.65744461e-005 3.44637399e-005 3.35721405e-005 2.74996700e-005 2.07862036e-005 
5.00000000e-001 2.62500000e+001 0.00000000e+000 5.05802368e-005 5.46213073e-005 4.19900670e-005 3.89626362e-005 3.31067694e-005 3.13572016e-005 3.06115256e-005 2.53859530e-005 1.94058866e-005 
5.00000000e-001 2.35714286e+001 0.00000000e+000 3.89663457e-005 4.67822709e-005 3.73881084e-005 3.50338193e-005 3.03742522e-005 2.89365462e-005 2.83163454e-005 2.38050083e-005 1.84212430e-005 
5.00000000e-001 2.05357143e+001 0.00000000e+000 3.02063864e-005 4.10706158e-005 3.43545273e-005 3.25536341e-005 2.88551010e-005 2.76580484e-005 2.71330499e-005 2.31312941e-005 1.81267608e-005 
5.00000000e-001 1.71428571e+001 0.00000000e+000 2.41986616e-005 3.81748470e-005 3.34826883e-005 3.20666909e-005 2.89957978e-005 2.79409463e-005 2.74697961e-005 2.37046408e-005 1.88002428e-005 
5.00000000e-001 1.33928571e+001 0.00000000e+000 2.01418247e-005 3.73750234e-005 3.43861165e-005 3.32612031e-005 3.06003924e-005 2.96143289e-005 2.91651365e-005 2.54119966e-005 2.03647521e-005 
5.00000000e-001 9.28571429e+000 0.00000000e+000 1.79449111e-005 3.88809219e-005 3.71160559e-005 3.61365488e-005 3.35850698e-005 3.25795234e-005 3.21156212e-005 2.81411975e-005 2.27267182e-005 
5.00000000e-001 4.82142857e+000 0.00000000e+000 1.66962074e-005 4.05190890e-005 3.96434052e-005 3.87579620e-005 3.62502235e-005 3.52159489e-005 3.47346852e-005 3.05438084e-005 2.47918333e-005 
5.00000000e-001 0.00000000e+000 0.00000000e+000 1.66439701e-005 4.21121840e-005 4.15265278e-005 4.06460943e-005 3.80721251e-005 3.69960121e-005 3.64943339e-005 3.21152112e-005 2.61095560e-005 
7.50000000e-001 3.50000000e+001 0.00000000e+000 1.65641831e-004 1.16361716e-004 7.61824840e-005 6.79323965e-005 5.32166666e-005 4.92318249e-005 4.75930300e-005 3.73077246e-005 2.70856276e-005 
7.50000000e-001 3.48214286e+001 0.00000000e+000 1.54314018e-004 1.11308390e-004 7.35829363e-005 6.57700196e-005 5.17699000e-005 4.79592718e-005 4.63893199e-005 3.64844419e-005 2.65711321e-005 
7.50000000e-001 3.42857143e+001 0.00000000e+000 1.32295494e-004 1.00688936e-004 6.79062610e-005 6.09971937e-005 4.84997370e-005 4.50613419e-005 4.36393842e-005 3.45659186e-005 2.53457144e-005 
7.50000000e-001 3.33928571e+001 0.00000000e+000 1.07424359e-004 8.77841899e-005 6.08030649e-005 5.49784981e-005 4.43071932e-005 4.13276000e-005 4.00889498e-005 3.20582960e-005 2.37243133e-005 
7.50000000e-001 3.21428571e+001 0.00000000e+000 8.33996193e-005 7.42759611e-005 5.31030899e-005 4.83949299e-005 3.96354384e-005 3.71446587e-005 3.61024369e-005 2.92053147e-005 2.18547521e-005 
7.50000000e-001 3.05357143e+001 0.00000000e+000 6.22027893e-005 6.12636146e-005 4.54454130e-005 4.17972309e-005 3.48820895e-005 3.28705620e-005 3.20219374e-005 2.62560495e-005 1.99038855e-005 
7.50000000e-001 2.85714286e+001 0.00000000e+000 4.49410322e-005 4.97223426e-005 3.84653615e-005 3.57474983e-005 3.04792219e-005 2.89025762e-005 2.82304727e-005 2.35058961e-005 1.80831207e-005 
7.50000000e-001 2.62500000e+001 0.00000000e+000 3.14926699e-005 3.98253926e-005 3.23200149e-005 3.03956911e-005 2.65594267e-005 2.53669606e-005 2.48514496e-005 2.10566314e-005 1.64683918e-005 
7.50000000e-001 2.35714286e+001 0.00000000e+000 2.15471897e-005 3.17729622e-005 2.72450140e-005 2.59777375e-005 2.33498051e-005 2.24849892e-005 2.21032424e-005 1.90997869e-005 1.52144166e-005 
7.50000000e-001 2.05357143e+001 0.00000000e+000 1.45250026e-005 2.56617642e-005 2.34952246e-005 2.27667202e-005 2.11347906e-005 2.05380889e-005 2.02652799e-005 1.78895318e-005 1.45363322e-005 
7.50000000e-001 1.71428571e+001 0.00000000e+000 9.82223158e-006 2.15929011e-005 2.12883300e-005 2.09849813e-005 2.01342996e-005 1.97434253e-005 1.95533998e-005 1.76278970e-005 1.46182339e-005 
7.50000000e-001 1.33928571e+001 0.00000000e+000 6.73712583e-006 1.90013322e-005 2.02859549e-005 2.03491567e-005 2.01578097e-005 1.99323754e-005 1.98074646e-005 1.82000334e-005 1.53803718e-005 
7.50000000e-001 9.28571429e+000 0.00000000e+000 4.88888697e-006 1.78754883e-005 2.04781263e-005 2.08313185e-005 2.11405614e-005 2.10323493e-005 2.09522105e-005 1.95248937e-005 1.67519753e-005 
7.50000000e-001 4.82142857e+000 0.00000000e+000 3.84711114e-006 1.73431200e-005 2.08930434e-005 2.14577929e-005 2.21328766e-005 2.21090470e-005 2.20608014e-005 2.07499883e-005 1.79832465e-005 
7.50000000e-001 0.00000000e+000 0.00000000e+000 3.57663219e-006 1.75436701e-005 2.15168277e-005 2.21697052e-005 2.29862326e-005 2.29900446e-005 2.29512968e-005 2.16498721e-005 1.88283131e-005 
1.00000000e+000 3.50000000e+001 0.00000000e+000 1.63487035e-004 1.14045527e-004 7.43476583e-005 6.62139625e-005 5.17284599e-005 4.78149032e-005 4.62069044e-005 3.61459576e-005 2.61937463e-005 
1.00000000e+000 3.48214286e+001 0.00000000e+000 1.49466482e-004 1.07808251e-004 7.11512638e-005 6.35587872e-005 4.99583778e-005 4.62599995e-005 4.47369864e-005 3.51447838e-005 2.55717750e-005 
1.00000000e+000 3.42857143e+001 0.00000000e+000 1.23356108e-004 9.51743032e-005 6.44102646e-005 5.78962407e-005 4.60888858e-005 4.28345174e-005 4.14880032e-005 3.28862334e-005 2.41372180e-005 
1.00000000e+000 3.33928571e+001 0.00000000e+000 9.52139457e-005 8.03426799e-005 5.62186398e-005 5.09520596e-005 4.12503288e-005 3.85261005e-005 3.73915384e-005 2.99968900e-005 2.22754143e-005 
1.00000000e+000 3.21428571e+001 0.00000000e+000 6.94557691e-005 6.53866418e-005 4.76135812e-005 4.35800204e-005 3.60005346e-005 3.38216445e-005 3.29065988e-005 2.67836900e-005 2.01723073e-005 
1.00000000e+000 3.05357143e+001 0.00000000e+000 4.80920256e-005 5.15397163e-005 3.93196328e-005 3.64044034e-005 3.07885082e-005 2.91246298e-005 2.84183002e-005 2.35248780e-005 1.80123237e-005 
1.00000000e+000 2.85714286e+001 0.00000000e+000 3.18385691e-005 3.97030335e-005 3.19491728e-005 2.99704898e-005 2.60369260e-005 2.48242113e-005 2.43020099e-005 2.05103296e-005 1.60028572e-005 
1.00000000e+000 2.62500000e+001 0.00000000e+000 2.01529068e-005 2.99546044e-005 2.56237600e-005 2.44004439e-005 2.18610984e-005 2.10315931e-005 2.06669350e-005 1.78321773e-005 1.42137692e-005 
1.00000000e+000 2.35714286e+001 0.00000000e+000 1.22577745e-005 2.23091054e-005 2.04756685e-005 1.98400111e-005 1.84201033e-005 1.79059710e-005 1.76718210e-005 1.56373504e-005 1.27692546e-005 
1.00000000e+000 2.05357143e+001 0.00000000e+000 7.20477617e-006 1.66107543e-005 1.65758431e-005 1.63951048e-005 1.58669706e-005 1.56082790e-005 1.54801850e-005 1.40927234e-005 1.18239773e-005 
1.00000000e+000 1.71428571e+001 0.00000000e+000 4.14236788e-006 1.26639874e-005 1.39325495e-005 1.41028729e-005 1.42820377e-005 1.42284020e-005 1.41855684e-005 1.33073921e-005 1.14947472e-005 
1.00000000e+000 1.33928571e+001 0.00000000e+000 2.35797269e-006 9.97594861e-006 1.22438558e-005 1.27057986e-005 1.34854636e-005 1.36056926e-005 1.36348692e-005 1.31696136e-005 1.17026290e-005 
1.00000000e+000 9.28571429e+000 0.00000000e+000 1.38893377e-006 8.39170754e-006 1.14484142e-005 1.21470113e-005 1.34180001e-005 1.36794117e-005 1.37667968e-005 1.36183454e-005 1.23938494e-005 
1.00000000e+000 4.82142857e+000 0.00000000e+000 9.02969152e-007 7.47404660e-006 1.10548829e-005 1.19201484e-005 1.35455502e-005 1.39097824e-005 1.40395832e-005 1.41172192e-005 1.30577347e-005 
1.00000000e+000 0.00000000e+000 0.00000000e+000 7.68586302e-007 7.30858774e-006 1.11488751e-005 1.20920845e-005 1.38780544e-005 1.42864659e-005 1.44340800e-005 1.45948607e-005 1.35776116e-005 
1.25000000e+000 3.50000000e+001 0.00000000e+000 1.62145014e-004 1.12595511e-004 7.31928246e-005 6.51282033e-005 5.07741385e-005 4.69001042e-005 4.53090656e-005 3.53742799e-005 2.55791351e-005 
1.25000000e+000 3.48214286e+001 0.00000000e+000 1.45607444e-004 1.05239596e-004 6.94298938e-005 6.20046754e-005 4.86959237e-005 4.50758650e-005 4.35851097e-005 3.42028961e-005 2.48539726e-005 
1.25000000e+000 3.42857143e+001 0.00000000e+000 1.15913710e-004 9.07831474e-005 6.17140078e-005 5.55245919e-005 4.42719872e-005 4.11613144e-005 3.98730658e-005 3.16270255e-005 2.32229178e-005 
1.25000000e+000 3.33928571e+001 0.00000000e+000 8.52362483e-005 7.43206347e-005 5.25753229e-005 4.77697889e-005 3.88598862e-005 3.63406327e-005 3.52890400e-005 2.83932562e-005 2.11416788e-005 
1.25000000e+000 3.21428571e+001 0.00000000e+000 5.85369671e-005 5.82736058e-005 4.32425969e-005 3.97548645e-005 3.31257339e-005 3.11957788e-005 3.03818349e-005 2.48689616e-005 1.88328122e-005 
1.25000000e+000 3.05357143e+001 0.00000000e+000 3.76798236e-005 4.39625494e-005 3.45090175e-005 3.21652958e-005 2.75640054e-005 2.61710684e-005 2.55754740e-005 2.13596461e-005 1.64975835e-005 
1.25000000e+000 2.85714286e+001 0.00000000e+000 2.28730535e-005 3.21859043e-005 2.69563417e-005 2.55248145e-005 2.25871850e-005 2.16474528e-005 2.12378183e-005 1.81506191e-005 1.43403312e-005 
1.25000000e+000 2.62500000e+001 0.00000000e+000 1.30776752e-005 2.28997228e-005 2.06633853e-005 1.99234079e-005 1.82926835e-005 1.77210938e-005 1.74640956e-005 1.53252141e-005 1.24255971e-005 
1.25000000e+000 2.35714286e+001 0.00000000e+000 7.06913990e-006 1.59398922e-005 1.56725243e-005 1.54306402e-005 1.47847797e-005 1.45016072e-005 1.43655587e-005 1.29950374e-005 1.08530984e-005 
1.25000000e+000 2.05357143e+001 0.00000000e+000 3.62502093e-006 1.09615000e-005 1.19258221e-005 1.20356620e-005 1.21234552e-005 1.20638592e-005 1.20225811e-005 1.12623880e-005 9.73096876e-006 
1.25000000e+000 1.71428571e+001 0.00000000e+000 1.77906782e-006 7.59285018e-006 9.30472532e-006 9.66186403e-006 1.02996161e-005 1.04148949e-005 1.04485501e-005 1.01725784e-005 9.12730096e-006 
1.25000000e+000 1.33928571e+001 0.00000000e+000 8.45814027e-007 5.35820819e-006 7.52442450e-006 8.06548480e-006 9.14110440e-006 9.40047497e-006 9.49630773e-006 9.61763938e-006 8.96530781e-006 
1.25000000e+000 9.28571429e+000 0.00000000e+000 4.06069207e-007 4.00896208e-006 6.47592199e-006 7.15684129e-006 8.58210773e-006 8.95910349e-006 9.10592707e-006 9.54624091e-006 9.20226447e-006 
1.25000000e+000 4.82142857e+000 0.00000000e+000 2.15410197e-007 3.24189499e-006 5.87184805e-006 6.64371005e-006 8.30933224e-006 8.76946988e-006 8.95254728e-006 9.61852166e-006 9.49081087e-006 
1.25000000e+000 0.00000000e+000 0.00000000e+000 1.65162711e-007 3.04471611e-006 5.77675620e-006 6.59542196e-006 8.37894775e-006 8.87789290e-006 9.07760081e-006 9.83885680e-006 9.79118821e-006 
1.50000000e+000 3.50000000e+001 0.00000000e+000 1.61225032e-004 1.11597164e-004 7.23972767e-005 6.43800175e-005 5.01145230e-005 4.62664410e-005 4.46864220e-005 3.48330217e-005 2.51385338e-005 
1.50000000e+000 3.48214286e+001 0.00000000e+000 1.42311660e-004 1.03175351e-004 6.80922803e-005 6.08078873e-005 4.77405066e-005 4.41834691e-005 4.27183580e-005 3.34977802e-005 2.43138048e-005 
1.50000000e+000 3.42857143e+001 0.00000000e+000 1.09439222e-004 8.70511022e-005 5.94737126e-005 5.35686161e-005 4.27986328e-005 3.98112554e-005 3.85726702e-005 3.06234163e-005 2.24969807e-005 
1.50000000e+000 3.33928571e+001 0.00000000e+000 7.67908732e-005 6.91917995e-005 4.95004803e-005 4.50948042e-005 3.68712445e-005 3.45286700e-005 3.35483529e-005 2.70758342e-005 2.02139345e-005 
1.50000000e+000 3.21428571e+001 0.00000000e+000 4.97150031e-005 5.23264630e-005 3.95779428e-005 3.65506636e-005 3.07268948e-005 2.90079964e-005 2.82796761e-005 2.32804445e-005 1.77225844e-005 
1.50000000e+000 3.05357143e+001 0.00000000e+000 2.97737965e-005 3.78178348e-005 3.05513377e-005 2.86705185e-005 2.48993618e-005 2.37295123e-005 2.32251801e-005 1.95678606e-005 1.52401469e-005 
1.50000000e+000 2.85714286e+001 0.00000000e+000 1.65768161e-005 2.63316445e-005 2.29619642e-005 2.19497809e-005 1.97885457e-005 1.90644380e-005 1.87440020e-005 1.62188728e-005 1.29683749e-005 
1.50000000e+000 2.62500000e+001 0.00000000e+000 8.55938129e-006 1.76752921e-005 1.68363471e-005 1.64396449e-005 1.54716335e-005 1.50924094e-005 1.49162060e-005 1.33080185e-005 1.09668605e-005 
1.50000000e+000 2.35714286e+001 0.00000000e+000 4.11006875e-006 1.15039378e-005 1.21309980e-005 1.21388624e-005 1.20049380e-005 1.18803248e-005 1.18123738e-005 1.09174647e-005 9.31508515e-006 
1.50000000e+000 2.05357143e+001 0.00000000e+000 1.83882348e-006 7.31414646e-006 8.68750270e-006 8.94708207e-006 9.37838304e-006 9.43826156e-006 9.45025276e-006 9.10029320e-006 8.08482408e-006 
1.50000000e+000 1.71428571e+001 0.00000000e+000 7.71907516e-007 4.61463558e-006 6.30135597e-006 6.71061309e-006 7.52171235e-006 7.71625941e-006 7.78790049e-006 7.85666226e-006 7.30836724e-006 
1.50000000e+000 1.33928571e+001 0.00000000e+000 3.07762725e-007 2.92409187e-006 4.68914243e-006 5.18751850e-006 6.26482706e-006 6.56220392e-006 6.68031672e-006 7.08090565e-006 6.91102316e-006 
1.50000000e+000 9.28571429e+000 0.00000000e+000 1.21051891e-007 1.94281800e-006 3.70109454e-006 4.25577237e-006 5.52783120e-006 5.90536595e-006 6.06023569e-006 6.72336126e-006 6.85588297e-006 
1.50000000e+000 4.82142857e+000 0.00000000e+000 5.21122666e-008 1.41479271e-006 3.13042153e-006 3.71472212e-006 5.10884068e-006 5.53999815e-006 5.71979906e-006 6.56274265e-006 6.90509046e-006 
1.50000000e+000 0.00000000e+000 0.00000000e+000 3.54921550e-008 1.26841237e-006 2.99321019e-006 3.59736210e-006 5.05883469e-006 5.51689974e-006 5.70890932e-006 6.63268530e-006 7.06069515e-006 
1.75000000e+000 3.50000000e+001 0.00000000e+000 1.60552344e-004 1.10865696e-004 7.18136915e-005 6.38312535e-005 4.96309308e-005 4.58017926e-005 4.42297700e-005 3.44346597e-005 2.48106524e-005 
1.75000000e+000 3.48214286e+001 0.00000000e+000 1.39381087e-004 1.01422294e-004 6.69871827e-005 5.98271018e-005 4.69714597e-005 4.34689885e-005 4.20259361e-005 3.29409203e-005 2.38894532e-005 
1.75000000e+000 3.42857143e+001 0.00000000e+000 1.03664033e-004 8.37597969e-005 5.75265337e-005 5.18776154e-005 4.15423044e-005 3.86655017e-005 3.74713342e-005 2.97839745e-005 2.18960433e-005 
1.75000000e+000 3.33928571e+001 0.00000000e+000 6.94927331e-005 6.46961122e-005 4.68119336e-005 4.27607483e-005 3.51480408e-005 3.29629117e-005 3.20460768e-005 2.59482267e-005 1.94261592e-005 
1.75000000e+000 3.21428571e+001 0.00000000e+000 4.24518012e-005 4.72286961e-005 3.64109582e-005 3.37795481e-005 2.86540656e-005 2.71193068e-005 2.64657818e-005 2.19148878e-005 1.67719587e-005 
1.75000000e+000 3.05357143e+001 0.00000000e+000 2.36664719e-005 3.27204176e-005 2.72047508e-005 2.57050396e-005 2.26272074e-005 2.16459295e-005 2.12189794e-005 1.80373809e-005 1.41656180e-005 
1.75000000e+000 2.85714286e+001 0.00000000e+000 1.20863073e-005 2.16752958e-005 1.96833401e-005 1.89964688e-005 1.74513668e-005 1.69017833e-005 1.66539405e-005 1.45913587e-005 1.18063930e-005 
1.75000000e+000 2.62500000e+001 0.00000000e+000 5.63471994e-006 1.37291503e-005 1.38107212e-005 1.36586136e-005 1.31800645e-005 1.29474467e-005 1.28333722e-005 1.16418786e-005 9.74894696e-006 
1.75000000e+000 2.35714286e+001 0.00000000e+000 2.40267535e-006 8.35556667e-006 9.45742457e-006 9.62041084e-006 9.82457129e-006 9.81037123e-006 9.79056517e-006 9.24516197e-006 8.05540736e-006 
1.75000000e+000 2.05357143e+001 0.00000000e+000 9.37821079e-007 4.91404022e-006 6.37977395e-006 6.70682710e-006 7.31825257e-006 7.44870860e-006 7.49320179e-006 7.41525353e-006 6.76851150e-006 
1.75000000e+000 1.71428571e+001 0.00000000e+000 3.37133877e-007 2.82904811e-006 4.30878927e-006 4.70640581e-006 5.54543523e-006 5.77027083e-006 5.85838386e-006 6.11885477e-006 5.89361853e-006 
1.75000000e+000 1.33928571e+001 0.00000000e+000 1.13008394e-007 1.61359978e-006 2.95365668e-006 3.37104987e-006 4.33277865e-006 4.62058937e-006 4.73912478e-006 5.25032241e-006 5.35732612e-006 
1.75000000e+000 9.28571429e+000 0.00000000e+000 3.65742107e-008 9.52486544e-007 2.13417651e-006 2.55128323e-006 3.58333004e-006 3.91540794e-006 4.05610844e-006 4.75613869e-006 5.12436515e-006 
1.75000000e+000 4.82142857e+000 0.00000000e+000 1.27577430e-008 6.20957875e-007 1.67483224e-006 2.08342637e-006 3.14802951e-006 3.50677245e-006 3.66131362e-006 4.48403700e-006 5.02875265e-006 
1.75000000e+000 0.00000000e+000 0.00000000e+000 7.62699987e-009 5.28414179e-007 1.55092421e-006 1.96212143e-006 3.05429937e-006 3.42831231e-006 3.59033771e-006 4.47130413e-006 5.09166204e-006 
2.00000000e+000 3.50000000e+001 0.00000000e+000 1.60037015e-004 1.10305674e-004 7.13661185e-005 6.34103228e-005 4.92601917e-005 4.54456896e-005 4.38798391e-005 3.41293721e-005 2.45582757e-005 
2.00000000e+000 3.48214286e+001 0.00000000e+000 1.36708989e-004 9.98789022e-005 6.60358463e-005 5.89884640e-005 4.63241863e-005 4.28707232e-005 4.14474198e-005 3.24817544e-005 2.35432888e-005 
2.00000000e+000 3.42857143e+001 0.00000000e+000 9.84302622e-005 8.07894251e-005 5.57853724e-005 5.03710065e-005 4.04341860e-005 3.76587166e-005 3.65052247e-005 2.90559562e-005 2.13812616e-005 
2.00000000e+000 3.33928571e+001 0.00000000e+000 6.30996568e-005 6.06834312e-005 4.44087061e-005 4.06758298e-005 3.36143933e-005 3.15719187e-005 3.07126524e-005 2.49539993e-005 1.87374357e-005 
2.00000000e+000 3.21428571e+001 0.00000000e+000 3.63965819e-005 4.27892323e-005 3.36216972e-005 3.13343531e-005 2.68216015e-005 2.54498227e-005 2.48626602e-005 2.07107351e-005 1.59371522e-005 
2.00000000e+000 3.05357143e+001 0.00000000e+000 1.88943370e-005 2.84302587e-005 2.43257867e-005 2.31424528e-005 2.06494435e-005 1.98295998e-005 1.94691873e-005 1.67000048e-005 1.32264833e-005 
2.00000000e+000 2.85714286e+001 0.00000000e+000 8.85092856e-006 1.79222166e-005 1.69486886e-005 1.65149096e-005 1.54617826e-005 1.50549355e-005 1.48668903e-005 1.31912263e-005 1.08019824e-005 
2.00000000e+000 2.62500000e+001 0.00000000e+000 3.72490917e-006 1.07119868e-005 1.13820440e-005 1.14023495e-005 1.12844212e-005 1.11641809e-005 1.10982877e-005 1.02387784e-005 8.71310972e-006 
2.00000000e+000 2.35714286e+001 0.00000000e+000 1.41007613e-006 6.09563600e-006 7.40918688e-006 7.66313894e-006 8.08429577e-006 8.14645042e-006 8.16064043e-006 7.87479203e-006 7.00650501e-006 
2.00000000e+000 2.05357143e+001 0.00000000e+000 4.80183345e-007 3.31674937e-006 4.71065064e-006 5.05626774e-006 5.74612421e-006 5.91565920e-006 5.97915164e-006 6.08089544e-006 5.70105926e-006 
2.00000000e+000 1.71428571e+001 0.00000000e+000 1.47940882e-007 1.74453044e-006 2.96634264e-006 3.32388412e-006 4.11776861e-006 4.34588984e-006 4.43829383e-006 4.79757960e-006 4.78122029e-006 
2.00000000e+000 1.33928571e+001 0.00000000e+000 4.17591071e-008 8.97505874e-007 1.87575975e-006 2.20834844e-006 3.01896532e-006 3.27687527e-006 3.38577694e-006 3.91693347e-006 4.17374372e-006 
2.00000000e+000 9.28571429e+000 0.00000000e+000 1.11563507e-008 4.71324072e-007 1.24008157e-006 1.54031556e-006 2.33621379e-006 2.60987899e-006 2.72876526e-006 3.37833113e-006 3.84193338e-006 
2.00000000e+000 4.82142857e+000 0.00000000e+000 3.15457345e-009 2.73984415e-007 8.99101751e-007 1.17195755e-006 1.94395672e-006 2.22404597e-006 2.34797584e-006 3.06794543e-006 3.66580842e-006 
2.00000000e+000 0.00000000e+000 0.00000000e+000 1.63898926e-009 2.20134839e-007 8.03607755e-007 1.07020694e-006 1.84405057e-006 2.13042261e-006 2.25796678e-006 3.01424880e-006 3.67173833e-006 
2.25000000e+000 3.50000000e+001 0.00000000e+000 1.59628071e-004 1.09862479e-004 7.10113806e-005 6.30765772e-005 4.89662155e-005 4.51633847e-005 4.36024638e-005 3.38875929e-005 2.43582202e-005 
2.25000000e+000 3.48214286e+001 0.00000000e+000 1.34231706e-004 9.84859277e-005 6.51929765e-005 5.82496198e-005 4.57615275e-005 4.23530038e-005 4.09477780e-005 3.20901549e-005 2.32518044e-005 
2.25000000e+000 3.42857143e+001 0.00000000e+000 9.36354607e-005 7.80667818e-005 5.41986048e-005 4.90013496e-005 3.94339480e-005 3.67524983e-005 3.56367479e-005 2.84075757e-005 2.09281759e-005 
2.25000000e+000 3.33928571e+001 0.00000000e+000 5.74455070e-005 5.70573553e-005 4.22286402e-005 3.87841386e-005 3.22246752e-005 3.03127161e-005 2.95061941e-005 2.40585738e-005 1.81216892e-005 
2.25000000e+000 3.21428571e+001 0.00000000e+000 3.13032846e-005 3.88805023e-005 3.11336329e-005 2.91475690e-005 2.51765595e-005 2.39502384e-005 2.34224784e-005 1.96295222e-005 1.51898450e-005 
2.25000000e+000 3.05357143e+001 0.00000000e+000 1.51351600e-005 2.47832043e-005 2.18202848e-005 2.09008626e-005 1.89038514e-005 1.82231400e-005 1.79203633e-005 1.55122338e-005 1.23914982e-005 
2.25000000e+000 2.85714286e+001 0.00000000e+000 6.50317779e-006 1.48694723e-005 1.46431958e-005 1.44059887e-005 1.37459954e-005 1.34563157e-005 1.33177660e-005 1.19684569e-005 9.92006852e-006 
2.25000000e+000 2.62500000e+001 0.00000000e+000 2.47015028e-006 8.38610243e-006 9.41293173e-006 9.55217385e-006 9.69681002e-006 9.66241298e-006 9.63385235e-006 9.04033980e-006 7.81930222e-006 
2.25000000e+000 2.35714286e+001 0.00000000e+000 8.29996858e-007 4.46140747e-006 5.82496482e-006 6.12624123e-006 6.67851443e-006 6.79213929e-006 6.82991875e-006 6.73669796e-006 6.12147507e-006 
2.25000000e+000 2.05357143e+001 0.00000000e+000 2.46607370e-007 2.24607201e-006 3.49161188e-006 3.82734945e-006 4.53201833e-006 4.71985274e-006 4.79331496e-006 5.01098975e-006 4.82525956e-006 
2.25000000e+000 1.71428571e+001 0.00000000e+000 6.51536231e-008 1.08023131e-006 2.05213955e-006 2.35945184e-006 3.07427250e-006 3.29106980e-006 3.38092120e-006 3.78198163e-006 3.89823279e-006 
2.25000000e+000 1.33928571e+001 0.00000000e+000 1.55036774e-008 5.02091129e-007 1.19872261e-006 1.45580597e-006 2.11635638e-006 2.33775133e-006 2.43311494e-006 2.93762860e-006 3.26613449e-006 
2.25000000e+000 9.28571429e+000 0.00000000e+000 3.42704790e-009 2.34970062e-007 7.25267229e-007 9.35661183e-007 1.53097253e-006 1.74803540e-006 1.84436889e-006 2.40877209e-006 2.88879273e-006 
2.25000000e+000 4.82142857e+000 0.00000000e+000 7.86543689e-010 1.21479251e-007 4.84217888e-007 6.61104950e-007 1.20291524e-006 1.41316555e-006 1.50843939e-006 2.10187868e-006 2.67479859e-006 
2.25000000e+000 0.00000000e+000 0.00000000e+000 3.52208213e-010 9.17071979e-008 4.16387657e-007 5.83727028e-007 1.11335627e-006 1.32388799e-006 1.42003775e-006 2.03200162e-006 2.64779235e-006 
2.50000000e+000 3.50000000e+001 0.00000000e+000 1.59294488e-004 1.09502495e-004 7.07229790e-005 6.28051317e-005 4.87269822e-005 4.49336566e-005 4.33767587e-005 3.36909972e-005 2.41956326e-005 
2.50000000e+000 3.48214286e+001 0.00000000e+000 1.31908296e-004 9.72061123e-005 6.44304111e-005 5.75843474e-005 4.52606317e-005 4.18938925e-005 4.05054538e-005 3.17473605e-005 2.29998916e-005 
2.50000000e+000 3.42857143e+001 0.00000000e+000 8.92082483e-005 7.55435814e-005 5.27330752e-005 4.77384196e-005 3.85162624e-005 3.59227794e-005 3.48423515e-005 2.78187802e-005 2.05209246e-005 
2.50000000e+000 3.33928571e+001 0.00000000e+000 5.24092174e-005 5.37512510e-005 4.02302577e-005 3.70487755e-005 3.09494224e-005 2.91576764e-005 2.83998117e-005 2.32397284e-005 1.75617863e-005 
2.50000000e+000 3.21428571e+001 0.00000000e+000 2.69905716e-005 3.54113620e-005 2.88939532e-005 2.71731690e-005 2.36837674e-005 2.25879998e-005 2.21137216e-005 1.86460062e-005 1.45111306e-005 
2.50000000e+000 3.05357143e+001 0.00000000e+000 1.21561017e-005 2.16600094e-005 1.96216800e-005 1.89230288e-005 1.73480696e-005 1.67877459e-005 1.65351093e-005 1.44449227e-005 1.16394467e-005 
2.50000000e+000 2.85714286e+001 0.00000000e+000 4.79059023e-006 1.23698204e-005 1.26846855e-005 1.25993930e-005 1.22528257e-005 1.20593485e-005 1.19618137e-005 1.08888898e-005 9.13641928e-006 
2.50000000e+000 2.62500000e+001 0.00000000e+000 1.64207357e-006 6.58251376e-006 7.80523807e-006 8.02370864e-006 8.35567586e-006 8.38621888e-006 8.38638724e-006 8.00605951e-006 7.03939248e-006 
2.50000000e+000 2.35714286e+001 0.00000000e+000 4.89687883e-007 3.27349501e-006 4.59162335e-006 4.91090469e-006 5.53338009e-006 5.68006898e-006 5.73365727e-006 5.78203467e-006 5.36686900e-006 
2.50000000e+000 2.05357143e+001 0.00000000e+000 1.26955913e-007 1.52484893e-006 2.59539358e-006 2.90575070e-006 3.58637098e-006 3.77877042e-006 3.85611419e-006 4.14482852e-006 4.09980639e-006 
2.50000000e+000 1.71428571e+001 0.00000000e+000 2.87764303e-008 6.70964528e-007 1.42482850e-006 1.68121439e-006 2.30475374e-006 2.50284329e-006 2.58645606e-006 2.99434048e-006 3.19161025e-006 
2.50000000e+000 1.33928571e+001 0.00000000e+000 5.77720124e-009 2.82101522e-007 7.69785490e-007 9.64467101e-007 1.49097827e-006 1.67595614e-006 1.75702351e-006 2.21314184e-006 2.56596135e-006 
2.50000000e+000 9.28571429e+000 0.00000000e+000 1.05839179e-009 1.17842633e-007 4.26525817e-007 5.71369773e-007 1.00786906e-006 1.17585087e-006 1.25185280e-006 1.72347127e-006 2.17802669e-006 
2.50000000e+000 4.82142857e+000 0.00000000e+000 1.97475932e-010 5.41018823e-008 2.61571760e-007 3.73933812e-007 7.45850611e-007 8.99557656e-007 9.70767932e-007 1.44190074e-006 1.95351628e-006 
2.50000000e+000 0.00000000e+000 0.00000000e+000 7.56874455e-011 3.82048407e-008 2.15750475e-007 3.18384560e-007 6.72195499e-007 8.22691138e-007 8.93063460e-007 1.36983755e-006 1.90939671e-006 
0.00000000e+000 3.50000000e+001 1.00000000e+001 2.11235697e-004 1.44166628e-004 9.13889846e-005 8.06029351e-005 6.14989533e-005 5.64069999e-005 5.43279938e-005 4.16238770e-005 2.94935367e-005 
0.00000000e+000 3.48214286e+001 1.00000000e+001 2.09607500e-004 1.43099136e-004 9.07449121e-005 8.00436718e-005 6.10876899e-005 5.60342920e-005 5.39708510e-005 4.13579881e-005 2.93082066e-005 
0.00000000e+000 3.42857143e+001 1.00000000e+001 2.04472839e-004 1.39746617e-004 8.87085042e-005 7.82705470e-005 5.97762011e-005 5.48437688e-005 5.28292685e-005 4.05048142e-005 2.87115682e-005 
0.00000000e+000 3.33928571e+001 1.00000000e+001 1.96604565e-004 1.34575896e-004 8.55282974e-005 7.54942302e-005 5.77152811e-005 5.29718648e-005 5.10339893e-005 3.91624018e-005 2.77727757e-005 
0.00000000e+000 3.21428571e+001 1.00000000e+001 1.86908615e-004 1.28135370e-004 8.15468619e-005 7.20176569e-005 5.51395177e-005 5.06350185e-005 4.87940115e-005 3.74934288e-005 2.66091456e-005 
0.00000000e+000 3.05357143e+001 1.00000000e+001 1.75928883e-004 1.20836217e-004 7.70323161e-005 6.80813500e-005 5.22395435e-005 4.80097396e-005 4.62799396e-005 3.56305191e-005 2.53150050e-005 
0.00000000e+000 2.85714286e+001 1.00000000e+001 1.64441211e-004 1.13232506e-004 7.23872097e-005 6.40548361e-005 4.93165689e-005 4.53762225e-005 4.37630252e-005 3.37858587e-005 2.40416783e-005 
0.00000000e+000 2.62500000e+001 1.00000000e+001 1.53533261e-004 1.06076365e-004 6.81430535e-005 6.04099298e-005 4.67307221e-005 4.30639246e-005 4.15601084e-005 3.21989540e-005 2.29561742e-005 
0.00000000e+000 2.35714286e+001 1.00000000e+001 1.45230837e-004 1.00553616e-004 6.49205041e-005 5.76792799e-005 4.48796151e-005 4.14364747e-005 4.00209798e-005 3.11355300e-005 2.22460456e-005 
0.00000000e+000 2.05357143e+001 1.00000000e+001 1.40667230e-004 9.74663381e-005 6.33692098e-005 5.64696020e-005 4.42548493e-005 4.09460402e-005 3.95809523e-005 3.09242379e-005 2.21412435e-005 
0.00000000e+000 1.71428571e+001 1.00000000e+001 1.44022253e-004 9.95369454e-005 6.51248951e-005 5.81735480e-005 4.58218653e-005 4.24509670e-005 4.10560624e-005 3.21486117e-005 2.30421499e-005 
0.00000000e+000 1.33928571e+001 1.00000000e+001 1.56368726e-004 1.07562398e-004 7.06027149e-005 6.31281329e-005 4.97822159e-005 4.61202658e-005 4.46028575e-005 3.49045683e-005 2.50095132e-005 
0.00000000e+000 9.28571429e+000 1.00000000e+001 1.78073862e-004 1.21616055e-004 7.95721447e-005 7.10514486e-005 5.58093069e-005 5.16315030e-005 4.99027886e-005 3.89240088e-005 2.78514081e-005 
0.00000000e+000 4.82142857e+000 1.00000000e+001 1.96584813e-004 1.33643300e-004 8.71645322e-005 7.77240031e-005 6.08240251e-005 5.62009858e-005 5.42908904e-005 4.22286536e-005 3.01806502e-005 
0.00000000e+000 0.00000000e+000 1.00000000e+001 2.11175481e-004 1.43373054e-004 9.33070438e-005 8.31184612e-005 6.48730036e-005 5.98898058e-005 5.78331442e-005 4.48966275e-005 3.20618181e-005 
2.50000000e-001 3.50000000e+001 1.00000000e+001 1.54894533e-004 1.14207883e-004 7.51609131e-005 6.69613190e-005 5.22142852e-005 4.82130409e-005 4.65689980e-005 3.63130156e-005 2.62216859e-005 
2.50000000e-001 3.48214286e+001 1.00000000e+001 1.49249168e-004 1.11521976e-004 7.37386852e-005 6.57681961e-005 5.13995487e-005 4.74913061e-005 4.58841142e-005 3.58334863e-005 2.59105624e-005 
2.50000000e-001 3.42857143e+001 1.00000000e+001 1.36516334e-004 1.04994977e-004 7.01534363e-005 6.27286588e-005 4.92752981e-005 4.55959198e-005 4.40799487e-005 3.45457353e-005 2.50567762e-005 
2.50000000e-001 3.33928571e+001 1.00000000e+001 1.20548266e-004 9.63231974e-005 6.52451159e-005 5.85348842e-005 4.62980676e-005 4.29274968e-005 4.15351857e-005 3.27089689e-005 2.38244076e-005 
2.50000000e-001 3.21428571e+001 1.00000000e+001 1.03564361e-004 8.65524781e-005 5.95819826e-005 5.36702193e-005 4.28118937e-005 3.97955885e-005 3.85456232e-005 3.05399662e-005 2.23613483e-005 
2.50000000e-001 3.05357143e+001 1.00000000e+001 8.71023091e-005 7.65664654e-005 5.36738821e-005 4.85742469e-005 3.91358241e-005 3.64880032e-005 3.53864420e-005 2.82397782e-005 2.08026689e-005 
2.50000000e-001 2.85714286e+001 1.00000000e+001 7.21249568e-005 6.70219701e-005 4.79662048e-005 4.36481550e-005 3.55859068e-005 3.32962935e-005 3.23389811e-005 2.60251362e-005 1.93016565e-005 
2.50000000e-001 2.62500000e+001 1.00000000e+001 5.92665450e-005 5.85142796e-005 4.29031399e-005 3.92899289e-005 3.24709408e-005 3.05043745e-005 2.96768898e-005 2.41060915e-005 1.80076813e-005 
2.50000000e-001 2.35714286e+001 1.00000000e+001 4.94746591e-005 5.18642778e-005 3.89431901e-005 3.58981777e-005 3.00976325e-005 2.83957352e-005 2.76741639e-005 2.26974481e-005 1.70780161e-005 
2.50000000e-001 2.05357143e+001 1.00000000e+001 4.23952347e-005 4.71846207e-005 3.63436830e-005 3.37462047e-005 2.87325104e-005 2.72261463e-005 2.65812190e-005 2.20065124e-005 1.66706260e-005 
2.50000000e-001 1.71428571e+001 1.00000000e+001 3.86843391e-005 4.55730445e-005 3.59481380e-005 3.35880616e-005 2.89493929e-005 2.75197015e-005 2.69019975e-005 2.24190524e-005 1.70693752e-005 
2.50000000e-001 1.33928571e+001 1.00000000e+001 3.81606207e-005 4.71738041e-005 3.78509790e-005 3.55031677e-005 3.07986350e-005 2.93192636e-005 2.86764883e-005 2.39617226e-005 1.82956863e-005 
2.50000000e-001 9.28571429e+000 1.00000000e+001 4.02696885e-005 5.16230883e-005 4.17249995e-005 3.91680325e-005 3.39772920e-005 3.23340475e-005 3.16198973e-005 2.64001814e-005 2.01792441e-005 
2.50000000e-001 4.82142857e+000 1.00000000e+001 4.22870948e-005 5.55525419e-005 4.50619370e-005 4.23000242e-005 3.66492950e-005 3.48569359e-005 3.40786555e-005 2.84189679e-005 2.17311403e-005 
2.50000000e-001 0.00000000e+000 1.00000000e+001 4.45977072e-005 5.91378074e-005 4.79842501e-005 4.50209354e-005 3.89390453e-005 3.70115404e-005 3.61756032e-005 3.01269630e-005 2.30322502e-005 
5.00000000e-001 3.50000000e+001 1.00000000e+001 1.43841009e-004 1.04152163e-004 6.83467199e-005 6.09000056e-005 4.75778200e-005 4.39777301e-005 4.24999612e-005 3.32762224e-005 2.41785998e-005 
5.00000000e-001 3.48214286e+001 1.00000000e+001 1.34847603e-004 1.00030691e-004 6.62158657e-005 5.91258405e-005 4.63881818e-005 4.29303883e-005 4.15088150e-005 3.25950467e-005 2.37475252e-005 
5.00000000e-001 3.42857143e+001 1.00000000e+001 1.16520706e-004 9.09005010e-005 6.13042120e-005 5.49898991e-005 4.35443620e-005 4.04068447e-005 3.91125396e-005 3.09125089e-005 2.26562179e-005 
5.00000000e-001 3.33928571e+001 1.00000000e+001 9.54514456e-005 7.95718458e-005 5.49912245e-005 4.96247181e-005 3.97842887e-005 3.70513940e-005 3.59187425e-005 2.86375688e-005 2.11576257e-005 
5.00000000e-001 3.21428571e+001 1.00000000e+001 7.49827593e-005 6.75952478e-005 4.80869866e-005 4.37091968e-005 3.55731995e-005 3.32772751e-005 3.23200920e-005 2.60480242e-005 1.94342664e-005 
5.00000000e-001 3.05357143e+001 1.00000000e+001 5.69782286e-005 5.61272604e-005 4.12604243e-005 3.78178170e-005 3.13223938e-005 2.94536102e-005 2.86687117e-005 2.33974046e-005 1.76537657e-005 
5.00000000e-001 2.85714286e+001 1.00000000e+001 4.21610692e-005 4.58286709e-005 3.49691248e-005 3.23622092e-005 2.73540550e-005 2.58769273e-005 2.52504677e-005 2.09048301e-005 1.59706726e-005 
5.00000000e-001 2.62500000e+001 1.00000000e+001 3.06230296e-005 3.71199141e-005 2.95699755e-005 2.76683016e-005 2.39292054e-005 2.27892360e-005 2.22994364e-005 1.87538167e-005 1.45184855e-005 
5.00000000e-001 2.35714286e+001 1.00000000e+001 2.24280167e-005 3.04598621e-005 2.53575873e-005 2.40008142e-005 2.12664870e-005 2.03969440e-005 2.00168928e-005 1.71106763e-005 1.34254850e-005 
5.00000000e-001 2.05357143e+001 1.00000000e+001 1.66595529e-005 2.55801375e-005 2.23436792e-005 2.14176647e-005 1.94776442e-005 1.88182903e-005 1.85227839e-005 1.60930807e-005 1.27938520e-005 
5.00000000e-001 1.71428571e+001 1.00000000e+001 1.29579799e-005 2.27766438e-005 2.09073304e-005 2.02841538e-005 1.88798933e-005 1.83536548e-005 1.81102980e-005 1.59459397e-005 1.28197964e-005 
5.00000000e-001 1.33928571e+001 1.00000000e+001 1.08605742e-005 2.18951236e-005 2.09716276e-005 2.05367693e-005 1.94325416e-005 1.89680153e-005 1.87466918e-005 1.66497982e-005 1.34967052e-005 
5.00000000e-001 9.28571429e+000 1.00000000e+001 9.86018878e-006 2.25224636e-005 2.22248595e-005 2.18820871e-005 2.08785451e-005 2.04168864e-005 2.01931016e-005 1.80079001e-005 1.46778659e-005 
5.00000000e-001 4.82142857e+000 1.00000000e+001 9.30316656e-006 2.32638552e-005 2.33938263e-005 2.31033347e-005 2.21375372e-005 2.16664869e-005 2.14360399e-005 1.91542337e-005 1.56634426e-005 
5.00000000e-001 0.00000000e+000 1.00000000e+001 9.41967297e-006 2.43938651e-005 2.46770422e-005 2.43859774e-005 2.33729022e-005 2.28731938e-005 2.26287150e-005 2.02162558e-005 1.65457770e-005 
7.50000000e-001 3.50000000e+001 1.00000000e+001 1.39628195e-004 9.97493449e-005 6.50155211e-005 5.78365121e-005 4.50500417e-005 4.16122413e-005 4.02036058e-005 3.14475229e-005 2.28579285e-005 
7.50000000e-001 3.48214286e+001 1.00000000e+001 1.27666101e-004 9.43235824e-005 6.22320040e-005 5.55250726e-005 4.35106343e-005 4.02602554e-005 3.89255629e-005 3.05759864e-005 2.23126346e-005 
7.50000000e-001 3.42857143e+001 1.00000000e+001 1.04851128e-004 8.29840455e-005 5.61649128e-005 5.04271518e-005 4.00253909e-005 3.71739952e-005 3.59977373e-005 2.85343452e-005 2.10021602e-005 
7.50000000e-001 3.33928571e+001 1.00000000e+001 8.03245063e-005 6.95992323e-005 4.87071243e-005 4.40944378e-005 3.56002541e-005 3.32299194e-005 3.22458734e-005 2.58744265e-005 1.92643920e-005 
7.50000000e-001 3.21428571e+001 1.00000000e+001 5.82368280e-005 5.61712207e-005 4.08996747e-005 3.73954550e-005 3.08215965e-005 2.89457871e-005 2.81606317e-005 2.29369751e-005 1.73181436e-005 
7.50000000e-001 3.05357143e+001 1.00000000e+001 4.03784201e-005 4.40031830e-005 3.35167241e-005 3.09972901e-005 2.61683775e-005 2.47514182e-005 2.41519854e-005 2.00166094e-005 1.53575019e-005 
7.50000000e-001 2.85714286e+001 1.00000000e+001 2.69714673e-005 3.36785553e-005 2.69991694e-005 2.53010747e-005 2.19592337e-005 2.09408825e-005 2.05037139e-005 1.73318416e-005 1.35371028e-005 
7.50000000e-001 2.62500000e+001 1.00000000e+001 1.74954436e-005 2.54107042e-005 2.16077158e-005 2.05551327e-005 1.84063613e-005 1.77140064e-005 1.74102980e-005 1.50404216e-005 1.19752848e-005 
7.50000000e-001 2.35714286e+001 1.00000000e+001 1.13418977e-005 1.93345720e-005 1.74850188e-005 1.68999481e-005 1.56470124e-005 1.52060076e-005 1.50058525e-005 1.32637001e-005 1.07731133e-005 
7.50000000e-001 2.05357143e+001 1.00000000e+001 7.35205740e-006 1.49517660e-005 1.44803283e-005 1.42475857e-005 1.36828707e-005 1.34358741e-005 1.33155754e-005 1.20516765e-005 9.98885007e-006 
7.50000000e-001 1.71428571e+001 1.00000000e+001 4.87502545e-006 1.21533220e-005 1.26956874e-005 1.27229295e-005 1.26608340e-005 1.25524272e-005 1.24886435e-005 1.15479452e-005 9.75227422e-006 
7.50000000e-001 1.33928571e+001 1.00000000e+001 3.41621068e-006 1.06547075e-005 1.19654357e-005 1.21852247e-005 1.24862128e-005 1.24731219e-005 1.24473986e-005 1.17024595e-005 1.00367921e-005 
7.50000000e-001 9.28571429e+000 1.00000000e+001 2.57395933e-006 1.00771452e-005 1.20153189e-005 1.23816194e-005 1.29449321e-005 1.29953410e-005 1.29941175e-005 1.23516606e-005 1.07173969e-005 
7.50000000e-001 4.82142857e+000 1.00000000e+001 2.09048822e-006 9.81315705e-006 1.21951912e-005 1.26630491e-005 1.34046718e-005 1.34968880e-005 1.35115696e-005 1.29292225e-005 1.13016140e-005 
7.50000000e-001 0.00000000e+000 1.00000000e+001 1.98981602e-006 1.00626798e-005 1.26910505e-005 1.32091365e-005 1.40296236e-005 1.41358473e-005 1.41549756e-005 1.35659378e-005 1.18861316e-005 
1.00000000e+000 3.50000000e+001 1.00000000e+001 1.37396409e-004 9.73552709e-005 6.31335721e-005 5.60795296e-005 4.35409848e-005 4.01795581e-005 3.88038054e-005 3.02834615e-005 2.19716769e-005 
1.00000000e+000 3.48214286e+001 1.00000000e+001 1.22720835e-004 9.07189497e-005 5.97397385e-005 5.32645607e-005 4.16720619e-005 3.85400672e-005 3.72547989e-005 2.92312256e-005 2.13172913e-005 
1.00000000e+000 3.42857143e+001 1.00000000e+001 9.61510581e-005 7.74459937e-005 5.26436655e-005 4.73058912e-005 3.76068254e-005 3.49432679e-005 3.38440069e-005 2.68602489e-005 1.98036392e-005 
1.00000000e+000 3.33928571e+001 1.00000000e+001 6.92043927e-005 6.24224532e-005 4.42345917e-005 4.01607436e-005 3.26107602e-005 3.04904743e-005 2.96084534e-005 2.38607528e-005 1.78508857e-005 
1.00000000e+000 3.21428571e+001 1.00000000e+001 4.65408103e-005 4.80351456e-005 3.57643709e-005 3.28734665e-005 2.73861002e-005 2.58003066e-005 2.51337090e-005 2.06357446e-005 1.57144264e-005 
1.00000000e+000 3.05357143e+001 1.00000000e+001 2.95912239e-005 3.56377347e-005 2.80717133e-005 2.61718500e-005 2.24609115e-005 2.13477037e-005 2.08731556e-005 1.75122350e-005 1.36100675e-005 
1.00000000e+000 2.85714286e+001 1.00000000e+001 1.79285392e-005 2.56701187e-005 2.15547231e-005 2.04270283e-005 1.81405905e-005 1.74166427e-005 1.71016147e-005 1.47047708e-005 1.16911081e-005 
1.00000000e+000 2.62500000e+001 1.00000000e+001 1.04328734e-005 1.81152678e-005 1.63689085e-005 1.58033411e-005 1.45861266e-005 1.41631865e-005 1.39726760e-005 1.23451625e-005 1.00609035e-005 
1.00000000e+000 2.35714286e+001 1.00000000e+001 6.00958474e-006 1.28245510e-005 1.25190021e-005 1.23281487e-005 1.18605322e-005 1.16575738e-005 1.15591259e-005 1.05134665e-005 8.79520490e-006 
1.00000000e+000 2.05357143e+001 1.00000000e+001 3.41340839e-006 9.15248056e-006 9.74191950e-006 9.81082490e-006 9.88494451e-006 9.84527144e-006 9.81560783e-006 9.20760306e-006 7.91721474e-006 
1.00000000e+000 1.71428571e+001 1.00000000e+001 1.94016237e-006 6.78282009e-006 7.97201402e-006 8.22552793e-006 8.69190702e-006 8.77130278e-006 8.79184600e-006 8.49765017e-006 7.50603741e-006 
1.00000000e+000 1.33928571e+001 1.00000000e+001 1.13901337e-006 5.38002869e-006 6.99995799e-006 7.39146260e-006 8.15540377e-006 8.32460935e-006 8.38285069e-006 8.31336663e-006 7.52085593e-006 
1.00000000e+000 9.28571429e+000 1.00000000e+001 7.04543324e-007 4.61056971e-006 6.58590309e-006 7.08995883e-006 8.09469781e-006 8.33494082e-006 8.42272487e-006 8.51755271e-006 7.85494580e-006 
1.00000000e+000 4.82142857e+000 1.00000000e+001 4.78918911e-007 4.16852257e-006 6.38316374e-006 6.96473761e-006 8.13640413e-006 8.42584589e-006 8.53406661e-006 8.74028288e-006 8.16280385e-006 
1.00000000e+000 0.00000000e+000 1.00000000e+001 4.20381287e-007 4.15110999e-006 6.52697695e-006 7.15512573e-006 8.42142165e-006 8.73619351e-006 8.85448831e-006 9.10337937e-006 8.53879263e-006 
1.25000000e+000 3.50000000e+001 1.00000000e+001 1.36007003e-004 9.58507961e-005 6.19386313e-005 5.49581487e-005 4.25613757e-005 3.92428384e-005 3.78854918e-005 2.95002763e-005 2.13535589e-005 
1.25000000e+000 3.48214286e+001 1.00000000e+001 1.18810410e-004 8.80756360e-005 5.79675204e-005 5.16661947e-005 4.03792386e-005 3.73297568e-005 3.60785074e-005 2.82754314e-005 2.05945265e-005 
1.25000000e+000 3.42857143e+001 1.00000000e+001 8.90312162e-005 7.30782224e-005 4.99398327e-005 4.49252947e-005 3.57826851e-005 3.32641036e-005 3.22237092e-005 2.55996261e-005 1.88913129e-005 
1.25000000e+000 3.33928571e+001 1.00000000e+001 6.03914372e-005 5.67250991e-005 4.07272411e-005 3.70874321e-005 3.02904348e-005 2.83666867e-005 2.75643969e-005 2.22982775e-005 1.67444508e-005 
1.25000000e+000 3.21428571e+001 1.00000000e+001 3.77943063e-005 4.17197585e-005 3.17692502e-005 2.93560654e-005 2.47129625e-005 2.33511993e-005 2.27759361e-005 1.88345617e-005 1.44453793e-005 
1.25000000e+000 3.05357143e+001 1.00000000e+001 2.21032923e-005 2.93873511e-005 2.39354407e-005 2.24933276e-005 1.96122068e-005 1.87249359e-005 1.83432966e-005 1.55607899e-005 1.22277505e-005 
1.25000000e+000 2.85714286e+001 1.00000000e+001 1.21791864e-005 1.99728406e-005 1.75583472e-005 1.68228492e-005 1.52710581e-005 1.47543344e-005 1.45255813e-005 1.26840552e-005 1.02419701e-005 
1.25000000e+000 2.62500000e+001 1.00000000e+001 6.37150574e-006 1.32173904e-005 1.26813860e-005 1.24196317e-005 1.17967318e-005 1.15497738e-005 1.14338104e-005 1.03096271e-005 8.57629984e-006 
1.25000000e+000 2.35714286e+001 1.00000000e+001 3.26520893e-006 8.72748844e-006 9.18464881e-006 9.20825488e-006 9.18444981e-006 9.12209913e-006 9.08468523e-006 8.47961259e-006 7.28298789e-006 
1.25000000e+000 2.05357143e+001 1.00000000e+001 1.62688290e-006 5.76186671e-006 6.72455543e-006 6.92329240e-006 7.29475190e-006 7.36091154e-006 7.37900790e-006 7.15109110e-006 6.35687630e-006 
1.25000000e+000 1.71428571e+001 1.00000000e+001 7.95065401e-007 3.89955711e-006 5.13268077e-006 5.44316571e-006 6.08246292e-006 6.23931932e-006 6.29704079e-006 6.34029997e-006 5.83816069e-006 
1.25000000e+000 1.33928571e+001 1.00000000e+001 3.92673126e-007 2.79265423e-006 4.18046845e-006 4.56789817e-006 5.40397479e-006 5.62954549e-006 5.71748578e-006 5.96373965e-006 5.67590959e-006 
1.25000000e+000 9.28571429e+000 1.00000000e+001 1.99406284e-007 2.15029122e-006 3.65539419e-006 4.10461665e-006 5.10247501e-006 5.38459279e-006 5.49736566e-006 5.90387516e-006 5.77797553e-006 
1.25000000e+000 4.82142857e+000 1.00000000e+001 1.11620967e-007 1.78267573e-006 3.35426898e-006 3.84361870e-006 4.95040798e-006 5.27125644e-006 5.40110369e-006 5.91720983e-006 5.90174332e-006 
1.25000000e+000 0.00000000e+000 1.00000000e+001 8.88232641e-008 1.71250677e-006 3.35688601e-006 3.87586519e-006 5.05511233e-006 5.39918246e-006 5.53889216e-006 6.10884598e-006 6.13415804e-006 
1.50000000e+000 3.50000000e+001 1.00000000e+001 1.35054968e-004 9.48142510e-005 6.11123714e-005 5.41816016e-005 4.18791156e-005 3.85885577e-005 3.72431312e-005 2.89454644e-005 2.09058393e-005 
1.50000000e+000 3.48214286e+001 1.00000000e+001 1.15491737e-004 8.59582481e-005 5.65908589e-005 5.04343155e-005 3.93971878e-005 3.64133909e-005 3.51889278e-005 2.75548184e-005 2.00459896e-005 
1.50000000e+000 3.42857143e+001 1.00000000e+001 8.29334676e-005 6.94041572e-005 4.77101262e-005 4.29746813e-005 3.43089912e-005 3.19129854e-005 3.09220529e-005 2.45945608e-005 1.81647952e-005 
1.50000000e+000 3.33928571e+001 1.00000000e+001 5.31379461e-005 5.19627399e-005 3.78113946e-005 3.45397096e-005 2.83811156e-005 2.66231693e-005 2.58879406e-005 2.10227735e-005 1.58416847e-005 
1.50000000e+000 3.21428571e+001 1.00000000e+001 3.10171997e-005 3.65885203e-005 2.84980156e-005 2.64743712e-005 2.25236316e-005 2.13459279e-005 2.08456639e-005 1.73599380e-005 1.34031039e-005 
1.50000000e+000 3.05357143e+001 1.00000000e+001 1.67203099e-005 2.45116982e-005 2.06413509e-005 1.95523118e-005 1.73191559e-005 1.66098705e-005 1.63015616e-005 1.39775732e-005 1.10972437e-005 
1.50000000e+000 2.85714286e+001 1.00000000e+001 8.39325667e-006 1.57446534e-005 1.44891985e-005 1.40344720e-005 1.30195131e-005 1.26568846e-005 1.24926018e-005 1.10718448e-005 9.06999846e-006 
1.50000000e+000 2.62500000e+001 1.00000000e+001 3.95229623e-006 9.78623814e-006 9.96872889e-006 9.90281843e-006 9.67588794e-006 9.54984352e-006 9.48558639e-006 8.72070473e-006 7.39426896e-006 
1.50000000e+000 2.35714286e+001 1.00000000e+001 1.80271376e-006 6.03563546e-006 6.84784442e-006 6.98859809e-006 7.22130458e-006 7.24500028e-006 7.24563026e-006 6.93119918e-006 6.10042594e-006 
1.50000000e+000 2.05357143e+001 1.00000000e+001 7.87936888e-007 3.69191879e-006 4.72402931e-006 4.97050785e-006 5.46953124e-006 5.58845494e-006 5.63145471e-006 5.62775592e-006 5.16005676e-006 
1.50000000e+000 1.71428571e+001 1.00000000e+001 3.31489369e-007 2.28627788e-006 3.36564618e-006 3.66562360e-006 4.32190987e-006 4.50286796e-006 4.57420897e-006 4.78677361e-006 4.58327043e-006 
1.50000000e+000 1.33928571e+001 1.00000000e+001 1.38128085e-007 1.47911325e-006 2.53843090e-006 2.86658876e-006 3.62553768e-006 3.85103441e-006 3.94316742e-006 4.31610128e-006 4.31194452e-006 
1.50000000e+000 9.28571429e+000 1.00000000e+001 5.77632836e-008 1.01911070e-006 2.05169384e-006 2.40002606e-006 3.24036916e-006 3.50216556e-006 3.61133180e-006 4.11230849e-006 4.26511900e-006 
1.50000000e+000 4.82142857e+000 1.00000000e+001 2.64076946e-008 7.67235488e-007 1.76937719e-006 2.12816252e-006 3.01898583e-006 3.30460050e-006 3.42507554e-006 4.01179284e-006 4.27129073e-006 
1.50000000e+000 0.00000000e+000 1.00000000e+001 1.87699245e-008 7.06509072e-007 1.72651788e-006 2.09956142e-006 3.03446544e-006 3.33686861e-006 3.46487393e-006 4.09939169e-006 4.40672564e-006 
1.75000000e+000 3.50000000e+001 1.00000000e+001 1.34359106e-004 9.40549402e-005 6.05055152e-005 5.36109096e-005 4.13768456e-005 3.81064372e-005 3.67695549e-005 2.85342456e-005 2.05698738e-005 
1.75000000e+000 3.48214286e+001 1.00000000e+001 1.12557989e-004 8.41667741e-005 5.54562257e-005 4.94265367e-005 3.86064756e-005 3.56789282e-005 3.44772512e-005 2.69836123e-005 1.96125244e-005 
1.75000000e+000 3.42857143e+001 1.00000000e+001 7.75727564e-005 6.61959003e-005 4.57882232e-005 4.13013633e-005 3.30599484e-005 3.07724390e-005 2.98251599e-005 2.37561549e-005 1.75632855e-005 
1.75000000e+000 3.33928571e+001 1.00000000e+001 4.70314534e-005 4.78611307e-005 3.52997047e-005 3.23480502e-005 2.67467590e-005 2.51337432e-005 2.44571042e-005 1.99404339e-005 1.50792659e-005 
1.75000000e+000 3.21428571e+001 1.00000000e+001 2.56497327e-005 3.23058777e-005 2.57343988e-005 2.40354733e-005 2.06675503e-005 1.96459148e-005 1.92093436e-005 1.61109604e-005 1.25205769e-005 
1.75000000e+000 3.05357143e+001 1.00000000e+001 1.27644121e-005 2.06093387e-005 1.79398939e-005 1.71286033e-005 1.54138503e-005 1.48490224e-005 1.46004635e-005 1.26530332e-005 1.01470249e-005 
1.75000000e+000 2.85714286e+001 1.00000000e+001 5.84431108e-006 1.25256911e-005 1.20636853e-005 1.18129334e-005 1.11987368e-005 1.09539911e-005 1.08393811e-005 9.74853547e-006 8.09836465e-006 
1.75000000e+000 2.62500000e+001 1.00000000e+001 2.47906144e-006 7.31975284e-006 7.91529880e-006 7.97551818e-006 8.01565938e-006 7.97469289e-006 7.94728116e-006 7.44730030e-006 6.43178912e-006 
1.75000000e+000 2.35714286e+001 1.00000000e+001 1.00652561e-006 4.21992202e-006 5.16245893e-006 5.36317445e-006 5.74037919e-006 5.81695598e-006 5.84157306e-006 5.72376777e-006 5.15720746e-006 
1.75000000e+000 2.05357143e+001 1.00000000e+001 3.85838531e-007 2.39360720e-006 3.35946831e-006 3.61237939e-006 4.14980529e-006 4.29227608e-006 4.34737970e-006 4.47576094e-006 4.22687192e-006 
1.75000000e+000 1.71428571e+001 1.00000000e+001 1.39800342e-007 1.35831099e-006 2.23658411e-006 2.50105911e-006 3.10810027e-006 3.28751639e-006 3.36071287e-006 3.64986910e-006 3.62744345e-006 
1.75000000e+000 1.33928571e+001 1.00000000e+001 4.92279396e-008 7.94951049e-007 1.56177900e-006 1.82144796e-006 2.45816381e-006 2.66060302e-006 2.74575727e-006 3.14835693e-006 3.29568546e-006 
1.75000000e+000 9.28571429e+000 1.00000000e+001 1.70066568e-008 4.89442744e-007 1.16297765e-006 1.41584992e-006 2.07196375e-006 2.29212971e-006 2.38667431e-006 2.87769415e-006 3.15899042e-006 
1.75000000e+000 4.82142857e+000 1.00000000e+001 6.32817308e-009 3.32189006e-007 9.36790778e-007 1.18209570e-006 1.84530965e-006 2.07591223e-006 2.17621423e-006 2.72383317e-006 3.09436115e-006 
1.75000000e+000 0.00000000e+000 1.00000000e+001 3.96689136e-009 2.91487872e-007 8.88005183e-007 1.13735752e-006 1.82154352e-006 2.06231756e-006 2.16748969e-006 2.75095417e-006 3.16577187e-006 
2.00000000e+000 3.50000000e+001 1.00000000e+001 1.33826182e-004 9.34738104e-005 6.00400128e-005 5.31729110e-005 4.09910269e-005 3.77359963e-005 3.64056272e-005 2.82176559e-005 2.03096376e-005 
2.00000000e+000 3.48214286e+001 1.00000000e+001 1.09897489e-004 8.25954120e-005 5.44824815e-005 4.85672141e-005 3.79420316e-005 3.50645783e-005 3.38831182e-005 2.65120853e-005 1.92576934e-005 
2.00000000e+000 3.42857143e+001 1.00000000e+001 7.27806560e-005 6.33273711e-005 4.40837372e-005 3.98222527e-005 3.19658531e-005 2.97766946e-005 2.88689464e-005 2.30323212e-005 1.70490451e-005 
2.00000000e+000 3.33928571e+001 1.00000000e+001 4.18127280e-005 4.42604000e-005 3.30864439e-005 3.04170596e-005 2.53100859e-005 2.38261598e-005 2.32017524e-005 1.89953932e-005 1.44174147e-005 
2.00000000e+000 3.21428571e+001 1.00000000e+001 2.13346558e-005 2.86684177e-005 2.33519686e-005 2.19271859e-005 1.90568653e-005 1.81698077e-005 1.77883131e-005 1.50263543e-005 1.17550553e-005 
2.00000000e+000 3.05357143e+001 1.00000000e+001 9.81264264e-006 1.74325543e-005 1.56815582e-005 1.50909325e-005 1.37959867e-005 1.33502250e-005 1.31511754e-005 1.15193405e-005 9.33073639e-006 
2.00000000e+000 2.85714286e+001 1.00000000e+001 4.10153554e-006 1.00333153e-005 1.01102214e-005 1.00079536e-005 9.69505812e-006 9.54164883e-006 9.46588030e-006 8.63878768e-006 7.27647445e-006 
2.00000000e+000 2.62500000e+001 1.00000000e+001 1.56807174e-006 5.51628596e-006 6.33093410e-006 6.47026782e-006 6.68874962e-006 6.70790178e-006 6.70696728e-006 6.40567938e-006 5.63337979e-006 
2.00000000e+000 2.35714286e+001 1.00000000e+001 5.66713606e-007 2.97399557e-006 3.92305699e-006 4.14890815e-006 4.60008365e-006 4.70812933e-006 4.74759719e-006 4.76395914e-006 4.39212165e-006 
2.00000000e+000 2.05357143e+001 1.00000000e+001 1.90475898e-007 1.56486982e-006 2.41008726e-006 2.64866771e-006 3.17653898e-006 3.32586594e-006 3.38562359e-006 3.58939260e-006 3.48865187e-006 
2.00000000e+000 1.71428571e+001 1.00000000e+001 5.94468812e-008 8.14547060e-007 1.50093030e-006 1.72326898e-006 2.25635105e-006 2.42238878e-006 2.49170626e-006 2.80601777e-006 2.89120186e-006 
2.00000000e+000 1.33928571e+001 1.00000000e+001 1.77056293e-008 4.31849239e-007 9.70889007e-007 1.16898624e-006 1.68150271e-006 1.85371554e-006 1.92777007e-006 2.31258922e-006 2.53290061e-006 
2.00000000e+000 9.28571429e+000 1.00000000e+001 5.06569663e-009 2.37618310e-007 6.64903349e-007 8.41843746e-007 1.33315615e-006 1.50883062e-006 1.58609273e-006 2.02251772e-006 2.34726224e-006 
2.00000000e+000 4.82142857e+000 1.00000000e+001 1.53295667e-009 1.44632769e-007 4.97734480e-007 6.58618087e-007 1.13041888e-006 1.30666146e-006 1.38534426e-006 1.85196292e-006 2.24393630e-006 
2.00000000e+000 0.00000000e+000 1.00000000e+001 8.38474020e-010 1.20265333e-007 4.56740816e-007 6.16132177e-007 1.09345991e-006 1.27460990e-006 1.35591262e-006 1.84608200e-006 2.27428962e-006 
2.25000000e+000 3.50000000e+001 1.00000000e+001 1.33403371e-004 9.30140769e-005 5.96711362e-005 5.28256399e-005 4.06848565e-005 3.74419824e-005 3.61167661e-005 2.79662309e-005 2.01024186e-005 
2.25000000e+000 3.48214286e+001 1.00000000e+001 1.07443495e-004 8.11822553e-005 5.36225511e-005 4.78124953e-005 3.73658856e-005 3.45340875e-005 3.33710106e-005 2.61101794e-005 1.89584529e-005 
2.25000000e+000 3.42857143e+001 1.00000000e+001 6.84473530e-005 6.07211836e-005 4.25425669e-005 3.84878534e-005 3.09852312e-005 2.88864860e-005 2.80150721e-005 2.23911925e-005 1.65980030e-005 
2.25000000e+000 3.33928571e+001 1.00000000e+001 3.73045860e-005 4.10573999e-005 3.11057940e-005 2.86878482e-005 2.40238340e-005 2.26561928e-005 2.20789061e-005 1.81528453e-005 1.38304215e-005 
2.25000000e+000 3.21428571e+001 1.00000000e+001 1.78276065e-005 2.55407060e-005 2.12693902e-005 2.00780224e-005 1.76363509e-005 1.68665050e-005 1.65331433e-005 1.40671532e-005 1.10784713e-005 
2.25000000e+000 3.05357143e+001 1.00000000e+001 7.58529223e-006 1.48150239e-005 1.37683302e-005 1.33539351e-005 1.24011545e-005 1.20543501e-005 1.18967016e-005 1.05325282e-005 8.61743863e-006 
2.25000000e+000 2.85714286e+001 1.00000000e+001 2.89633774e-006 8.08009510e-006 8.51601474e-006 8.52121835e-006 8.43463096e-006 8.35227400e-006 8.30705212e-006 7.69303332e-006 6.57006065e-006 
2.25000000e+000 2.62500000e+001 1.00000000e+001 9.98380100e-007 4.18157558e-006 5.09208112e-006 5.27829753e-006 5.61231207e-006 5.67349784e-006 5.69148834e-006 5.54020204e-006 4.96099920e-006 
2.25000000e+000 2.35714286e+001 1.00000000e+001 3.21166525e-007 2.10874036e-006 2.99918373e-006 3.22894765e-006 3.70878611e-006 3.83398032e-006 3.88212480e-006 3.98934604e-006 3.76274419e-006 
2.25000000e+000 2.05357143e+001 1.00000000e+001 9.46218925e-008 1.02947463e-006 1.74027420e-006 1.95489092e-006 2.44795742e-006 2.59448218e-006 2.65447169e-006 2.89768071e-006 2.89732428e-006 
2.25000000e+000 1.71428571e+001 1.00000000e+001 2.54379059e-008 4.91815357e-007 1.01466092e-006 1.19619757e-006 1.65017061e-006 1.79802384e-006 1.86087803e-006 2.17202760e-006 2.31836090e-006 
2.25000000e+000 1.33928571e+001 1.00000000e+001 6.41154733e-009 2.36478170e-007 6.08493769e-007 7.56275175e-007 1.15876863e-006 1.30076957e-006 1.36297402e-006 1.70908535e-006 1.95641538e-006 
2.25000000e+000 9.28571429e+000 1.00000000e+001 1.52192965e-009 1.16378659e-007 3.82971188e-007 5.04010993e-007 8.62646332e-007 9.98439932e-007 1.05942583e-006 1.42726355e-006 1.74945374e-006 
2.25000000e+000 4.82142857e+000 1.00000000e+001 3.74738665e-010 6.32985148e-008 2.65347362e-007 3.68039142e-007 6.93973928e-007 8.24058832e-007 8.83521904e-007 1.26090426e-006 1.62881509e-006 
2.25000000e+000 0.00000000e+000 1.00000000e+001 1.77247442e-010 4.96223764e-008 2.34927584e-007 3.33779164e-007 6.56405360e-007 7.87778898e-007 8.48225680e-007 1.23886021e-006 1.63385859e-006 
2.50000000e+000 3.50000000e+001 1.00000000e+001 1.33058531e-004 9.26407813e-005 5.93713298e-005 5.25432595e-005 4.04356570e-005 3.72026289e-005 3.58815913e-005 2.77614778e-005 1.99334934e-005 
2.50000000e+000 3.48214286e+001 1.00000000e+001 1.05152981e-004 7.98883264e-005 5.28470325e-005 4.71350593e-005 3.68544424e-005 3.40649018e-005 3.29188112e-005 2.57589318e-005 1.86998125e-005 
2.50000000e+000 3.42857143e+001 1.00000000e+001 6.44960200e-005 5.83261287e-005 4.11297666e-005 3.72663992e-005 3.00917412e-005 2.80769007e-005 2.72392118e-005 2.18123872e-005 1.61943500e-005 
2.50000000e+000 3.33928571e+001 1.00000000e+001 3.33787334e-005 3.81806517e-005 2.93135442e-005 2.71212235e-005 2.28570940e-005 2.15950167e-005 2.10605803e-005 1.73900794e-005 1.33011538e-005 
2.50000000e+000 3.21428571e+001 1.00000000e+001 1.49534390e-005 2.28266170e-005 1.94304174e-005 1.84390031e-005 1.63689029e-005 1.57018295e-005 1.54108260e-005 1.32073842e-005 1.04718062e-005 
2.50000000e+000 3.05357143e+001 1.00000000e+001 5.89002583e-006 1.26386383e-005 1.21315345e-005 1.18582158e-005 1.11852749e-005 1.09211035e-005 1.07982581e-005 9.66275188e-006 7.98582772e-006 
2.50000000e+000 2.85714286e+001 1.00000000e+001 2.05557748e-006 6.53540772e-006 7.20228190e-006 7.28429183e-006 7.36656337e-006 7.33940894e-006 7.31821979e-006 6.87721181e-006 5.95521425e-006 
2.50000000e+000 2.62500000e+001 1.00000000e+001 6.39034280e-007 3.18477511e-006 4.11388205e-006 4.32484198e-006 4.72946211e-006 4.81931360e-006 4.85059814e-006 4.81241443e-006 4.38784821e-006 
2.50000000e+000 2.35714286e+001 1.00000000e+001 1.82962033e-007 1.50249058e-006 2.30369963e-006 2.52480063e-006 3.00432704e-006 3.13696033e-006 3.18952997e-006 3.35674575e-006 3.23897724e-006 
2.50000000e+000 2.05357143e+001 1.00000000e+001 4.72401893e-008 6.80567849e-007 1.26290764e-006 1.45015249e-006 1.89633482e-006 2.03458183e-006 2.09219461e-006 2.35166368e-006 2.41859914e-006 
2.50000000e+000 1.71428571e+001 1.00000000e+001 1.09395555e-008 2.98508330e-007 6.89790388e-007 8.35089100e-007 1.21390818e-006 1.34239311e-006 1.39787121e-006 1.69077965e-006 1.86866109e-006 
2.50000000e+000 1.33928571e+001 1.00000000e+001 2.33407422e-009 1.30284692e-007 3.83830141e-007 4.92426432e-007 8.03468438e-007 9.18253291e-007 9.69373778e-007 1.26981573e-006 1.51794446e-006 
2.50000000e+000 9.28571429e+000 1.00000000e+001 4.60261182e-010 5.74071733e-008 2.21993222e-007 3.03570287e-007 5.61034945e-007 6.63852303e-007 7.10920613e-007 1.01100948e-006 1.30767672e-006 
2.50000000e+000 4.82142857e+000 1.00000000e+001 9.23055048e-011 2.78347106e-008 1.41912220e-007 2.06242022e-007 4.26923684e-007 5.20678632e-007 5.64492199e-007 8.59641389e-007 1.18344571e-006 
2.50000000e+000 0.00000000e+000 1.00000000e+001 3.74732133e-011 2.04753677e-008 1.20839253e-007 1.80822708e-007 3.94046339e-007 4.86896540e-007 5.30635337e-007 8.31375646e-007 1.17377730e-006 
0.00000000e+000 3.50000000e+001 2.00000000e+001 2.51856965e-004 1.69662010e-004 1.06799216e-004 9.39569619e-005 7.11955803e-005 6.51380901e-005 6.26687156e-005 4.77057301e-005 3.36735093e-005 
0.00000000e+000 3.48214286e+001 2.00000000e+001 2.49685092e-004 1.68235123e-004 1.05908134e-004 9.31746976e-005 7.06057500e-005 6.45992956e-005 6.21506918e-005 4.73127572e-005 3.33962712e-005 
0.00000000e+000 3.42857143e+001 2.00000000e+001 2.43498408e-004 1.64179515e-004 1.03377584e-004 9.09538403e-005 6.89324697e-005 6.30711958e-005 6.06816616e-005 4.61990810e-005 3.26109480e-005 
0.00000000e+000 3.33928571e+001 2.00000000e+001 2.33824630e-004 1.57851495e-004 9.94337419e-005 8.74940729e-005 6.63285631e-005 6.06941684e-005 5.83969364e-005 4.44690590e-005 3.13922595e-005 
0.00000000e+000 3.21428571e+001 2.00000000e+001 2.21031055e-004 1.49471017e-004 9.42130686e-005 8.29150962e-005 6.28846831e-005 5.75513831e-005 5.53766618e-005 4.21845672e-005 2.97842710e-005 
0.00000000e+000 3.05357143e+001 2.00000000e+001 2.06153212e-004 1.39727972e-004 8.81508154e-005 7.76006714e-005 5.88939667e-005 5.39120290e-005 5.18802822e-005 3.95455621e-005 2.79297927e-005 
0.00000000e+000 2.85714286e+001 2.00000000e+001 1.89763446e-004 1.29001961e-004 8.14858025e-005 7.17614174e-005 5.45179624e-005 4.99247825e-005 4.80512293e-005 3.66631610e-005 2.59082357e-005 
0.00000000e+000 2.62500000e+001 2.00000000e+001 1.72972332e-004 1.18009429e-004 7.46680084e-005 6.57935814e-005 5.00592536e-005 4.58674994e-005 4.41572538e-005 3.37429799e-005 2.38655104e-005 
0.00000000e+000 2.35714286e+001 2.00000000e+001 1.56328196e-004 1.07095542e-004 6.79081392e-005 5.98827420e-005 4.56623474e-005 4.18740587e-005 4.03278463e-005 3.08861514e-005 2.18734485e-005 
0.00000000e+000 2.05357143e+001 2.00000000e+001 1.40299763e-004 9.65401310e-005 6.13794480e-005 5.41837586e-005 4.14525907e-005 3.80616257e-005 3.66766729e-005 2.81822801e-005 1.99955851e-005 
0.00000000e+000 1.71428571e+001 2.00000000e+001 1.25689803e-004 8.68790251e-005 5.54268538e-005 4.90054495e-005 3.76742572e-005 3.46558238e-005 3.34214817e-005 2.57983099e-005 1.83489474e-005 
0.00000000e+000 1.33928571e+001 2.00000000e+001 1.12472177e-004 7.80617183e-005 5.00358262e-005 4.43421070e-005 3.43303506e-005 3.16596476e-005 3.05650098e-005 2.37340350e-005 1.69313563e-005 
0.00000000e+000 9.28571429e+000 2.00000000e+001 1.01191070e-004 7.04371867e-005 4.54212873e-005 4.03797476e-005 3.15458109e-005 2.91806758e-005 2.82078626e-005 2.20530173e-005 1.57817873e-005 
0.00000000e+000 4.82142857e+000 2.00000000e+001 9.22254452e-005 6.42774169e-005 4.16462856e-005 3.71243459e-005 2.92371951e-005 2.71194093e-005 2.62454063e-005 2.06424870e-005 1.48107334e-005 
0.00000000e+000 0.00000000e+000 2.00000000e+001 9.29616014e-005 6.45782228e-005 4.18284926e-005 3.72992067e-005 2.94207455e-005 2.73052194e-005 2.64314319e-005 2.08124314e-005 1.49370759e-005 
2.50000000e-001 3.50000000e+001 2.00000000e+001 1.98027566e-004 1.41385892e-004 9.15897114e-005 8.11952414e-005 6.25424204e-005 5.75096475e-005 5.54484335e-005 4.27765636e-005 3.06456153e-005 
2.50000000e-001 3.48214286e+001 2.00000000e+001 1.90889055e-004 1.37988388e-004 8.97575742e-005 7.96480868e-005 6.14683391e-005 5.65527336e-005 5.45381117e-005 4.21291290e-005 3.02190727e-005 
2.50000000e-001 3.42857143e+001 2.00000000e+001 1.74908848e-004 1.29936906e-004 8.52997964e-005 7.58568575e-005 5.87956451e-005 5.41603585e-005 5.22576500e-005 4.04871177e-005 2.91227123e-005 
2.50000000e-001 3.33928571e+001 2.00000000e+001 1.54261895e-004 1.18977227e-004 7.90979461e-005 7.05524022e-005 5.50114752e-005 5.07610605e-005 4.90125279e-005 3.81294019e-005 2.75333260e-005 
2.50000000e-001 3.21428571e+001 2.00000000e+001 1.31639337e-004 1.06261520e-004 7.17334359e-005 6.42160285e-005 5.04352310e-005 4.66354277e-005 4.50680780e-005 3.52378128e-005 2.55653809e-005 
2.50000000e-001 3.05357143e+001 2.00000000e+001 1.09383799e-004 9.30371461e-005 6.39136431e-005 5.74536051e-005 4.55014983e-005 4.21748856e-005 4.07984583e-005 3.20867570e-005 2.34054918e-005 
2.50000000e-001 2.85714286e+001 2.00000000e+001 8.87877147e-005 8.00426562e-005 5.60601099e-005 5.06261841e-005 4.04690034e-005 3.76123459e-005 3.64262421e-005 2.88390146e-005 2.11637051e-005 
2.50000000e-001 2.62500000e+001 2.00000000e+001 7.08259133e-005 6.80120496e-005 4.86395125e-005 4.41447683e-005 3.56503965e-005 3.32343317e-005 3.22272816e-005 2.57052620e-005 1.89889024e-005 
2.50000000e-001 2.35714286e+001 2.00000000e+001 5.58046150e-005 5.72929649e-005 4.18824020e-005 3.82141802e-005 3.12050713e-005 2.91879597e-005 2.83436149e-005 2.27952789e-005 1.69586318e-005 
2.50000000e-001 2.05357143e+001 2.00000000e+001 4.36184666e-005 4.79974274e-005 3.58909109e-005 3.29320616e-005 2.72211561e-005 2.55577409e-005 2.48580608e-005 2.01780244e-005 1.51243535e-005 
2.50000000e-001 1.71428571e+001 2.00000000e+001 3.41481957e-005 4.02863462e-005 3.08253114e-005 2.84547355e-005 2.38420530e-005 2.24811028e-005 2.19052182e-005 1.79653625e-005 1.35704952e-005 
2.50000000e-001 1.33928571e+001 2.00000000e+001 2.70122944e-005 3.40313408e-005 2.66395104e-005 2.47504301e-005 2.10540416e-005 1.99469146e-005 1.94747617e-005 1.61498152e-005 1.22915404e-005 
2.50000000e-001 9.28571429e+000 2.00000000e+001 2.19523903e-005 2.92294381e-005 2.33774022e-005 2.18654269e-005 1.88958619e-005 1.79897607e-005 1.75994615e-005 1.47537155e-005 1.13032989e-005 
2.50000000e-001 4.82142857e+000 2.00000000e+001 1.86950686e-005 2.58381436e-005 2.09909641e-005 1.97348983e-005 1.72708153e-005 1.65072032e-005 1.61752108e-005 1.36756685e-005 1.05260594e-005 
2.50000000e-001 0.00000000e+000 2.00000000e+001 1.83970538e-005 2.56690273e-005 2.09279869e-005 1.97001940e-005 1.72965538e-005 1.65483502e-005 1.62221031e-005 1.37431348e-005 1.05885991e-005 
5.00000000e-001 3.50000000e+001 2.00000000e+001 1.86613335e-004 1.31354938e-004 8.49175850e-005 7.52900812e-005 5.80730990e-005 5.34398000e-005 5.15434848e-005 3.98844172e-005 2.87142187e-005 
5.00000000e-001 3.48214286e+001 2.00000000e+001 1.75220372e-004 1.26174597e-004 8.22141216e-005 7.30305696e-005 5.65426237e-005 5.20874512e-005 5.02616102e-005 3.89939018e-005 2.81438118e-005 
5.00000000e-001 3.42857143e+001 2.00000000e+001 1.51730605e-004 1.14746416e-004 7.60633626e-005 6.78465395e-005 5.29660957e-005 4.89090281e-005 4.72414152e-005 3.68634605e-005 2.67558244e-005 
5.00000000e-001 3.33928571e+001 2.00000000e+001 1.23897541e-004 1.00190718e-004 6.79952487e-005 6.09942959e-005 4.81613687e-005 4.46181396e-005 4.31556574e-005 3.39446616e-005 2.48281137e-005 
5.00000000e-001 3.21428571e+001 2.00000000e+001 9.62710873e-005 8.44842525e-005 5.89979655e-005 5.32882238e-005 4.26616796e-005 3.96806938e-005 3.84438081e-005 3.05332645e-005 2.25426406e-005 
5.00000000e-001 3.05357143e+001 2.00000000e+001 7.17938142e-005 6.92673299e-005 4.99905806e-005 4.55107561e-005 3.70188352e-005 3.45905904e-005 3.35766504e-005 2.69681117e-005 2.01249118e-005 
5.00000000e-001 2.85714286e+001 2.00000000e+001 5.16182062e-005 5.54125733e-005 4.14921596e-005 3.81087372e-005 3.15539307e-005 2.96364994e-005 2.88298054e-005 2.34491157e-005 1.77084408e-005 
5.00000000e-001 2.62500000e+001 2.00000000e+001 3.60351758e-005 4.35248056e-005 3.39335864e-005 3.14689365e-005 2.65698622e-005 2.50977357e-005 2.44728155e-005 2.01844779e-005 1.54416250e-005 
5.00000000e-001 2.35714286e+001 2.00000000e+001 2.45731581e-005 3.37437534e-005 2.74744294e-005 2.57445199e-005 2.22008053e-005 2.11014385e-005 2.06296785e-005 1.72750753e-005 1.33987595e-005 
5.00000000e-001 2.05357143e+001 2.00000000e+001 1.64498329e-005 2.59373592e-005 2.21121535e-005 2.09501520e-005 1.84841266e-005 1.76885818e-005 1.73424761e-005 1.47639907e-005 1.16167309e-005 
5.00000000e-001 1.71428571e+001 2.00000000e+001 1.09360047e-005 1.99618361e-005 1.78519541e-005 1.71132659e-005 1.54770356e-005 1.49209787e-005 1.46744122e-005 1.27152749e-005 1.01512451e-005 
5.00000000e-001 1.33928571e+001 2.00000000e+001 7.32526523e-006 1.55264306e-005 1.45718960e-005 1.41407508e-005 1.31283389e-005 1.27559135e-005 1.25858975e-005 1.11043831e-005 8.98818511e-006 
5.00000000e-001 9.28571429e+000 2.00000000e+001 5.10115674e-006 1.24239647e-005 1.22004337e-005 1.19819387e-005 1.14138715e-005 1.11739302e-005 1.10591775e-005 9.92181372e-006 8.12482400e-006 
5.00000000e-001 4.82142857e+000 2.00000000e+001 3.87135838e-006 1.04600273e-005 1.06226791e-005 1.05268587e-005 1.02264985e-005 1.00690872e-005 9.98906013e-006 9.07343897e-006 7.48847959e-006 
5.00000000e-001 0.00000000e+000 2.00000000e+001 3.64285740e-006 1.02050094e-005 1.04719682e-005 1.04059126e-005 1.01693278e-005 1.00296893e-005 9.95671715e-006 9.07538421e-006 7.50624179e-006 
7.50000000e-001 3.50000000e+001 2.00000000e+001 1.82197692e-004 1.26812306e-004 8.15416984e-005 7.22036514e-005 5.55610287e-005 5.10992597e-005 4.92755865e-005 3.80986442e-005 2.74389635e-005 
7.50000000e-001 3.48214286e+001 2.00000000e+001 1.66985773e-004 1.19993417e-004 7.80267494e-005 6.92781764e-005 5.36002509e-005 4.93730894e-005 4.76420663e-005 3.69764334e-005 2.67303592e-005 
7.50000000e-001 3.42857143e+001 2.00000000e+001 1.37361376e-004 1.05647639e-004 7.03751930e-005 6.28508725e-005 4.92047853e-005 4.54791868e-005 4.39472363e-005 3.43951925e-005 2.50697371e-005 
7.50000000e-001 3.33928571e+001 2.00000000e+001 1.04562858e-004 8.82598745e-005 6.07623019e-005 5.47011716e-005 4.35217758e-005 4.04149882e-005 3.91299599e-005 3.09783870e-005 2.28355223e-005 
7.50000000e-001 3.21428571e+001 2.00000000e+001 7.45525332e-005 7.05308616e-005 5.05466257e-005 4.59491545e-005 3.72837629e-005 3.48198735e-005 3.37930030e-005 2.71297087e-005 2.02742379e-005 
7.50000000e-001 3.05357143e+001 2.00000000e+001 5.02971731e-005 5.43500114e-005 4.08055221e-005 3.75134373e-005 3.11380948e-005 2.92724746e-005 2.84875122e-005 2.32433478e-005 1.76457750e-005 
7.50000000e-001 2.85714286e+001 2.00000000e+001 3.22871969e-005 4.05577086e-005 3.20888359e-005 2.98752718e-005 2.54396895e-005 2.40936438e-005 2.35204644e-005 1.95439693e-005 1.51008519e-005 
7.50000000e-001 2.62500000e+001 2.00000000e+001 1.98742934e-005 2.95122728e-005 2.47431000e-005 2.33599080e-005 2.04614449e-005 1.95389638e-005 1.91399761e-005 1.62290303e-005 1.27834289e-005 
7.50000000e-001 2.35714286e+001 2.00000000e+001 1.18039612e-005 2.10624643e-005 1.88103931e-005 1.80305226e-005 1.62882717e-005 1.56950977e-005 1.54328981e-005 1.33787470e-005 1.07581117e-005 
7.50000000e-001 2.05357143e+001 2.00000000e+001 6.79529579e-006 1.48164812e-005 1.41672714e-005 1.38048242e-005 1.28978864e-005 1.25519795e-005 1.23936204e-005 1.10062081e-005 9.04503955e-006 
7.50000000e-001 1.71428571e+001 2.00000000e+001 3.83411272e-006 1.03883152e-005 1.06846697e-005 1.05971863e-005 1.02705203e-005 1.01036294e-005 1.00212367e-005 9.13214017e-006 7.67363686e-006 
7.50000000e-001 1.33928571e+001 2.00000000e+001 2.15260866e-006 7.35423466e-006 8.16269368e-006 8.24887269e-006 8.31194411e-006 8.27029295e-006 8.24153002e-006 7.71059128e-006 6.61829150e-006 
7.50000000e-001 9.28571429e+000 2.00000000e+001 1.25250215e-006 5.39717660e-006 6.45113030e-006 6.64047293e-006 6.95020477e-006 6.99070273e-006 6.99736035e-006 6.70620055e-006 5.86071255e-006 
7.50000000e-001 4.82142857e+000 2.00000000e+001 8.17866677e-007 4.26376381e-006 5.39700339e-006 5.63416131e-006 6.06970086e-006 6.15490504e-006 6.18115217e-006 6.02875581e-006 5.33283043e-006 
7.50000000e-001 0.00000000e+000 2.00000000e+001 7.21745750e-007 4.05786799e-006 5.24052386e-006 5.49703533e-006 5.97931760e-006 6.07916540e-006 6.11149825e-006 5.99322301e-006 5.32129959e-006 
1.00000000e+000 3.50000000e+001 2.00000000e+001 1.79865292e-004 1.24311714e-004 7.95948504e-005 7.03940516e-005 5.40256067e-005 4.96479451e-005 4.78603422e-005 3.69364178e-005 2.65659890e-005 
1.00000000e+000 3.48214286e+001 2.00000000e+001 1.61133469e-004 1.15960722e-004 7.53154229e-005 6.68397820e-005 5.16564032e-005 4.75663419e-005 4.58922201e-005 3.55926515e-005 2.57244571e-005 
1.00000000e+000 3.42857143e+001 2.00000000e+001 1.26316831e-004 9.90341662e-005 6.63122772e-005 5.92873721e-005 4.65119000e-005 4.30158347e-005 4.15773769e-005 3.25933346e-005 2.38083783e-005 
1.00000000e+000 3.33928571e+001 2.00000000e+001 9.00044891e-005 7.93657563e-005 5.54023273e-005 5.00369102e-005 4.00674532e-005 3.72768356e-005 3.61200076e-005 2.87333860e-005 2.12964805e-005 
1.00000000e+000 3.21428571e+001 2.00000000e+001 5.91439648e-005 6.02831857e-005 4.42795235e-005 4.04878936e-005 3.32409395e-005 3.11507933e-005 3.02757309e-005 2.45186248e-005 1.84969886e-005 
1.00000000e+000 3.05357143e+001 2.00000000e+001 3.62588397e-005 4.37942411e-005 3.41302022e-005 3.16577501e-005 2.67551166e-005 2.52845822e-005 2.46609359e-005 2.03901176e-005 1.56999636e-005 
1.00000000e+000 2.85714286e+001 2.00000000e+001 2.08732435e-005 3.05781513e-005 2.54803458e-005 2.40195904e-005 2.09745563e-005 2.00111447e-005 1.95954193e-005 1.65865258e-005 1.30677906e-005 
1.00000000e+000 2.62500000e+001 2.00000000e+001 1.13776147e-005 2.06713558e-005 1.85545522e-005 1.78071449e-005 1.61246130e-005 1.55477100e-005 1.52923783e-005 1.32868002e-005 1.07361020e-005 
1.00000000e+000 2.35714286e+001 2.00000000e+001 5.91017006e-006 1.36111393e-005 1.32554921e-005 1.29739592e-005 1.22268168e-005 1.19280151e-005 1.17897534e-005 1.05426807e-005 8.75521530e-006 
1.00000000e+000 2.05357143e+001 2.00000000e+001 2.93788991e-006 8.77214741e-006 9.33795501e-006 9.33799920e-006 9.19553512e-006 9.08744041e-006 9.03083812e-006 8.33475361e-006 7.12695376e-006 
1.00000000e+000 1.71428571e+001 2.00000000e+001 1.41190151e-006 5.59694064e-006 6.56200946e-006 6.71779423e-006 6.94302465e-006 6.95958133e-006 6.95737564e-006 6.64424191e-006 5.85639485e-006 
1.00000000e+000 1.33928571e+001 2.00000000e+001 6.64987224e-007 3.58789436e-006 4.66617667e-006 4.89959945e-006 5.33508511e-006 5.42932640e-006 5.46171535e-006 5.40310529e-006 4.90527568e-006 
1.00000000e+000 9.28571429e+000 2.00000000e+001 3.20553018e-007 2.39016973e-006 3.45257804e-006 3.71915100e-006 4.26466825e-006 4.40379587e-006 4.45659227e-006 4.55494887e-006 4.24204872e-006 
1.00000000e+000 4.82142857e+000 2.00000000e+001 1.75966584e-007 1.74959287e-006 2.75264887e-006 3.02550995e-006 3.61093599e-006 3.77012702e-006 3.83242886e-006 4.01153150e-006 3.80150258e-006 
1.00000000e+000 0.00000000e+000 2.00000000e+001 1.43078132e-007 1.61384837e-006 2.62280815e-006 2.90412627e-006 3.51590924e-006 3.68488636e-006 3.75147176e-006 3.95796576e-006 3.77245417e-006 
1.25000000e+000 3.50000000e+001 2.00000000e+001 1.78417818e-004 1.22738048e-004 7.83474747e-005 6.92259879e-005 5.30133924e-005 4.86834066e-005 4.69162867e-005 3.61404348e-005 2.59464086e-005 
1.25000000e+000 3.48214286e+001 2.00000000e+001 1.56394160e-004 1.12937663e-004 7.33410433e-005 6.50728513e-005 5.02538465e-005 4.62617138e-005 4.46278441e-005 3.45838527e-005 2.49766522e-005 
1.25000000e+000 3.42857143e+001 2.00000000e+001 1.17099386e-004 9.36919259e-005 6.31049458e-005 5.64901274e-005 4.44177032e-005 4.11033533e-005 3.97383865e-005 3.11943566e-005 2.28202295e-005 
1.25000000e+000 3.33928571e+001 2.00000000e+001 7.83119778e-005 7.21612997e-005 5.10923066e-005 4.62949598e-005 3.73071087e-005 3.47706566e-005 3.37165118e-005 2.69379014e-005 2.00559816e-005 
1.25000000e+000 3.21428571e+001 2.00000000e+001 4.75627995e-005 5.22053546e-005 3.92982608e-005 3.61405824e-005 3.00116729e-005 2.82160435e-005 2.74605305e-005 2.24167891e-005 1.70510508e-005 
1.25000000e+000 3.05357143e+001 2.00000000e+001 2.65704315e-005 3.58320312e-005 2.89720562e-005 2.71081306e-005 2.33105005e-005 2.21389927e-005 2.16377271e-005 1.81109065e-005 1.41216574e-005 
1.25000000e+000 2.85714286e+001 2.00000000e+001 1.37535948e-005 2.34604475e-005 2.05704230e-005 1.96267094e-005 1.75569218e-005 1.68670538e-005 1.65645456e-005 1.42633897e-005 1.14368860e-005 
1.25000000e+000 2.62500000e+001 2.00000000e+001 6.65508858e-006 1.47657607e-005 1.41695100e-005 1.38162861e-005 1.29145560e-005 1.25670018e-005 1.24079936e-005 1.10278525e-005 9.12044575e-006 
1.25000000e+000 2.35714286e+001 2.00000000e+001 3.03063333e-006 8.98833389e-006 9.52557990e-006 9.51269107e-006 9.33385867e-006 9.21248334e-006 9.15019104e-006 8.42246478e-006 7.20510639e-006 
1.25000000e+000 2.05357143e+001 2.00000000e+001 1.30391662e-006 5.31635038e-006 6.28109216e-006 6.43931720e-006 6.66631906e-006 6.68413850e-006 6.68294020e-006 6.39431492e-006 5.67344509e-006 
1.25000000e+000 1.71428571e+001 2.00000000e+001 5.35113488e-007 3.08939100e-006 4.11061631e-006 4.33774367e-006 4.76599562e-006 4.86304112e-006 4.89783870e-006 4.88899998e-006 4.50803022e-006 
1.25000000e+000 1.33928571e+001 2.00000000e+001 2.11972011e-007 1.79063402e-006 2.71291667e-006 2.95526442e-006 3.46601674e-006 3.60415414e-006 3.65853907e-006 3.81799054e-006 3.65801081e-006 
1.25000000e+000 9.28571429e+000 2.00000000e+001 8.45562214e-008 1.07620982e-006 1.86819074e-006 2.10326729e-006 2.63570282e-006 2.79229690e-006 2.85613683e-006 3.10832299e-006 3.08066617e-006 
1.25000000e+000 4.82142857e+000 2.00000000e+001 3.84817904e-008 7.22500216e-007 1.40923381e-006 1.62994523e-006 2.15311568e-006 2.31408993e-006 2.38081758e-006 2.67308388e-006 2.71258096e-006 
1.25000000e+000 0.00000000e+000 2.00000000e+001 2.83797042e-008 6.41959520e-007 1.31281546e-006 1.53440848e-006 2.06752275e-006 2.23371548e-006 2.30291600e-006 2.61396506e-006 2.67449210e-006 
1.50000000e+000 3.50000000e+001 2.00000000e+001 1.77427786e-004 1.21655861e-004 7.74829585e-005 6.84137853e-005 5.23024492e-005 4.80031049e-005 4.62491107e-005 3.55692425e-005 2.54911670e-005 
1.50000000e+000 3.48214286e+001 2.00000000e+001 1.52297012e-004 1.10473550e-004 7.17803837e-005 6.36865336e-005 4.91677140e-005 4.52542476e-005 4.36524068e-005 3.38073567e-005 2.43973304e-005 
1.50000000e+000 3.42857143e+001 2.00000000e+001 1.09096225e-004 8.91218277e-005 6.04090043e-005 5.41518464e-005 4.26879281e-005 3.95289902e-005 3.82265571e-005 3.00515408e-005 2.20137821e-005 
1.50000000e+000 3.33928571e+001 2.00000000e+001 6.86138634e-005 6.60607134e-005 4.74509794e-005 4.31390746e-005 3.49900660e-005 3.26701280e-005 3.17032840e-005 2.54382472e-005 1.90192751e-005 
1.50000000e+000 3.21428571e+001 2.00000000e+001 3.85935763e-005 4.55886172e-005 3.51688978e-005 3.25298695e-005 2.73220795e-005 2.57701372e-005 2.51136017e-005 2.06607257e-005 1.58371450e-005 
1.50000000e+000 3.05357143e+001 2.00000000e+001 1.96836534e-005 2.96083949e-005 2.48320772e-005 2.34361496e-005 2.05012875e-005 1.95661772e-005 1.91619805e-005 1.62299433e-005 1.28059107e-005 
1.50000000e+000 2.85714286e+001 2.00000000e+001 9.17776623e-006 1.82061265e-005 1.67905915e-005 1.62128584e-005 1.48516025e-005 1.43650691e-005 1.41472796e-005 1.23849867e-005 1.00968484e-005 
1.50000000e+000 2.62500000e+001 2.00000000e+001 3.94866283e-006 1.06844697e-005 1.09553946e-005 1.08510171e-005 1.04640058e-005 1.02735741e-005 1.01813145e-005 9.24834270e-006 7.81853654e-006 
1.50000000e+000 2.35714286e+001 2.00000000e+001 1.57867026e-006 6.02167743e-006 6.93910351e-006 7.06835477e-006 7.21459343e-006 7.20174625e-006 7.18684953e-006 6.80146271e-006 5.98392942e-006 
1.50000000e+000 2.05357143e+001 2.00000000e+001 5.88695575e-007 3.27346312e-006 4.28732786e-006 4.50389679e-006 4.89545056e-006 4.97777862e-006 5.00607804e-006 4.95818831e-006 4.55600402e-006 
1.50000000e+000 1.71428571e+001 2.00000000e+001 2.06618681e-007 1.73469103e-006 2.61412309e-006 2.84139151e-006 3.31269530e-006 3.43855805e-006 3.48806010e-006 3.63257625e-006 3.49671207e-006 
1.50000000e+000 1.33928571e+001 2.00000000e+001 6.89753304e-008 9.09235156e-007 1.59936579e-006 1.80559000e-006 2.27558849e-006 2.41611182e-006 2.47404305e-006 2.71848619e-006 2.74348273e-006 
1.50000000e+000 9.28571429e+000 2.00000000e+001 2.27974005e-008 4.91443016e-007 1.02088684e-006 1.19995989e-006 1.63989463e-006 1.78133856e-006 1.84119273e-006 2.13063731e-006 2.24443601e-006 
1.50000000e+000 4.82142857e+000 2.00000000e+001 8.53656699e-009 3.00160370e-007 7.24097678e-007 8.80873575e-007 1.28673792e-006 1.42323980e-006 1.48187271e-006 1.78372049e-006 1.93747442e-006 
1.50000000e+000 0.00000000e+000 2.00000000e+001 5.63230936e-009 2.55406786e-007 6.57182617e-007 8.10783545e-007 1.21587657e-006 1.35411384e-006 1.41376393e-006 1.72640882e-006 1.89613711e-006 
1.75000000e+000 3.50000000e+001 2.00000000e+001 1.76704779e-004 1.20864892e-004 7.68484189e-005 6.78166561e-005 5.17771627e-005 4.74993927e-005 4.57546117e-005 3.51423106e-005 2.51458065e-005 
1.75000000e+000 3.48214286e+001 2.00000000e+001 1.48622273e-004 1.08357664e-004 7.04758794e-005 6.25363245e-005 4.82801939e-005 4.44344509e-005 4.28599981e-005 3.31816356e-005 2.39315438e-005 
1.75000000e+000 3.42857143e+001 2.00000000e+001 1.01989946e-004 8.50796358e-005 5.80520463e-005 5.21162519e-005 4.11977872e-005 3.81773838e-005 3.69305382e-005 2.90801479e-005 2.13324782e-005 
1.75000000e+000 3.33928571e+001 2.00000000e+001 6.04151333e-005 6.07591541e-005 4.42794302e-005 4.03920298e-005 3.29792328e-005 3.08495656e-005 2.99594175e-005 2.41440871e-005 1.81270218e-005 
1.75000000e+000 3.21428571e+001 2.00000000e+001 3.15184992e-005 4.00430031e-005 3.16548210e-005 2.94487209e-005 2.50175790e-005 2.36727336e-005 2.31004755e-005 1.91521846e-005 1.47920214e-005 
1.75000000e+000 3.05357143e+001 2.00000000e+001 1.46969552e-005 2.46368308e-005 2.14281280e-005 2.03983675e-005 1.81511576e-005 1.74075044e-005 1.70822788e-005 1.46390308e-005 1.16845556e-005 
1.75000000e+000 2.85714286e+001 2.00000000e+001 6.18056436e-006 1.42433501e-005 1.38125779e-005 1.34967576e-005 1.26587167e-005 1.23265423e-005 1.21735872e-005 1.08320019e-005 8.97397348e-006 
1.75000000e+000 2.62500000e+001 2.00000000e+001 2.36706712e-006 7.80243808e-006 8.54540759e-006 8.59689356e-006 8.55071080e-006 8.46940659e-006 8.42415378e-006 7.81770054e-006 6.75093019e-006 
1.75000000e+000 2.35714286e+001 2.00000000e+001 8.31658858e-007 4.07560231e-006 5.10489202e-006 5.30333734e-006 5.62877070e-006 5.68171808e-006 5.69631444e-006 5.53915701e-006 5.00705051e-006 
1.75000000e+000 2.05357143e+001 2.00000000e+001 2.69040005e-007 2.03846892e-006 2.95822217e-006 3.18377054e-006 3.63106710e-006 3.74325109e-006 3.78615428e-006 3.87818346e-006 3.68584227e-006 
1.75000000e+000 1.71428571e+001 2.00000000e+001 8.08302990e-008 9.86172201e-007 1.68172388e-006 1.88212645e-006 2.32598484e-006 2.45510327e-006 2.50789848e-006 2.72152667e-006 2.73061703e-006 
1.75000000e+000 1.33928571e+001 2.00000000e+001 2.27693040e-008 4.67801129e-007 9.53624300e-007 1.11500927e-006 1.50765130e-006 1.63358724e-006 1.68700817e-006 1.94890212e-006 2.06844421e-006 
1.75000000e+000 9.28571429e+000 2.00000000e+001 6.24555433e-009 2.27073697e-007 5.62769482e-007 6.90043252e-007 1.02664607e-006 1.14286803e-006 1.19341703e-006 1.46666924e-006 1.64024640e-006 
1.75000000e+000 4.82142857e+000 2.00000000e+001 1.91722680e-009 1.25409092e-007 3.73366329e-007 4.77503779e-007 7.70664863e-007 8.77064271e-007 9.24085056e-007 1.19191077e-006 1.38519368e-006 
1.75000000e+000 0.00000000e+000 2.00000000e+001 1.11842653e-009 1.01633492e-007 3.29013389e-007 4.28456972e-007 7.15080906e-007 8.20929800e-007 8.67956650e-007 1.14025927e-006 1.34434027e-006 
2.00000000e+000 3.50000000e+001 2.00000000e+001 1.76151224e-004 1.20260650e-004 7.63624586e-005 6.73588844e-005 5.13733307e-005 4.71117051e-005 4.53738073e-005 3.48120249e-005 2.48762091e-005 
2.00000000e+000 3.48214286e+001 2.00000000e+001 1.45251142e-004 1.06477901e-004 6.93426882e-005 6.15437557e-005 4.75254209e-005 4.37403491e-005 4.21903239e-005 3.26582813e-005 2.35447622e-005 
2.00000000e+000 3.42857143e+001 2.00000000e+001 9.55900734e-005 8.14286059e-005 5.59382495e-005 5.02961290e-005 3.98761454e-005 3.69820918e-005 3.57858791e-005 2.82292417e-005 2.07404600e-005 
2.00000000e+000 3.33928571e+001 2.00000000e+001 5.33962236e-005 5.60750121e-005 4.14620630e-005 3.79509161e-005 3.11940996e-005 2.92346013e-005 2.84130967e-005 2.30000405e-005 1.73410506e-005 
2.00000000e+000 3.21428571e+001 2.00000000e+001 2.58676028e-005 3.53249626e-005 2.86124389e-005 2.67719391e-005 2.30043143e-005 2.18381802e-005 2.13388519e-005 1.78294729e-005 1.38742388e-005 
2.00000000e+000 3.05357143e+001 2.00000000e+001 1.10397482e-005 2.06075844e-005 1.85838547e-005 1.78430527e-005 1.61499032e-005 1.55634071e-005 1.53033609e-005 1.32685778e-005 1.07120354e-005 
2.00000000e+000 2.85714286e+001 2.00000000e+001 4.19130857e-006 1.12111430e-005 1.14290396e-005 1.13006244e-005 1.08509512e-005 1.06371225e-005 1.05343528e-005 9.52614523e-006 8.01809030e-006 
2.00000000e+000 2.62500000e+001 2.00000000e+001 1.43011366e-006 5.73717674e-006 6.70970116e-006 6.85569792e-006 7.03217425e-006 7.02663505e-006 7.01458607e-006 6.64911437e-006 5.86275381e-006 
2.00000000e+000 2.35714286e+001 2.00000000e+001 4.41890132e-007 2.77963061e-006 3.78332511e-006 4.00825399e-006 4.42297826e-006 4.51428472e-006 4.54674844e-006 4.54150384e-006 4.21539714e-006 
2.00000000e+000 2.05357143e+001 2.00000000e+001 1.24088809e-007 1.28013937e-006 2.05790168e-006 2.26885767e-006 2.71434880e-006 2.83658799e-006 2.88539696e-006 3.05503264e-006 3.00058276e-006 
2.00000000e+000 1.71428571e+001 2.00000000e+001 3.19321276e-008 5.65859861e-007 1.09158950e-006 1.25767810e-006 1.64663393e-006 1.76696045e-006 1.81740591e-006 2.05338969e-006 2.14502009e-006 
2.00000000e+000 1.33928571e+001 2.00000000e+001 7.59638279e-009 2.43134920e-007 5.73858523e-007 6.94654680e-007 1.00666765e-006 1.11270829e-006 1.15869058e-006 1.40574792e-006 1.56704075e-006 
2.00000000e+000 9.28571429e+000 2.00000000e+001 1.73162801e-009 1.05954774e-007 3.12625360e-007 3.99624750e-007 6.46378777e-007 7.37092738e-007 7.77469643e-007 1.01365104e-006 1.20224431e-006 
2.00000000e+000 4.82142857e+000 2.00000000e+001 4.35167382e-010 5.26749738e-008 1.93167718e-007 2.59606459e-007 4.62561052e-007 5.41527207e-007 5.77312615e-007 7.97541540e-007 9.91291015e-007 
2.00000000e+000 0.00000000e+000 2.00000000e+001 2.22212704e-010 4.04501961e-008 1.64735075e-007 2.26437191e-007 4.20578737e-007 4.97714551e-007 5.32894779e-007 7.53146811e-007 9.53146635e-007 
2.25000000e+000 3.50000000e+001 2.00000000e+001 1.75712013e-004 1.19783286e-004 7.59780183e-005 6.69964975e-005 5.10530476e-005 4.68040098e-005 4.50714760e-005 3.45491064e-005 2.46604386e-005 
2.25000000e+000 3.48214286e+001 2.00000000e+001 1.42112402e-004 1.04768620e-004 6.83311179e-005 6.06627457e-005 4.68642017e-005 4.31348128e-005 4.16071399e-005 3.22073820e-005 2.32147092e-005 
2.25000000e+000 3.42857143e+001 2.00000000e+001 8.97703457e-005 7.80841506e-005 5.40094671e-005 4.86386529e-005 3.86797214e-005 3.59025061e-005 3.47530925e-005 2.74669047e-005 2.02143634e-005 
2.25000000e+000 3.33928571e+001 2.00000000e+001 4.73334068e-005 5.18890695e-005 3.89254051e-005 3.57507261e-005 2.95840594e-005 2.77784102e-005 2.70190466e-005 2.19706373e-005 1.66360895e-005 
2.25000000e+000 3.21428571e+001 2.00000000e+001 2.13131977e-005 3.12685861e-005 2.59467758e-005 2.44173214e-005 2.12212602e-005 2.02108024e-005 1.97752146e-005 1.66520624e-005 1.30558178e-005 
2.25000000e+000 3.05357143e+001 2.00000000e+001 8.33231899e-006 1.73082080e-005 1.61800665e-005 1.56681793e-005 1.44239968e-005 1.39674859e-005 1.37616840e-005 1.20717842e-005 9.85697401e-006 
2.25000000e+000 2.85714286e+001 2.00000000e+001 2.85808821e-006 8.86672336e-006 9.49973473e-006 9.50429290e-006 9.34228756e-006 9.21945953e-006 9.15570803e-006 8.41386682e-006 7.19405484e-006 
2.25000000e+000 2.62500000e+001 2.00000000e+001 8.69405314e-007 4.24141328e-006 5.29546292e-006 5.49501215e-006 5.81222602e-006 5.85862387e-006 5.86984242e-006 5.68271117e-006 5.11512128e-006 
2.25000000e+000 2.35714286e+001 2.00000000e+001 2.36383810e-007 1.90710905e-006 2.82001143e-006 3.04670386e-006 3.49496152e-006 3.60669170e-006 3.64931324e-006 3.74360835e-006 3.56683903e-006 
2.25000000e+000 2.05357143e+001 2.00000000e+001 5.76485438e-008 8.09186564e-007 1.44071992e-006 1.62710370e-006 2.04166516e-006 2.16274139e-006 2.21238342e-006 2.42063158e-006 2.45565827e-006 
2.25000000e+000 1.71428571e+001 2.00000000e+001 1.27117641e-008 3.27021054e-007 7.13528971e-007 8.46266862e-007 1.17351457e-006 1.28005685e-006 1.32559790e-006 1.55856498e-006 1.69374617e-006 
2.25000000e+000 1.33928571e+001 2.00000000e+001 2.55515489e-009 1.27372964e-007 3.47928745e-007 4.35938055e-007 6.76633495e-007 7.62764319e-007 8.00822775e-007 1.01949260e-006 1.19241678e-006 
2.25000000e+000 9.28571429e+000 2.00000000e+001 4.84549313e-010 4.98440828e-008 1.74839696e-007 2.32887966e-007 4.09068600e-007 4.77681477e-007 5.08861423e-007 7.03186998e-007 8.83686896e-007 
2.25000000e+000 4.82142857e+000 2.00000000e+001 9.96671988e-011 2.22339345e-008 1.00260424e-007 1.41540096e-007 2.78210824e-007 3.34983234e-007 3.61317066e-007 5.34372970e-007 7.10072017e-007 
2.25000000e+000 0.00000000e+000 2.00000000e+001 4.41742066e-011 1.61021363e-008 8.24904099e-008 1.19681345e-007 2.47380704e-007 3.01771398e-007 3.27195365e-007 4.97475515e-007 6.75804769e-007 
2.50000000e+000 3.50000000e+001 2.00000000e+001 1.75353702e-004 1.19396049e-004 7.56660229e-005 6.67022686e-005 5.07926569e-005 4.65537285e-005 4.48255021e-005 3.43348337e-005 2.44840071e-005 
2.50000000e+000 3.48214286e+001 2.00000000e+001 1.39159949e-004 1.03188512e-004 6.74100153e-005 5.98644015e-005 4.62718582e-005 4.25943910e-005 4.10875156e-005 3.18097066e-005 2.29266153e-005 
2.50000000e+000 3.42857143e+001 2.00000000e+001 8.44409385e-005 7.49898963e-005 5.22278215e-005 4.71095662e-005 3.75805783e-005 3.49123989e-005 3.38066582e-005 2.67722899e-005 1.97385261e-005 
2.50000000e+000 3.33928571e+001 2.00000000e+001 4.20612636e-005 4.81173906e-005 3.66193291e-005 3.37474571e-005 2.81153009e-005 2.64497726e-005 2.57470951e-005 2.10321509e-005 1.59948983e-005 
2.50000000e+000 3.21428571e+001 2.00000000e+001 1.76171339e-005 2.77538539e-005 2.35907402e-005 2.23272443e-005 1.96262851e-005 1.87522919e-005 1.83727809e-005 1.55921228e-005 1.23172728e-005 
2.50000000e+000 3.05357143e+001 2.00000000e+001 6.31350929e-006 1.45855184e-005 1.41314024e-005 1.38010033e-005 1.29215710e-005 1.25730284e-005 1.24125878e-005 1.10157969e-005 9.09708654e-006 
2.50000000e+000 2.85714286e+001 2.00000000e+001 1.95778919e-006 7.03977244e-006 7.92494101e-006 8.02228853e-006 8.07165510e-006 8.01866616e-006 7.98524207e-006 7.45707025e-006 6.47653001e-006 
2.50000000e+000 2.62500000e+001 2.00000000e+001 5.31213534e-007 3.14934429e-006 4.19659933e-006 4.42237984e-006 4.82311436e-006 4.90418397e-006 4.93139734e-006 4.87575347e-006 4.47976396e-006 
2.50000000e+000 2.35714286e+001 2.00000000e+001 1.27147992e-007 1.31478637e-006 2.11165768e-006 2.32638458e-006 2.77404552e-006 2.89443314e-006 2.94206086e-006 3.09938816e-006 3.03068233e-006 
2.50000000e+000 2.05357143e+001 2.00000000e+001 2.69397522e-008 5.14180941e-007 1.01377143e-006 1.17277845e-006 1.54336473e-006 1.65716575e-006 1.70475468e-006 1.92718932e-006 2.01869273e-006 
2.50000000e+000 1.71428571e+001 2.00000000e+001 5.09181757e-009 1.90072397e-007 4.69034161e-007 5.72630191e-007 8.40926673e-007 9.32354855e-007 9.72089737e-007 1.18899156e-006 1.34346004e-006 
2.50000000e+000 1.33928571e+001 2.00000000e+001 8.65115401e-010 6.71511300e-008 2.12249525e-007 2.75235467e-007 4.57379835e-007 5.25753224e-007 5.56484467e-007 7.42932473e-007 9.10987466e-007 
2.50000000e+000 9.28571429e+000 2.00000000e+001 1.36580490e-010 2.36076342e-008 9.83563342e-008 1.36471284e-007 2.60098890e-007 3.10931376e-007 3.34481263e-007 4.89521496e-007 6.51276052e-007 
2.50000000e+000 4.82142857e+000 2.00000000e+001 2.30026062e-011 9.42765146e-009 5.21977880e-008 7.73778267e-008 1.67668800e-007 2.07594960e-007 2.26528684e-007 3.58513416e-007 5.09105919e-007 
2.50000000e+000 0.00000000e+000 2.00000000e+001 8.78627776e-012 6.41099076e-009 4.13109894e-008 6.32620440e-008 1.45515966e-007 1.82978129e-007 2.00906976e-007 3.28609252e-007 4.79174602e-007 
END