TITLE="3SCB_ER_E_WD000.dat"
VARIABLES= "Density" "Radius" "Height" "0.1053" "0.356" "0.6617" "0.7889" "1.1732" "1.3325" "1.408" "2" "3" 
ZONE T="3D Data" I=11 J=8 K=3 F=POINT
0.00000000e+000 2.18750000e+000 0.00000000e+000 3.72066647e-004 2.50650196e-004 1.59638006e-004 1.40947994e-004 1.07626460e-004 9.86880023e-005 9.50336141e-005 7.27274607e-005 5.16511851e-005 
0.00000000e+000 6.56250000e+000 0.00000000e+000 3.38229329e-004 2.28271189e-004 1.45985185e-004 1.29105944e-004 9.89813620e-005 9.08738709e-005 8.75537025e-005 6.71813637e-005 4.77664321e-005 
0.00000000e+000 1.09375000e+001 0.00000000e+000 2.80734990e-004 1.89670421e-004 1.22232900e-004 1.08452594e-004 8.38208059e-005 7.71478441e-005 7.44056290e-005 5.73930354e-005 4.08843609e-005 
0.00000000e+000 1.53125000e+001 0.00000000e+000 2.24620736e-004 1.52366224e-004 9.90637710e-005 8.82376457e-005 6.88764603e-005 6.35921588e-005 6.14111883e-005 4.76853262e-005 3.40496308e-005 
0.00000000e+000 1.96875000e+001 0.00000000e+000 1.94277850e-004 1.32376062e-004 8.58382418e-005 7.64194599e-005 5.96895027e-005 5.51484019e-005 5.32755710e-005 4.14635249e-005 2.96384955e-005 
0.00000000e+000 2.40625000e+001 0.00000000e+000 1.91629000e-004 1.30627251e-004 8.41250081e-005 7.46765552e-005 5.79316041e-005 5.34219256e-005 5.15688663e-005 3.99910091e-005 2.85342694e-005 
0.00000000e+000 2.84375000e+001 0.00000000e+000 2.02499289e-004 1.37806576e-004 8.83360147e-005 7.82624592e-005 6.03945575e-005 5.55948511e-005 5.36265069e-005 4.14185294e-005 2.94810976e-005 
0.00000000e+000 3.28125000e+001 0.00000000e+000 2.24653916e-004 1.52416334e-004 9.73502616e-005 8.61330265e-005 6.62296312e-005 6.08898052e-005 5.87022695e-005 4.51988560e-005 3.21086996e-005 
2.50000000e-001 2.18750000e+000 0.00000000e+000 8.09662418e-005 1.05034524e-004 8.30540669e-005 7.71617549e-005 6.51720250e-005 6.14955286e-005 5.99263227e-005 4.91360422e-005 3.73132700e-005 
2.50000000e-001 6.56250000e+000 0.00000000e+000 7.68394711e-005 9.75710669e-005 7.69988895e-005 7.15591298e-005 6.05323135e-005 5.71499155e-005 5.57047083e-005 4.57245134e-005 3.47119441e-005 
2.50000000e-001 1.09375000e+001 0.00000000e+000 6.99846937e-005 8.46459829e-005 6.64201537e-005 6.17496918e-005 5.23708719e-005 4.94950035e-005 4.82637756e-005 3.96897355e-005 3.00934989e-005 
2.50000000e-001 1.53125000e+001 0.00000000e+000 6.43981026e-005 7.25964019e-005 5.63138007e-005 5.23257715e-005 4.44490163e-005 4.20451722e-005 4.10145836e-005 3.37778810e-005 2.55502576e-005 
2.50000000e-001 1.96875000e+001 0.00000000e+000 6.60690847e-005 6.85259784e-005 5.17174517e-005 4.77687147e-005 4.01826626e-005 3.79275141e-005 3.69674128e-005 3.03132490e-005 2.28128624e-005 
2.50000000e-001 2.40625000e+001 0.00000000e+000 7.80381462e-005 7.43019574e-005 5.42514039e-005 4.96676275e-005 4.10212997e-005 3.85213118e-005 3.74682780e-005 3.03818092e-005 2.26586901e-005 
2.50000000e-001 2.84375000e+001 0.00000000e+000 1.00809242e-004 8.75475173e-005 6.17890828e-005 5.60769019e-005 4.54639311e-005 4.24591275e-005 4.12040886e-005 3.29808947e-005 2.43282187e-005 
2.50000000e-001 3.28125000e+001 0.00000000e+000 1.43757352e-004 1.11754804e-004 7.57525635e-005 6.80646324e-005 5.40516919e-005 5.01727320e-005 4.85659859e-005 3.83076710e-005 2.78902956e-005 
5.00000000e-001 2.18750000e+000 0.00000000e+000 1.78066259e-005 4.41654882e-005 4.32936099e-005 4.23114503e-005 3.95091187e-005 3.83585246e-005 3.78246913e-005 3.32203142e-005 2.69683163e-005 
5.00000000e-001 6.56250000e+000 0.00000000e+000 1.82545302e-005 4.23416060e-005 4.09639437e-005 3.99547850e-005 3.72076834e-005 3.61043080e-005 3.55941652e-005 3.12178150e-005 2.52794145e-005 
5.00000000e-001 1.09375000e+001 0.00000000e+000 1.94588662e-005 3.93157957e-005 3.69377637e-005 3.58608896e-005 3.31761855e-005 3.21470602e-005 3.16750657e-005 2.76813294e-005 2.22813102e-005 
5.00000000e-001 1.53125000e+001 0.00000000e+000 2.21943437e-005 3.72956557e-005 3.34864291e-005 3.22534463e-005 2.94778865e-005 2.84839906e-005 2.80345243e-005 2.43349475e-005 1.93998827e-005 
5.00000000e-001 1.96875000e+001 0.00000000e+000 2.85038781e-005 3.95537911e-005 3.33526848e-005 3.16765837e-005 2.82261442e-005 2.70993379e-005 2.66030655e-005 2.27665523e-005 1.78954241e-005 
5.00000000e-001 2.40625000e+001 0.00000000e+000 4.12763952e-005 4.81200846e-005 3.80630969e-005 3.55721874e-005 3.06770132e-005 2.91823099e-005 2.85399671e-005 2.39158628e-005 1.84549794e-005 
5.00000000e-001 2.84375000e+001 0.00000000e+000 6.52525930e-005 6.39428969e-005 4.74653135e-005 4.36596935e-005 3.64324850e-005 3.43253681e-005 3.34355635e-005 2.73804057e-005 2.06917155e-005 
5.00000000e-001 3.28125000e+001 0.00000000e+000 1.17321150e-004 9.41699782e-005 6.49415708e-005 5.86562443e-005 4.71510690e-005 4.39418291e-005 4.26081677e-005 3.39803188e-005 2.50521347e-005 
7.50000000e-001 2.18750000e+000 0.00000000e+000 3.95792519e-006 1.86347303e-005 2.26113057e-005 2.32395001e-005 2.39788074e-005 2.39507720e-005 2.38973977e-005 2.24754881e-005 1.95007743e-005 
7.50000000e-001 6.56250000e+000 0.00000000e+000 4.50902311e-006 1.86392134e-005 2.19748497e-005 2.24675475e-005 2.29845131e-005 2.29099956e-005 2.28399213e-005 2.13789112e-005 1.84490695e-005 
7.50000000e-001 1.09375000e+001 0.00000000e+000 5.83666728e-006 1.88928828e-005 2.09745267e-005 2.12045840e-005 2.12885167e-005 2.11213426e-005 2.10174682e-005 1.94626654e-005 1.65906132e-005 
7.50000000e-001 1.53125000e+001 0.00000000e+000 8.38629557e-006 2.02273635e-005 2.06457251e-005 2.05239751e-005 2.00136961e-005 1.97105367e-005 1.95551507e-005 1.78008475e-005 1.48908606e-005 
7.50000000e-001 1.96875000e+001 0.00000000e+000 1.34227426e-005 2.43722866e-005 2.25637776e-005 2.19307819e-005 2.04979401e-005 1.99608198e-005 1.97129036e-005 1.74891963e-005 1.42719140e-005 
7.50000000e-001 2.40625000e+001 0.00000000e+000 2.36603384e-005 3.33268375e-005 2.81464323e-005 2.67359231e-005 2.38483493e-005 2.29159326e-005 2.25071071e-005 1.93531759e-005 1.53467407e-005 
7.50000000e-001 2.84375000e+001 0.00000000e+000 4.53730769e-005 4.97413592e-005 3.84061932e-005 3.56774918e-005 3.03943779e-005 2.88156006e-005 2.81429553e-005 2.34216663e-005 1.80109508e-005 
7.50000000e-001 3.28125000e+001 0.00000000e+000 1.01298345e-004 8.37125891e-005 5.83339856e-005 5.28330807e-005 4.27302434e-005 3.98998938e-005 3.87217707e-005 3.10501864e-005 2.30419511e-005 
1.00000000e+000 2.18750000e+000 0.00000000e+000 8.89077055e-007 7.88958810e-006 1.18322442e-005 1.27852488e-005 1.45697504e-005 1.49698185e-005 1.51127467e-005 1.52165571e-005 1.41077380e-005 
1.00000000e+000 6.56250000e+000 0.00000000e+000 1.15036929e-006 8.31471624e-006 1.18819598e-005 1.27203313e-005 1.42668523e-005 1.46002009e-005 1.47159809e-005 1.46848588e-005 1.34923089e-005 
1.00000000e+000 1.09375000e+001 0.00000000e+000 1.83799640e-006 9.33301637e-006 1.21287455e-005 1.27402089e-005 1.38217157e-005 1.40250138e-005 1.40878082e-005 1.37882966e-005 1.24200381e-005 
1.00000000e+000 1.53125000e+001 0.00000000e+000 3.30889586e-006 1.13748618e-005 1.30842709e-005 1.33903577e-005 1.38556288e-005 1.38856218e-005 1.38773885e-005 1.31964999e-005 1.15427892e-005 
1.00000000e+000 1.96875000e+001 0.00000000e+000 6.53758123e-006 1.55739956e-005 1.57537996e-005 1.56393047e-005 1.52587427e-005 1.50472461e-005 1.49393302e-005 1.36830169e-005 1.15428873e-005 
1.00000000e+000 2.40625000e+001 0.00000000e+000 1.39890785e-005 2.38706127e-005 2.14707148e-005 2.07026294e-005 1.90325098e-005 1.84496865e-005 1.81874529e-005 1.59879803e-005 1.29745550e-005 
1.00000000e+000 2.84375000e+001 0.00000000e+000 3.24833956e-005 3.98582515e-005 3.19668535e-005 2.99663680e-005 2.59997787e-005 2.47802791e-005 2.42556429e-005 2.04558778e-005 1.59499982e-005 
1.00000000e+000 3.28125000e+001 0.00000000e+000 8.95070410e-005 7.61658737e-005 5.36211753e-005 4.86833056e-005 3.95675795e-005 3.69993466e-005 3.59283216e-005 2.89140828e-005 2.15418880e-005 
1.25000000e+000 2.18750000e+000 0.00000000e+000 2.01775723e-007 3.35179878e-006 6.20367448e-006 7.04540025e-006 8.86280448e-006 9.36597784e-006 9.56651844e-006 1.03092150e-005 1.02110510e-005 
1.25000000e+000 6.56250000e+000 0.00000000e+000 3.01221275e-007 3.75414863e-006 6.47280337e-006 7.24851600e-006 8.89678268e-006 9.34322465e-006 9.51928542e-006 1.01163058e-005 9.88746844e-006 
1.25000000e+000 1.09375000e+001 0.00000000e+000 5.96955277e-007 4.71166367e-006 7.12316610e-006 7.76147634e-006 9.06895246e-006 9.40278126e-006 9.53037763e-006 9.83733411e-006 9.34534045e-006 
1.25000000e+000 1.53125000e+001 0.00000000e+000 1.33495653e-006 6.54845799e-006 8.46191431e-006 8.90348076e-006 9.74469986e-006 9.92703563e-006 9.98955345e-006 9.89641768e-006 9.02630539e-006 
1.25000000e+000 1.96875000e+001 0.00000000e+000 3.23763938e-006 1.01559136e-005 1.12236977e-005 1.13746697e-005 1.15634441e-005 1.15390137e-005 1.15131829e-005 1.08607227e-005 9.44519086e-006 
1.25000000e+000 2.40625000e+001 0.00000000e+000 8.40981574e-006 1.74089820e-005 1.66838000e-005 1.63272748e-005 1.54561335e-005 1.51082154e-005 1.49452472e-005 1.34091791e-005 1.11110327e-005 
1.25000000e+000 2.84375000e+001 0.00000000e+000 2.36496457e-005 3.24552868e-005 2.70408066e-005 2.55780998e-005 2.25916183e-005 2.16410492e-005 2.12273365e-005 1.81222336e-005 1.43045153e-005 
1.25000000e+000 3.28125000e+001 0.00000000e+000 8.01824895e-005 7.01645619e-005 4.99133244e-005 4.54299876e-005 3.71044944e-005 3.47433444e-005 3.37564720e-005 2.72525960e-005 2.03662714e-005 
1.50000000e+000 2.18750000e+000 0.00000000e+000 4.62374133e-008 1.42886265e-006 3.25890659e-006 3.88881072e-006 5.39740545e-006 5.86583041e-006 6.06153105e-006 6.98935030e-006 7.39419779e-006 
1.50000000e+000 6.56250000e+000 0.00000000e+000 8.05235985e-008 1.71347683e-006 3.55077802e-006 4.15569661e-006 5.57265694e-006 6.00298884e-006 6.18122688e-006 6.98883726e-006 7.26025001e-006 
1.50000000e+000 1.09375000e+001 0.00000000e+000 1.97862329e-007 2.41886796e-006 4.23805393e-006 4.78464985e-006 6.00631691e-006 6.35832041e-006 6.50091951e-006 7.06410758e-006 7.06551288e-006 
1.50000000e+000 1.53125000e+001 0.00000000e+000 5.45870431e-007 3.82784813e-006 5.55340924e-006 6.00443752e-006 6.93968265e-006 7.18176435e-006 7.27478801e-006 7.49440639e-006 7.11316554e-006 
1.50000000e+000 1.96875000e+001 0.00000000e+000 1.62040937e-006 6.70253352e-006 8.10094181e-006 8.38185203e-006 8.87528536e-006 8.95965398e-006 8.98278747e-006 8.71761546e-006 7.80283100e-006 
1.50000000e+000 2.40625000e+001 0.00000000e+000 5.11216786e-006 1.28350735e-005 1.31135978e-005 1.30267354e-005 1.26987641e-005 1.25158394e-005 1.24232620e-005 1.13703872e-005 9.60978284e-006 
1.50000000e+000 2.84375000e+001 0.00000000e+000 1.74187391e-005 2.66949190e-005 2.31050781e-005 2.20539251e-005 1.98301373e-005 1.90916018e-005 1.87656270e-005 1.62138514e-005 1.29478879e-005 
1.50000000e+000 3.28125000e+001 0.00000000e+000 7.25323298e-005 6.51488036e-005 4.68233073e-005 4.27249351e-005 3.50699830e-005 3.28840853e-005 3.19682695e-005 2.58914533e-005 1.94046686e-005 
1.75000000e+000 2.18750000e+000 0.00000000e+000 1.06893792e-008 6.11192677e-007 1.71528169e-006 2.15002115e-006 3.29074352e-006 3.67744276e-006 3.84440292e-006 4.74187542e-006 5.35697078e-006 
1.75000000e+000 6.56250000e+000 0.00000000e+000 2.18851355e-008 7.89614028e-007 1.96044582e-006 2.39611822e-006 3.50526964e-006 3.87162706e-006 4.02836794e-006 4.84147857e-006 5.34151425e-006 
1.75000000e+000 1.09375000e+001 0.00000000e+000 6.65173429e-008 1.25792454e-006 2.54873166e-006 2.97913036e-006 4.01063637e-006 4.33246164e-006 4.46724925e-006 5.10273036e-006 5.36572903e-006 
1.75000000e+000 1.53125000e+001 0.00000000e+000 2.25328364e-007 2.26049791e-006 3.68348775e-006 4.09207984e-006 4.99082782e-006 5.24518223e-006 5.34741887e-006 5.72202956e-006 5.64337619e-006 
1.75000000e+000 1.96875000e+001 0.00000000e+000 8.17387177e-007 4.45755456e-006 5.89753449e-006 6.23122508e-006 6.87409881e-006 7.02008281e-006 7.07202324e-006 7.05793718e-006 6.49608267e-006 
1.75000000e+000 2.40625000e+001 0.00000000e+000 3.13357546e-006 9.53228174e-006 1.03857548e-005 1.04737404e-005 1.05167066e-005 1.04517066e-005 1.04101035e-005 9.71884611e-006 8.37460014e-006 
1.75000000e+000 2.84375000e+001 0.00000000e+000 1.29426797e-005 2.21132772e-005 1.98776134e-005 1.91456361e-005 1.75264979e-005 1.69593436e-005 1.67046713e-005 1.46076148e-005 1.17999072e-005 
1.75000000e+000 3.28125000e+001 0.00000000e+000 6.61115115e-005 6.08353046e-005 4.41585366e-005 4.03935463e-005 3.33228388e-005 3.12902070e-005 3.04365543e-005 2.47320555e-005 1.85899653e-005 
2.00000000e+000 2.18750000e+000 0.00000000e+000 2.49082780e-009 2.62308770e-007 9.04558785e-007 1.19064511e-006 2.00862210e-006 2.30782327e-006 2.44058412e-006 3.21933171e-006 3.88289051e-006 
2.00000000e+000 6.56250000e+000 0.00000000e+000 6.02833838e-009 3.66963757e-007 1.08882321e-006 1.38887534e-006 2.21365829e-006 2.50606637e-006 2.63446362e-006 3.36277310e-006 3.93731908e-006 
2.00000000e+000 1.09375000e+001 0.00000000e+000 2.25982496e-008 6.60741478e-007 1.54639314e-006 1.87050359e-006 2.69716509e-006 2.97188537e-006 3.08980068e-006 3.70570541e-006 4.09175150e-006 
2.00000000e+000 1.53125000e+001 0.00000000e+000 9.37037391e-008 1.34449956e-006 2.46222466e-006 2.81070286e-006 3.61692416e-006 3.85976832e-006 3.96010078e-006 4.39864336e-006 4.50342627e-006 
2.00000000e+000 1.96875000e+001 0.00000000e+000 4.14950236e-007 2.98055087e-006 4.31899139e-006 4.66094201e-006 5.35906132e-006 5.53689816e-006 5.60479311e-006 5.75216565e-006 5.44195511e-006 
2.00000000e+000 2.40625000e+001 0.00000000e+000 1.93367501e-006 7.11756094e-006 8.26950652e-006 8.46684076e-006 8.75882371e-006 8.77797988e-006 8.77339817e-006 8.35614059e-006 7.34075002e-006 
2.00000000e+000 2.84375000e+001 0.00000000e+000 9.68518763e-006 1.84171086e-005 1.71869240e-005 1.67035467e-005 1.55671979e-005 1.51401038e-005 1.49441135e-005 1.32270316e-005 1.08084287e-005 
2.00000000e+000 3.28125000e+001 0.00000000e+000 6.06369653e-005 5.70570274e-005 4.18102922e-005 3.83378482e-005 3.17834668e-005 2.98871298e-005 2.90888486e-005 2.37162077e-005 1.78803300e-005 
2.25000000e+000 2.18750000e+000 0.00000000e+000 5.84480175e-010 1.12940931e-007 4.77935587e-007 6.60438318e-007 1.22743137e-006 1.44977044e-006 1.55087545e-006 2.18717573e-006 2.81578009e-006 
2.25000000e+000 6.56250000e+000 0.00000000e+000 1.67895101e-009 1.71812481e-007 6.08005339e-007 8.08966922e-007 1.40322485e-006 1.62771977e-006 1.72856429e-006 2.34162643e-006 2.90760789e-006 
2.25000000e+000 1.09375000e+001 0.00000000e+000 7.74121853e-009 3.49786440e-007 9.45086810e-007 1.18265844e-006 1.82504218e-006 2.05053686e-006 2.14931342e-006 2.70414838e-006 3.13217530e-006 
2.25000000e+000 1.53125000e+001 0.00000000e+000 3.92093332e-008 8.03922007e-007 1.65541825e-006 1.94201572e-006 2.63706183e-006 2.85733385e-006 2.95023048e-006 3.40044528e-006 3.61177688e-006 
2.25000000e+000 1.96875000e+001 0.00000000e+000 2.11799172e-007 2.00112445e-006 3.17660167e-006 3.50191002e-006 4.19807854e-006 4.38858609e-006 4.46402394e-006 4.71195355e-006 4.58175317e-006 
2.25000000e+000 2.40625000e+001 0.00000000e+000 1.19998153e-006 5.33701881e-006 6.61102991e-006 6.87215227e-006 7.32512349e-006 7.40339144e-006 7.42542217e-006 7.21621371e-006 6.46351852e-006 
2.25000000e+000 2.84375000e+001 0.00000000e+000 7.29083822e-006 1.54052082e-005 1.49184703e-005 1.46287270e-005 1.38786116e-005 1.35664892e-005 1.34190592e-005 1.20222853e-005 9.93854376e-006 
2.25000000e+000 3.28125000e+001 0.00000000e+000 5.59139519e-005 5.37048206e-005 3.97104579e-005 3.64971488e-005 3.04033296e-005 2.86294052e-005 2.78809630e-005 2.28079169e-005 1.72489309e-005 
2.50000000e+000 2.18750000e+000 0.00000000e+000 1.37995628e-010 4.87795259e-008 2.53000863e-007 3.66932505e-007 7.50912997e-007 9.11664950e-007 9.86456119e-007 1.48697611e-006 2.04291413e-006 
2.50000000e+000 6.56250000e+000 0.00000000e+000 4.71942129e-010 8.09684572e-008 3.41186944e-007 4.73301850e-007 8.92623994e-007 1.06064126e-006 1.13770429e-006 1.63452099e-006 2.15102008e-006 
2.50000000e+000 1.09375000e+001 0.00000000e+000 2.66998042e-009 1.86328211e-007 5.81067777e-007 7.52132312e-007 1.24148498e-006 1.42204453e-006 1.50257642e-006 1.98182242e-006 2.40604781e-006 
2.50000000e+000 1.53125000e+001 0.00000000e+000 1.64954996e-008 4.82677601e-007 1.11791616e-006 1.34792617e-006 1.93181628e-006 2.12537355e-006 2.20841614e-006 2.64106308e-006 2.90911723e-006 
2.50000000e+000 1.96875000e+001 0.00000000e+000 1.08625053e-007 1.34798683e-006 2.34405803e-006 2.63995332e-006 3.30057299e-006 3.49141000e-006 3.56885466e-006 3.87520420e-006 3.87309168e-006 
2.50000000e+000 2.40625000e+001 0.00000000e+000 7.48326968e-007 4.01579456e-006 5.30201172e-006 5.59543505e-006 6.14563800e-006 6.26419039e-006 6.30493267e-006 6.25286629e-006 5.71114670e-006 
2.50000000e+000 2.84375000e+001 0.00000000e+000 5.51676843e-006 1.29322556e-005 1.29904265e-005 1.28510712e-005 1.24096627e-005 1.21920267e-005 1.20848584e-005 1.09593286e-005 9.16612570e-006 
2.50000000e+000 3.28125000e+001 0.00000000e+000 5.18011735e-005 5.07021693e-005 3.78128427e-005 3.48307493e-005 2.91506282e-005 2.74874150e-005 2.67841504e-005 2.19838096e-005 1.66780059e-005 
0.00000000e+000 2.18750000e+000 1.00000000e+001 2.11820027e-004 1.43503357e-004 9.33488740e-005 8.31504360e-005 6.48931393e-005 5.99077692e-005 5.78502864e-005 4.49088730e-005 3.20678660e-005 
0.00000000e+000 6.56250000e+000 1.00000000e+001 1.98616750e-004 1.35140823e-004 8.81565532e-005 7.86127448e-005 6.15270050e-005 5.68525327e-005 5.49210721e-005 4.27220191e-005 3.05352148e-005 
0.00000000e+000 1.09375000e+001 1.00000000e+001 1.70879059e-004 1.16933520e-004 7.66933531e-005 6.85457070e-005 5.39696639e-005 4.99674553e-005 4.83096582e-005 3.77433247e-005 2.70249056e-005 
0.00000000e+000 1.53125000e+001 1.00000000e+001 1.45984052e-004 1.00809110e-004 6.63131127e-005 5.93531327e-005 4.69418740e-005 4.35327766e-005 4.21185482e-005 3.30368836e-005 2.36944529e-005 
0.00000000e+000 1.96875000e+001 1.00000000e+001 1.38007510e-004 9.57361289e-005 6.23598888e-005 5.56197497e-005 4.37003804e-005 4.04678849e-005 3.91328605e-005 3.06330290e-005 2.19550894e-005 
0.00000000e+000 2.40625000e+001 1.00000000e+001 1.45512554e-004 1.00784738e-004 6.49873505e-005 5.77006738e-005 4.48218736e-005 4.13635905e-005 3.99431877e-005 3.10484195e-005 2.21762264e-005 
0.00000000e+000 2.84375000e+001 1.00000000e+001 1.63793210e-004 1.12878120e-004 7.21784329e-005 6.38692676e-005 4.91669394e-005 4.52361468e-005 4.36270008e-005 3.36777147e-005 2.39640820e-005 
0.00000000e+000 3.28125000e+001 1.00000000e+001 1.92754787e-004 1.32039664e-004 8.39425779e-005 7.41041909e-005 5.66743436e-005 5.20236767e-005 5.01234811e-005 3.84766295e-005 2.72913027e-005 
2.50000000e-001 2.18750000e+000 1.00000000e+001 4.51171913e-005 5.94051642e-005 4.81236937e-005 4.51383944e-005 3.90210454e-005 3.70847931e-005 3.62453428e-005 3.01759997e-005 2.30615139e-005 
2.50000000e-001 6.56250000e+000 1.00000000e+001 4.35097251e-005 5.65952692e-005 4.58045892e-005 4.29787509e-005 3.72093219e-005 3.53824730e-005 3.45895909e-005 2.88309637e-005 2.20351578e-005 
2.50000000e-001 1.09375000e+001 1.00000000e+001 3.98095500e-005 5.02447626e-005 4.05465020e-005 3.80673578e-005 3.30534898e-005 3.14665808e-005 3.07763707e-005 2.57144236e-005 1.96502653e-005 
2.50000000e-001 1.53125000e+001 1.00000000e+001 3.73925016e-005 4.51253502e-005 3.60400449e-005 3.37929659e-005 2.93285791e-005 2.79298393e-005 2.73219613e-005 2.28479122e-005 1.74359313e-005 
2.50000000e-001 1.96875000e+001 1.00000000e+001 4.05257524e-005 4.57113689e-005 3.54111944e-005 3.29389666e-005 2.81656953e-005 2.67249163e-005 2.61064472e-005 2.16793948e-005 1.64566356e-005 
2.50000000e-001 2.40625000e+001 1.00000000e+001 5.10149424e-005 5.27675913e-005 3.93970820e-005 3.62553803e-005 3.02860722e-005 2.85443660e-005 2.78076606e-005 2.27592461e-005 1.70999132e-005 
2.50000000e-001 2.84375000e+001 1.00000000e+001 7.20740017e-005 6.69022755e-005 4.78694775e-005 4.35542293e-005 3.54955335e-005 3.32076711e-005 3.22513235e-005 2.59484775e-005 1.92424903e-005 
2.50000000e-001 3.28125000e+001 1.00000000e+001 1.15439301e-004 9.31113554e-005 6.33020845e-005 5.68465534e-005 4.50565802e-005 4.18028117e-005 4.04577332e-005 3.19097736e-005 2.32742140e-005 
5.00000000e-001 2.18750000e+000 1.00000000e+001 9.71275800e-006 2.46765834e-005 2.48572924e-005 2.45440354e-005 2.34907477e-005 2.29800597e-005 2.27310513e-005 2.02906192e-005 1.65926076e-005 
5.00000000e-001 6.56250000e+000 1.00000000e+001 9.97258761e-006 2.40623283e-005 2.40040201e-005 2.36689637e-005 2.26168505e-005 2.21196109e-005 2.18779157e-005 1.95167445e-005 1.59350706e-005 
5.00000000e-001 1.09375000e+001 1.00000000e+001 1.03945457e-005 2.24771237e-005 2.19375913e-005 2.15616472e-005 2.05227393e-005 2.00588181e-005 1.98350264e-005 1.76668040e-005 1.43710029e-005 
5.00000000e-001 1.53125000e+001 1.00000000e+001 1.16877984e-005 2.17981536e-005 2.04827296e-005 1.99909439e-005 1.88222594e-005 1.83528599e-005 1.81312576e-005 1.60649064e-005 1.29784819e-005 
5.00000000e-001 1.96875000e+001 1.00000000e+001 1.54895643e-005 2.43808297e-005 2.15139881e-005 2.06809168e-005 1.89275724e-005 1.83220613e-005 1.80487606e-005 1.57507499e-005 1.25637599e-005 
5.00000000e-001 2.40625000e+001 1.00000000e+001 2.39245118e-005 3.15761654e-005 2.60004974e-005 2.45370055e-005 2.16081857e-005 2.06890044e-005 2.02893585e-005 1.72789933e-005 1.35178181e-005 
5.00000000e-001 2.84375000e+001 1.00000000e+001 4.24127956e-005 4.58628849e-005 3.49536204e-005 3.23366063e-005 2.73107413e-005 2.58299784e-005 2.52023095e-005 2.08551356e-005 1.59279069e-005 
5.00000000e-001 3.28125000e+001 1.00000000e+001 9.03010829e-005 7.60449833e-005 5.28312768e-005 4.77454335e-005 3.84013757e-005 3.57990235e-005 3.47192568e-005 2.77505449e-005 2.05513479e-005 
7.50000000e-001 2.18750000e+000 1.00000000e+001 2.11336341e-006 1.02859550e-005 1.28645206e-005 1.33679262e-005 1.41576946e-005 1.42544009e-005 1.42694552e-005 1.36531551e-005 1.19440202e-005 
7.50000000e-001 6.56250000e+000 1.00000000e+001 2.38040467e-006 1.03800083e-005 1.26848892e-005 1.31280349e-005 1.38156174e-005 1.38895406e-005 1.38961099e-005 1.32519814e-005 1.15479874e-005 
7.50000000e-001 1.09375000e+001 1.00000000e+001 2.95471063e-006 1.04217641e-005 1.21267526e-005 1.24401287e-005 1.29096757e-005 1.29365633e-005 1.29259992e-005 1.22365716e-005 1.05695129e-005 
7.50000000e-001 1.53125000e+001 1.00000000e+001 4.09935360e-006 1.11811237e-005 1.20960888e-005 1.22279976e-005 1.23753906e-005 1.23248876e-005 1.22845423e-005 1.14707835e-005 9.76598502e-006 
7.50000000e-001 1.96875000e+001 1.00000000e+001 6.67415151e-006 1.40228063e-005 1.37716496e-005 1.36019438e-005 1.31721552e-005 1.29667594e-005 1.28640314e-005 1.17112153e-005 9.75287727e-006 
7.50000000e-001 2.40625000e+001 1.00000000e+001 1.25258986e-005 2.04370670e-005 1.81898632e-005 1.75083887e-005 1.60712436e-005 1.55802339e-005 1.53598419e-005 1.35024700e-005 1.09166554e-005 
7.50000000e-001 2.84375000e+001 1.00000000e+001 2.74040284e-005 3.38259456e-005 2.70464388e-005 2.53290118e-005 2.19540969e-005 2.09281549e-005 2.04881659e-005 1.73051661e-005 1.35087861e-005 
7.50000000e-001 3.28125000e+001 1.00000000e+001 7.57322050e-005 6.60155574e-005 4.64450239e-005 4.21146386e-005 3.41286328e-005 3.18940470e-005 3.09652582e-005 2.49237238e-005 1.86144009e-005 
1.00000000e+000 2.18750000e+000 1.00000000e+001 4.64760247e-007 4.30232805e-006 6.67080594e-006 7.29290035e-006 8.54251860e-006 8.85093708e-006 8.96635151e-006 9.19337123e-006 8.60192096e-006 
1.00000000e+000 6.56250000e+000 1.00000000e+001 5.88146921e-007 4.53934253e-006 6.75751618e-006 7.33193026e-006 8.48039631e-006 8.75948901e-006 8.86278567e-006 9.02523846e-006 8.38614647e-006 
1.00000000e+000 1.09375000e+001 1.00000000e+001 8.89608407e-007 4.98075082e-006 6.83424712e-006 7.29922271e-006 8.22019162e-006 8.43497752e-006 8.51198609e-006 8.54126497e-006 7.81607789e-006 
1.00000000e+000 1.53125000e+001 1.00000000e+001 1.52736050e-006 5.99116786e-006 7.36923782e-006 7.69040840e-006 8.30971809e-006 8.43678510e-006 8.47746148e-006 8.30580481e-006 7.42327219e-006 
1.00000000e+000 1.96875000e+001 1.00000000e+001 3.03585419e-006 8.45657501e-006 9.15469566e-006 9.26195978e-006 9.42595670e-006 9.41644853e-006 9.39988709e-006 8.88102583e-006 7.68330652e-006 
1.00000000e+000 2.40625000e+001 1.00000000e+001 6.88495895e-006 1.38240502e-005 1.32166563e-005 1.29465188e-005 1.23200734e-005 1.20715480e-005 1.19542698e-005 1.07951523e-005 8.97413663e-006 
1.00000000e+000 2.84375000e+001 1.00000000e+001 1.84574133e-005 2.59040116e-005 2.16528309e-005 2.04987925e-005 1.81673976e-005 1.74327620e-005 1.71136467e-005 1.46979953e-005 1.16755735e-005 
1.00000000e+000 3.28125000e+001 1.00000000e+001 6.54515954e-005 5.89478874e-005 4.19533248e-005 3.81478224e-005 3.10922069e-005 2.91067454e-005 2.82799560e-005 2.28668949e-005 1.71681992e-005 
1.25000000e+000 2.18750000e+000 1.00000000e+001 1.03281323e-007 1.80577184e-006 3.46583712e-006 3.98524278e-006 5.16032437e-006 5.50138408e-006 5.63955182e-006 6.19470430e-006 6.19796861e-006 
1.25000000e+000 6.56250000e+000 1.00000000e+001 1.49489223e-007 2.01037031e-006 3.62763591e-006 4.12206137e-006 5.23006870e-006 5.54753136e-006 5.67532825e-006 6.16474837e-006 6.10252256e-006 
1.25000000e+000 1.09375000e+001 1.00000000e+001 2.78152138e-007 2.43988039e-006 3.91738587e-006 4.34752723e-006 5.29298898e-006 5.55576836e-006 5.65986730e-006 6.00561212e-006 5.81019083e-006 
1.25000000e+000 1.53125000e+001 1.00000000e+001 5.88241982e-007 3.30940714e-006 4.59998909e-006 4.94569525e-006 5.67986173e-006 5.87081266e-006 5.94359383e-006 6.08947143e-006 5.69504823e-006 
1.25000000e+000 1.96875000e+001 1.00000000e+001 1.42164043e-006 5.25170094e-006 6.24815412e-006 6.46660858e-006 6.89175369e-006 6.97824686e-006 7.00550024e-006 6.84586589e-006 6.13073480e-006 
1.25000000e+000 2.40625000e+001 1.00000000e+001 3.89090646e-006 9.59703892e-006 9.84082430e-006 9.80292451e-006 9.64970286e-006 9.54817453e-006 9.49425312e-006 8.78430740e-006 7.48493002e-006 
1.25000000e+000 2.84375000e+001 1.00000000e+001 1.27434717e-005 2.02716121e-005 1.76982023e-005 1.69311566e-005 1.53251627e-005 1.47952638e-005 1.45613981e-005 1.26947319e-005 1.02378420e-005 
1.25000000e+000 3.28125000e+001 1.00000000e+001 5.76042385e-005 5.34672638e-005 3.84860884e-005 3.50907227e-005 2.87571510e-005 2.69630063e-005 2.62142164e-005 2.12780980e-005 1.60385086e-005 
1.50000000e+000 2.18750000e+000 1.00000000e+001 2.31815274e-008 7.60539752e-007 1.80419555e-006 2.18136262e-006 3.12079912e-006 3.42292309e-006 3.55053586e-006 4.17705650e-006 4.46799089e-006 
1.50000000e+000 6.56250000e+000 1.00000000e+001 3.88718663e-008 9.00639497e-007 1.96159659e-006 2.33210369e-006 3.24019448e-006 3.52770115e-006 3.64839244e-006 4.22299698e-006 4.44971212e-006 
1.50000000e+000 1.09375000e+001 1.00000000e+001 8.91924611e-008 1.21892232e-006 2.27837800e-006 2.62364436e-006 3.44277140e-006 3.69330231e-006 3.79695873e-006 4.25164723e-006 4.34059384e-006 
1.50000000e+000 1.53125000e+001 1.00000000e+001 2.31213284e-007 1.86681972e-006 2.92513695e-006 3.23663707e-006 3.93982709e-006 4.14194491e-006 4.22321433e-006 4.51351179e-006 4.40595205e-006 
1.50000000e+000 1.96875000e+001 1.00000000e+001 6.78270478e-007 3.32336048e-006 4.34322585e-006 4.59625818e-006 5.12157985e-006 5.25287162e-006 5.30175224e-006 5.34785854e-006 4.94547681e-006 
1.50000000e+000 2.40625000e+001 1.00000000e+001 2.24061487e-006 6.77466397e-006 7.44737375e-006 7.54274150e-006 7.67448079e-006 7.66582868e-006 7.65255903e-006 7.24496724e-006 6.31597883e-006 
1.50000000e+000 2.84375000e+001 1.00000000e+001 8.95183506e-006 1.60896922e-005 1.46630255e-005 1.41731914e-005 1.30971385e-005 1.27193620e-005 1.25491411e-005 1.10979895e-005 9.07613740e-006 
1.50000000e+000 3.28125000e+001 1.00000000e+001 5.13579143e-005 4.89924167e-005 3.56531913e-005 3.25956319e-005 2.68579412e-005 2.52213467e-005 2.45366668e-005 1.99899582e-005 1.51204556e-005 
1.75000000e+000 2.18750000e+000 1.00000000e+001 5.25132800e-009 3.21420046e-007 9.41033044e-007 1.19596879e-006 1.88952456e-006 2.13189050e-006 2.23750385e-006 2.81853947e-006 3.22243491e-006 
1.75000000e+000 6.56250000e+000 1.00000000e+001 1.02951298e-008 4.07668472e-007 1.06792437e-006 1.32728229e-006 2.01616122e-006 2.25210320e-006 2.35418797e-006 2.90095432e-006 3.25096810e-006 
1.75000000e+000 1.09375000e+001 1.00000000e+001 2.91097219e-008 6.18446353e-007 1.34155774e-006 1.60132344e-006 2.25961703e-006 2.47572788e-006 2.56776821e-006 3.02902446e-006 3.25796253e-006 
1.75000000e+000 1.53125000e+001 1.00000000e+001 9.21715758e-008 1.06864126e-006 1.88637534e-006 2.14703142e-006 2.76582208e-006 2.95572558e-006 3.03443085e-006 3.37709626e-006 3.43431370e-006 
1.75000000e+000 1.96875000e+001 1.00000000e+001 3.28019304e-007 2.13016160e-006 3.05832873e-006 3.30905227e-006 3.85305559e-006 4.00172672e-006 4.06011144e-006 4.22270373e-006 4.02614805e-006 
1.75000000e+000 2.40625000e+001 1.00000000e+001 1.30851713e-006 4.83862319e-006 5.70036996e-006 5.86948020e-006 6.17124889e-006 6.22202172e-006 6.23531115e-006 6.03707197e-006 5.37937508e-006 
1.75000000e+000 2.84375000e+001 1.00000000e+001 6.37153311e-006 1.29011142e-005 1.22645260e-005 1.19765911e-005 1.12965918e-005 1.10351992e-005 1.09140076e-005 9.78846531e-006 8.11380499e-006 
1.75000000e+000 3.28125000e+001 1.00000000e+001 4.62513711e-005 4.52246785e-005 3.32557597e-005 3.04838043e-005 2.52530272e-005 2.37509528e-005 2.31210307e-005 1.89061357e-005 1.43494544e-005 
2.00000000e+000 2.18750000e+000 1.00000000e+001 1.19956112e-009 1.36300236e-007 4.91779875e-007 6.56795898e-007 1.14534770e-006 1.32915422e-006 1.41141392e-006 1.90318913e-006 2.32522508e-006 
2.00000000e+000 6.56250000e+000 1.00000000e+001 2.76760004e-009 1.86229800e-007 5.85061931e-007 7.59619115e-007 1.25973995e-006 1.44316705e-006 1.52455556e-006 1.99819632e-006 2.37975688e-006 
2.00000000e+000 1.09375000e+001 1.00000000e+001 9.62516737e-009 3.17623838e-007 7.98150321e-007 9.86837911e-007 1.49495566e-006 1.67194900e-006 1.74907076e-006 2.17055545e-006 2.45616041e-006 
2.00000000e+000 1.53125000e+001 1.00000000e+001 3.71402298e-008 6.18248393e-007 1.22950666e-006 1.43922080e-006 1.96057833e-006 2.12906386e-006 2.20042707e-006 2.54727547e-006 2.69481685e-006 
2.00000000e+000 1.96875000e+001 1.00000000e+001 1.60325158e-007 1.37809163e-006 2.17386404e-006 2.40485485e-006 2.92578593e-006 3.07672077e-006 3.13777260e-006 3.36305632e-006 3.30295708e-006 
2.00000000e+000 2.40625000e+001 1.00000000e+001 7.72716366e-007 3.48645149e-006 4.39975477e-006 4.60539576e-006 5.00317145e-006 5.09135804e-006 5.12188424e-006 5.07040676e-006 4.61577442e-006 
2.00000000e+000 2.84375000e+001 1.00000000e+001 4.58306287e-006 1.04258980e-005 1.03318181e-005 1.01915806e-005 9.81016012e-006 9.63904839e-006 9.55622443e-006 8.69101431e-006 7.30037333e-006 
2.00000000e+000 3.28125000e+001 1.00000000e+001 4.19966768e-005 4.19872670e-005 3.11797459e-005 2.86531100e-005 2.38609832e-005 2.24760475e-005 2.18938861e-005 1.79687586e-005 1.36846744e-005 
2.25000000e+000 2.18750000e+000 1.00000000e+001 2.76063726e-010 5.79908439e-008 2.57500061e-007 3.61291611e-007 6.95056570e-007 8.29523362e-007 8.91180723e-007 1.28600869e-006 1.67862944e-006 
2.25000000e+000 6.56250000e+000 1.00000000e+001 7.53195667e-010 8.57665181e-008 3.22387280e-007 4.36995103e-007 7.90212717e-007 9.28110128e-007 9.90688296e-007 1.37997757e-006 1.74530237e-006 
2.25000000e+000 1.09375000e+001 1.00000000e+001 3.21504408e-009 1.64706419e-007 4.78974239e-007 6.13156265e-007 9.96016018e-007 1.13660662e-006 1.19908101e-006 1.56365585e-006 1.85932024e-006 
2.25000000e+000 1.53125000e+001 1.00000000e+001 1.50964431e-008 3.60533721e-007 8.07940474e-007 9.72640395e-007 1.40070164e-006 1.54538513e-006 1.60776089e-006 1.93458343e-006 2.12697560e-006 
2.25000000e+000 1.96875000e+001 1.00000000e+001 7.90472875e-008 8.97923642e-007 1.55614615e-006 1.76017941e-006 2.23757907e-006 2.38242442e-006 2.44224279e-006 2.69693035e-006 2.72702594e-006 
2.25000000e+000 2.40625000e+001 1.00000000e+001 4.60514425e-007 2.52977397e-006 3.41785411e-006 3.63660097e-006 4.08159233e-006 4.19216533e-006 4.23350700e-006 4.28476075e-006 3.98417143e-006 
2.25000000e+000 2.84375000e+001 1.00000000e+001 3.32568909e-006 8.47911103e-006 8.75279792e-006 8.72031900e-006 8.56423495e-006 8.46352733e-006 8.41093420e-006 7.75620007e-006 6.60166116e-006 
2.25000000e+000 3.28125000e+001 1.00000000e+001 3.84000121e-005 3.91649523e-005 2.93531470e-005 2.70396043e-005 2.26313668e-005 2.13496787e-005 2.08097064e-005 1.71414288e-005 1.30995416e-005 
2.50000000e+000 2.18750000e+000 1.00000000e+001 6.39526699e-011 2.47522320e-008 1.35088046e-007 1.99066479e-007 4.22279790e-007 5.18232134e-007 5.63245530e-007 8.69581003e-007 1.21242169e-006 
2.50000000e+000 6.56250000e+000 1.00000000e+001 2.07096493e-010 3.97832538e-008 1.78590417e-007 2.52602281e-007 4.97528370e-007 5.98903466e-007 6.45875265e-007 9.55431530e-007 1.28234412e-006 
2.50000000e+000 1.09375000e+001 1.00000000e+001 1.08282428e-009 8.60726901e-008 2.89516633e-007 3.83628111e-007 6.67675371e-007 7.77190599e-007 8.26725954e-007 1.13188206e-006 1.41290159e-006 
2.50000000e+000 1.53125000e+001 1.00000000e+001 6.18163013e-009 2.11556059e-007 5.34314988e-007 6.61548969e-007 1.00707384e-006 1.12876677e-006 1.18205117e-006 1.47782579e-006 1.68742394e-006 
2.50000000e+000 1.96875000e+001 1.00000000e+001 3.92629634e-008 5.88424732e-007 1.12012605e-006 1.29546390e-006 1.72082819e-006 1.85515046e-006 1.91155326e-006 2.17478106e-006 2.26350714e-006 
2.50000000e+000 2.40625000e+001 1.00000000e+001 2.76597699e-007 1.84620512e-006 2.66888202e-006 2.88621482e-006 3.34621198e-006 3.46874463e-006 3.51638664e-006 3.63850495e-006 3.45553467e-006 
2.50000000e+000 2.84375000e+001 1.00000000e+001 2.43147287e-006 6.93238075e-006 7.44936686e-006 7.49484207e-006 7.50813832e-006 7.46235088e-006 7.43361813e-006 6.95005957e-006 5.99382101e-006 
2.50000000e+000 3.28125000e+001 1.00000000e+001 3.53240042e-005 3.66774407e-005 2.77270432e-005 2.56002117e-005 2.15307814e-005 2.03408765e-005 1.98384975e-005 1.64001580e-005 1.25762126e-005 
0.00000000e+000 2.18750000e+000 2.00000000e+001 8.84209783e-005 6.15381669e-005 3.99410222e-005 3.56488772e-005 2.81866933e-005 2.61810755e-005 2.53519598e-005 1.99997715e-005 1.43657256e-005 
0.00000000e+000 6.56250000e+000 2.00000000e+001 9.57883016e-005 6.66691416e-005 4.31575349e-005 3.84503720e-005 3.02259004e-005 2.80176826e-005 2.71069649e-005 2.12869702e-005 1.52619866e-005 
0.00000000e+000 1.09375000e+001 2.00000000e+001 1.05321746e-004 7.32895023e-005 4.71772384e-005 4.18978894e-005 3.26340989e-005 3.01567619e-005 2.91390283e-005 2.27302050e-005 1.62505409e-005 
0.00000000e+000 1.53125000e+001 2.00000000e+001 1.18649481e-004 8.22466446e-005 5.25913625e-005 4.65487465e-005 3.59061864e-005 3.30704447e-005 3.19096939e-005 2.47057395e-005 1.75997726e-005 
0.00000000e+000 1.96875000e+001 2.00000000e+001 1.36435333e-004 9.40383148e-005 5.98370193e-005 5.28380669e-005 4.04613846e-005 3.71654842e-005 3.58191565e-005 2.75510814e-005 1.95593406e-005 
0.00000000e+000 2.40625000e+001 2.00000000e+001 1.59654478e-004 1.09317522e-004 6.92888702e-005 6.10893636e-005 4.65562048e-005 4.26844690e-005 4.11043892e-005 3.14633284e-005 2.22754820e-005 
0.00000000e+000 2.84375000e+001 2.00000000e+001 1.89762611e-004 1.29040718e-004 8.15151647e-005 7.17876102e-005 5.45373382e-005 4.99421888e-005 4.80678385e-005 3.66753195e-005 2.59167718e-005 
0.00000000e+000 3.28125000e+001 2.00000000e+001 2.29320511e-004 1.54925786e-004 9.76133858e-005 8.58974466e-005 6.51269604e-005 5.95971769e-005 5.73424901e-005 4.36702095e-005 3.08290506e-005 
2.50000000e-001 2.18750000e+000 2.00000000e+001 1.76848643e-005 2.45830706e-005 2.00497582e-005 1.88830482e-005 1.66061898e-005 1.58975873e-005 1.55883096e-005 1.32255656e-005 1.01950488e-005 
2.50000000e-001 6.56250000e+000 2.00000000e+001 1.99187922e-005 2.71183894e-005 2.19191222e-005 2.05767775e-005 1.79434549e-005 1.71310454e-005 1.67787672e-005 1.41509538e-005 1.08760076e-005 
2.50000000e-001 1.09375000e+001 2.00000000e+001 2.38257675e-005 3.10255520e-005 2.46087502e-005 2.29592780e-005 1.97262091e-005 1.87472604e-005 1.83272398e-005 1.53048481e-005 1.16984603e-005 
2.50000000e-001 1.53125000e+001 2.00000000e+001 3.04735855e-005 3.70648505e-005 2.86574308e-005 2.65312568e-005 2.23861356e-005 2.11559180e-005 2.06336475e-005 1.70137680e-005 1.28998746e-005 
2.50000000e-001 1.96875000e+001 2.00000000e+001 4.12939733e-005 4.60922749e-005 3.46276923e-005 3.18103551e-005 2.63636935e-005 2.47738615e-005 2.41044784e-005 1.96085601e-005 1.47224480e-005 
2.50000000e-001 2.40625000e+001 2.00000000e+001 5.89690308e-005 5.95480370e-005 4.32993805e-005 3.94555733e-005 3.21297443e-005 3.00276250e-005 2.91486793e-005 2.33949737e-005 1.73753825e-005 
2.50000000e-001 2.84375000e+001 2.00000000e+001 8.92329384e-005 8.02490392e-005 5.61686348e-005 5.07166598e-005 4.05290013e-005 3.76647615e-005 3.64756611e-005 2.88722162e-005 2.11844748e-005 
2.50000000e-001 3.28125000e+001 2.00000000e+001 1.47696495e-004 1.15031318e-004 7.67574787e-005 6.85265416e-005 5.35296170e-005 4.94198934e-005 4.77281204e-005 3.71781431e-005 2.68791511e-005 
5.00000000e-001 2.18750000e+000 2.00000000e+001 3.57445751e-006 9.85399353e-006 1.00841333e-005 1.00187356e-005 9.79473701e-006 9.66311600e-006 9.59416041e-006 8.75201757e-006 7.23870316e-006 
5.00000000e-001 6.56250000e+000 2.00000000e+001 4.31604695e-006 1.11844922e-005 1.12209654e-005 1.10864133e-005 1.07025164e-005 1.05187703e-005 1.04274823e-005 9.43456377e-006 7.76603841e-006 
5.00000000e-001 1.09375000e+001 2.00000000e+001 5.92329485e-006 1.35847378e-005 1.30924061e-005 1.27962557e-005 1.20674708e-005 1.17798248e-005 1.16451623e-005 1.03822167e-005 8.46505942e-006 
5.00000000e-001 1.53125000e+001 2.00000000e+001 9.08080293e-006 1.76953970e-005 1.61683575e-005 1.55839097e-005 1.42619277e-005 1.37992220e-005 1.35917081e-005 1.18780435e-005 9.54579126e-006 
5.00000000e-001 1.96875000e+001 2.00000000e+001 1.51189031e-005 2.44894770e-005 2.10714939e-005 2.00089821e-005 1.77376323e-005 1.69987913e-005 1.66763820e-005 1.42477839e-005 1.12448626e-005 
5.00000000e-001 2.40625000e+001 2.00000000e+001 2.70087286e-005 3.58202101e-005 2.88424057e-005 2.69551759e-005 2.31200418e-005 2.19404730e-005 2.14357994e-005 1.78818803e-005 1.38228576e-005 
5.00000000e-001 2.84375000e+001 2.00000000e+001 5.23437339e-005 5.57490211e-005 4.16654073e-005 3.82524796e-005 3.16486718e-005 2.97191796e-005 2.89077197e-005 2.35011124e-005 1.77403832e-005 
5.00000000e-001 3.28125000e+001 2.00000000e+001 1.17093471e-004 9.57363054e-005 6.53281774e-005 5.86857659e-005 4.64780612e-005 4.30973055e-005 4.17004214e-005 3.28739430e-005 2.40989661e-005 
7.50000000e-001 2.18750000e+000 2.00000000e+001 7.30084217e-007 3.96342771e-006 5.08166864e-006 5.32435958e-006 5.78378258e-006 5.87956199e-006 5.91064669e-006 5.79570914e-006 5.14211539e-006 
7.50000000e-001 6.56250000e+000 2.00000000e+001 9.70173379e-007 4.67417619e-006 5.78865524e-006 6.01266635e-006 6.41328643e-006 6.48551966e-006 6.50595551e-006 6.30821512e-006 5.55639319e-006 
7.50000000e-001 1.09375000e+001 2.00000000e+001 1.58041247e-006 6.12704419e-006 7.09297827e-006 7.24501625e-006 7.46635546e-006 7.47753612e-006 7.47154705e-006 7.09359102e-006 6.15612791e-006 
7.50000000e-001 1.53125000e+001 2.00000000e+001 2.96108185e-006 8.83793165e-006 9.39465582e-006 9.39415543e-006 9.26300403e-006 9.15940624e-006 9.10420003e-006 8.39791885e-006 7.12746722e-006 
7.50000000e-001 1.96875000e+001 2.00000000e+001 6.08326525e-006 1.37514274e-005 1.33253517e-005 1.30269451e-005 1.22545081e-005 1.19503706e-005 1.18098185e-005 1.05410592e-005 8.70207304e-006 
7.50000000e-001 2.40625000e+001 2.00000000e+001 1.35237971e-005 2.28622068e-005 2.00721486e-005 1.91628858e-005 1.71715660e-005 1.65073269e-005 1.62156256e-005 1.39776421e-005 1.11817725e-005 
7.50000000e-001 2.84375000e+001 2.00000000e+001 3.31713515e-005 4.10015289e-005 3.23189391e-005 3.00662854e-005 2.55658203e-005 2.42038137e-005 2.36243220e-005 1.96133320e-005 1.51432514e-005 
7.50000000e-001 3.28125000e+001 2.00000000e+001 9.84501042e-005 8.36702045e-005 5.79296831e-005 5.22357913e-005 4.17087920e-005 3.87741893e-005 3.75589828e-005 2.98200736e-005 2.20474516e-005 
1.00000000e+000 2.18750000e+000 2.00000000e+001 1.50679912e-007 1.59959711e-006 2.56573335e-006 2.83422766e-006 3.41922018e-006 3.58108118e-006 3.64487574e-006 3.84068978e-006 3.65453671e-006 
1.00000000e+000 6.56250000e+000 2.00000000e+001 2.25027709e-007 1.97776799e-006 3.00840704e-006 3.28177934e-006 3.86047847e-006 4.01498265e-006 4.07491770e-006 4.22979848e-006 3.98326774e-006 
1.00000000e+000 1.09375000e+001 2.00000000e+001 4.43223752e-007 2.83378865e-006 3.90585794e-006 4.16114020e-006 4.66859641e-006 4.79206446e-006 4.83771741e-006 4.87991625e-006 4.49867796e-006 
1.00000000e+000 1.53125000e+001 2.00000000e+001 1.01811609e-006 4.56574447e-006 5.59195915e-006 5.78701887e-006 6.11811450e-006 6.17395590e-006 6.18928383e-006 6.00583799e-006 5.36630593e-006 
1.00000000e+000 1.96875000e+001 2.00000000e+001 2.57178807e-006 8.01044111e-006 8.67025428e-006 8.70639760e-006 8.64854132e-006 8.56927950e-006 8.52531121e-006 7.91954174e-006 6.81264088e-006 
1.00000000e+000 2.40625000e+001 2.00000000e+001 7.07602961e-006 1.51173828e-005 1.43848629e-005 1.40033623e-005 1.30546353e-005 1.26957645e-005 1.25322213e-005 1.11220245e-005 9.17175564e-006 
1.00000000e+000 2.84375000e+001 2.00000000e+001 2.18116804e-005 3.11046706e-005 2.57594701e-005 2.42521632e-005 2.11291539e-005 2.01464318e-005 1.97230520e-005 1.66720708e-005 1.31200697e-005 
1.00000000e+000 3.28125000e+001 2.00000000e+001 8.50414291e-005 7.48875873e-005 5.25233947e-005 4.75105834e-005 3.81829077e-005 3.55652781e-005 3.44790311e-005 2.75151363e-005 2.04640734e-005 
1.25000000e+000 2.18750000e+000 2.00000000e+001 3.14154255e-008 6.47781808e-007 1.29793638e-006 1.51117379e-006 2.02366087e-006 2.18335547e-006 2.24983077e-006 2.54692362e-006 2.59855661e-006 
1.25000000e+000 6.56250000e+000 2.00000000e+001 5.35736648e-008 8.46482479e-007 1.57454135e-006 1.80220143e-006 2.33404023e-006 2.49536442e-006 2.56188285e-006 2.84405019e-006 2.86105899e-006 
1.25000000e+000 1.09375000e+001 2.00000000e+001 1.28694076e-007 1.33821331e-006 2.18196054e-006 2.42073698e-006 2.94768860e-006 3.09832804e-006 3.15904541e-006 3.37882321e-006 3.30274341e-006 
1.25000000e+000 1.53125000e+001 2.00000000e+001 3.61787733e-007 2.41807154e-006 3.39342274e-006 3.62879694e-006 4.09937270e-006 4.21738757e-006 4.26218429e-006 4.33938177e-006 4.07133830e-006 
1.25000000e+000 1.96875000e+001 2.00000000e+001 1.12017149e-006 4.78259915e-006 5.76025869e-006 5.93430384e-006 6.20718785e-006 6.24319882e-006 6.25030213e-006 6.02727006e-006 5.38745646e-006 
1.25000000e+000 2.40625000e+001 2.00000000e+001 3.80244198e-006 1.02220547e-005 1.05165693e-005 1.04306134e-005 1.00959381e-005 9.92568738e-006 9.84249617e-006 8.97428942e-006 7.60936110e-006 
1.25000000e+000 2.84375000e+001 2.00000000e+001 1.46720688e-005 2.40443212e-005 2.08898910e-005 1.98945164e-005 1.77368520e-005 1.70249512e-005 1.67136779e-005 1.43639227e-005 1.14984916e-005 
1.25000000e+000 3.28125000e+001 2.00000000e+001 7.47155702e-005 6.79587465e-005 4.82540244e-005 4.37793054e-005 3.53966353e-005 3.30275727e-005 3.20422428e-005 2.56828090e-005 1.91919526e-005 
1.50000000e+000 2.18750000e+000 2.00000000e+001 6.61332813e-009 2.63219781e-007 6.57856439e-007 8.07060119e-007 1.19906765e-006 1.33252566e-006 1.39006832e-006 1.69015483e-006 1.84859283e-006 
1.50000000e+000 6.56250000e+000 2.00000000e+001 1.30311213e-008 3.66097463e-007 8.29581643e-007 9.95450522e-007 1.41714595e-006 1.55682897e-006 1.61652478e-006 1.91748239e-006 2.05892589e-006 
1.50000000e+000 1.09375000e+001 2.00000000e+001 3.83020002e-008 6.42789600e-007 1.23425906e-006 1.42427577e-006 1.87764345e-006 2.01954822e-006 2.07903750e-006 2.35369283e-006 2.43546844e-006 
1.50000000e+000 1.53125000e+001 2.00000000e+001 1.31462705e-007 1.30436580e-006 2.09108033e-006 2.30840512e-006 2.78022044e-006 2.91384184e-006 2.96775671e-006 3.16389521e-006 3.11043915e-006 
1.50000000e+000 1.96875000e+001 2.00000000e+001 4.97964940e-007 2.90485604e-006 3.88625016e-006 4.10501753e-006 4.51422027e-006 4.60642698e-006 4.63957153e-006 4.63658798e-006 4.29760316e-006 
1.50000000e+000 2.40625000e+001 2.00000000e+001 2.08169440e-006 7.01776546e-006 7.79685622e-006 7.87592749e-006 7.90714700e-006 7.85590622e-006 7.82428305e-006 7.32089208e-006 6.37219782e-006 
1.50000000e+000 2.84375000e+001 2.00000000e+001 1.00304980e-005 1.88239689e-005 1.71414025e-005 1.65091962e-005 1.50534620e-005 1.45428510e-005 1.43154374e-005 1.24992192e-005 1.01671999e-005 
1.50000000e+000 3.28125000e+001 2.00000000e+001 6.64647072e-005 6.22440480e-005 4.47172610e-005 4.06878240e-005 3.30893928e-005 3.09266314e-005 3.00249936e-005 2.41653609e-005 1.81345135e-005 
1.75000000e+000 2.18750000e+000 2.00000000e+001 1.40472247e-009 1.07316162e-007 3.34074162e-007 4.31726014e-007 7.11286674e-007 8.14080525e-007 8.59689121e-007 1.12238230e-006 1.31570792e-006 
1.75000000e+000 6.56250000e+000 2.00000000e+001 3.22611047e-009 1.59835680e-007 4.39814215e-007 5.52864403e-007 8.63943073e-007 9.74863120e-007 1.02360539e-006 1.29619654e-006 1.48444894e-006 
1.75000000e+000 1.09375000e+001 2.00000000e+001 1.16092602e-008 3.13051385e-007 7.05736470e-007 8.46321096e-007 1.20559780e-006 1.32612068e-006 1.37804242e-006 1.64885742e-006 1.80346395e-006 
1.75000000e+000 1.53125000e+001 2.00000000e+001 4.85591359e-008 7.13381725e-007 1.30431978e-006 1.48557827e-006 1.90480015e-006 2.03272184e-006 2.08601292e-006 2.32527074e-006 2.39131349e-006 
1.75000000e+000 1.96875000e+001 2.00000000e+001 2.24775125e-007 1.78660847e-006 2.65240151e-006 2.87172374e-006 3.31730469e-006 3.43317874e-006 3.47829060e-006 3.59855494e-006 3.45385390e-006 
1.75000000e+000 2.40625000e+001 2.00000000e+001 1.15589023e-006 4.87162259e-006 5.84004024e-006 6.00692754e-006 6.25215498e-006 6.27605752e-006 6.27770508e-006 6.02365961e-006 5.37687479e-006 
1.75000000e+000 2.84375000e+001 2.00000000e+001 6.94366774e-006 1.48751572e-005 1.41860237e-005 1.38149611e-005 1.28789616e-005 1.25213415e-005 1.23581580e-005 1.09585504e-005 9.05244662e-006 
1.75000000e+000 3.28125000e+001 2.00000000e+001 5.97127901e-005 5.74020349e-005 4.16976348e-005 3.80458281e-005 3.11164851e-005 2.91304323e-005 2.83005273e-005 2.28691046e-005 1.72307985e-005 
2.00000000e+000 2.18750000e+000 2.00000000e+001 3.00826710e-010 4.38978550e-008 1.69974978e-007 2.31323348e-007 4.22415920e-007 4.97851183e-007 5.32188507e-007 7.45862513e-007 9.36886065e-007 
2.00000000e+000 6.56250000e+000 2.00000000e+001 8.10476291e-010 7.03768277e-008 2.34529211e-007 3.08641524e-007 5.28737214e-007 6.12599447e-007 6.50353901e-007 8.78459095e-007 1.07221755e-006 
2.00000000e+000 1.09375000e+001 2.00000000e+001 3.56852807e-009 1.54188652e-007 4.07273354e-007 5.07233683e-007 7.79626720e-007 8.76602605e-007 9.19318801e-007 1.16113277e-006 1.34074447e-006 
2.00000000e+000 1.53125000e+001 2.00000000e+001 1.81681687e-008 3.94335356e-007 8.21509341e-007 9.65052060e-007 1.31614026e-006 1.42964104e-006 1.47800802e-006 1.72084124e-006 1.84885497e-006 
2.00000000e+000 1.96875000e+001 2.00000000e+001 1.02699737e-007 1.10943429e-006 1.82649540e-006 2.02656877e-006 2.45795140e-006 2.57949133e-006 2.62858421e-006 2.81347156e-006 2.79347806e-006 
2.00000000e+000 2.40625000e+001 2.00000000e+001 6.49164113e-007 3.41087916e-006 4.40873842e-006 4.61675919e-006 4.98003938e-006 5.05037603e-006 5.07320108e-006 4.99022875e-006 4.56530749e-006 
2.00000000e+000 2.84375000e+001 2.00000000e+001 4.85605572e-006 1.18407151e-005 1.18171233e-005 1.16343963e-005 1.10860510e-005 1.08460429e-005 1.07326832e-005 9.66356340e-006 8.10401963e-006 
2.00000000e+000 3.28125000e+001 2.00000000e+001 5.40914529e-005 5.32252051e-005 3.90673584e-005 3.57406538e-005 2.93915572e-005 2.75596782e-005 2.67924552e-005 2.17359427e-005 1.64412560e-005 
2.25000000e+000 2.18750000e+000 2.00000000e+001 6.49013237e-011 1.80142688e-008 8.66464978e-008 1.24146951e-007 2.51147985e-007 3.04769592e-007 3.29767567e-007 4.95998412e-007 6.67456671e-007 
2.25000000e+000 6.56250000e+000 2.00000000e+001 2.06132747e-010 3.12231544e-008 1.25734839e-007 1.73132768e-007 3.24784418e-007 3.86251998e-007 4.14543844e-007 5.96824801e-007 7.75844487e-007 
2.25000000e+000 1.09375000e+001 2.00000000e+001 1.10934662e-009 7.66481192e-008 2.36895395e-007 3.06276249e-007 5.07373036e-007 5.82933411e-007 6.16873978e-007 8.21609848e-007 1.00044518e-006 
2.25000000e+000 1.53125000e+001 2.00000000e+001 6.86935848e-009 2.19824970e-007 5.21488461e-007 6.31719930e-007 9.15871105e-007 1.01242037e-006 1.05433226e-006 1.28123800e-006 1.43668210e-006 
2.25000000e+000 1.96875000e+001 2.00000000e+001 4.73972823e-008 6.94219628e-007 1.26667940e-006 1.44009991e-006 1.83335396e-006 1.95078633e-006 1.99937276e-006 2.21308958e-006 2.27167200e-006 
2.25000000e+000 2.40625000e+001 2.00000000e+001 3.68055700e-007 2.40468382e-006 3.34899927e-006 3.56996353e-006 3.98993688e-006 4.08750777e-006 4.12332304e-006 4.15686287e-006 3.89612030e-006 
2.25000000e+000 2.84375000e+001 2.00000000e+001 3.42542943e-006 9.48153008e-006 9.89539123e-006 9.84790663e-006 9.58884937e-006 9.43967601e-006 9.36519414e-006 8.56068611e-006 7.28674475e-006 
2.25000000e+000 3.28125000e+001 2.00000000e+001 4.93481163e-005 4.95755126e-005 3.67437442e-005 3.36998525e-005 2.78594433e-005 2.61636704e-005 2.54518960e-005 2.07282066e-005 1.57394550e-005 
2.50000000e+000 2.18750000e+000 2.00000000e+001 1.40953509e-011 7.41546950e-009 4.42518207e-008 6.67347783e-008 1.49489768e-007 1.86759513e-007 2.04535194e-007 3.30069308e-007 4.75738534e-007 
2.50000000e+000 6.56250000e+000 2.00000000e+001 5.29790337e-011 1.39465002e-008 6.77430142e-008 9.75546054e-008 2.00200719e-007 2.44317700e-007 2.65050798e-007 4.06451102e-007 5.62367650e-007 
2.50000000e+000 1.09375000e+001 2.00000000e+001 3.48103373e-010 3.83953379e-008 1.38727199e-007 1.86130022e-007 3.32058994e-007 3.89725544e-007 4.16098164e-007 5.83929460e-007 7.49109222e-007 
2.50000000e+000 1.53125000e+001 2.00000000e+001 2.62050704e-009 1.23390636e-007 3.33170355e-007 4.16134123e-007 6.41139176e-007 7.21140180e-007 7.56439791e-007 9.58947629e-007 1.12142876e-006 
2.50000000e+000 1.96875000e+001 2.00000000e+001 2.20625490e-008 4.37151640e-007 8.83515327e-007 1.02914207e-006 1.37492108e-006 1.48324678e-006 1.52890255e-006 1.74968885e-006 1.85593415e-006 
2.50000000e+000 2.40625000e+001 2.00000000e+001 2.10380751e-007 1.70509781e-006 2.55700976e-006 2.77427226e-006 3.21185654e-006 3.32371527e-006 3.36691405e-006 3.47824995e-006 3.33917982e-006 
2.50000000e+000 2.84375000e+001 2.00000000e+001 2.43432113e-006 7.63055863e-006 8.32211595e-006 8.37068841e-006 8.32651020e-006 8.24749922e-006 8.20339829e-006 7.61183732e-006 6.57526875e-006 
2.50000000e+000 3.28125000e+001 2.00000000e+001 4.53012992e-005 4.63550828e-005 3.46695495e-005 3.18736253e-005 2.64827168e-005 2.49080985e-005 2.42457927e-005 1.98203788e-005 1.51071846e-005 
END