TITLE="3SCB_ER_E_WD280.dat"
VARIABLES= "Density" "Radius" "Height" "0.1053" "0.356" "0.6617" "0.7889" "1.1732" "1.3325" "1.408" "2" "3" 
ZONE T="3D Data" I=11 J=8 K=3 F=POINT
0.00000000e+000 2.18750000e+000 0.00000000e+000 1.06426019e-004 7.26113419e-005 4.56163570e-005 4.00818145e-005 3.03340728e-005 2.77675356e-005 2.67247014e-005 2.04124448e-005 1.44285801e-005 
0.00000000e+000 6.56250000e+000 0.00000000e+000 1.07267997e-004 7.31524165e-005 4.60373942e-005 4.05115216e-005 3.08024894e-005 2.82405866e-005 2.71975875e-005 2.08425282e-005 1.47564700e-005 
0.00000000e+000 1.09375000e+001 0.00000000e+000 1.12548286e-004 7.65489746e-005 4.85132150e-005 4.28334859e-005 3.28341195e-005 3.01729730e-005 2.90850573e-005 2.23841008e-005 1.58749019e-005 
0.00000000e+000 1.53125000e+001 0.00000000e+000 1.29973032e-004 8.79533134e-005 5.60469461e-005 4.95769396e-005 3.81265999e-005 3.50581924e-005 3.38010209e-005 2.60302202e-005 1.84682985e-005 
0.00000000e+000 1.96875000e+001 0.00000000e+000 1.59299593e-004 1.07473993e-004 6.84430104e-005 6.05095427e-005 4.64427834e-005 4.26722083e-005 4.11282709e-005 3.16178975e-005 2.24346161e-005 
0.00000000e+000 2.40625000e+001 0.00000000e+000 1.96721750e-004 1.32382558e-004 8.41230729e-005 7.42893310e-005 5.68397239e-005 5.21693085e-005 5.02592512e-005 3.85494635e-005 2.73447034e-005 
0.00000000e+000 2.84375000e+001 0.00000000e+000 2.34661227e-004 1.57593499e-004 9.99383788e-005 8.81765898e-005 6.73048623e-005 6.17266233e-005 5.94474159e-005 4.55210313e-005 3.22764378e-005 
0.00000000e+000 3.28125000e+001 0.00000000e+000 2.66146994e-004 1.78499752e-004 1.13163891e-004 9.98337667e-005 7.61758117e-005 6.98536225e-005 6.72707556e-005 5.14972210e-005 3.65128761e-005 
2.50000000e-001 2.18750000e+000 0.00000000e+000 2.31360099e-005 3.04111548e-005 2.37235348e-005 2.19351612e-005 1.83634150e-005 1.72983749e-005 1.68478854e-005 1.37882128e-005 1.04216199e-005 
2.50000000e-001 6.56250000e+000 0.00000000e+000 2.42158173e-005 3.11766877e-005 2.42332059e-005 2.24133340e-005 1.88099972e-005 1.77363116e-005 1.72813986e-005 1.41704799e-005 1.07143750e-005 
2.50000000e-001 1.09375000e+001 0.00000000e+000 2.74405776e-005 3.38345219e-005 2.61938282e-005 2.42495454e-005 2.04241233e-005 1.92790287e-005 1.87921219e-005 1.54308004e-005 1.16561930e-005 
2.50000000e-001 1.53125000e+001 0.00000000e+000 3.52632082e-005 4.09821501e-005 3.14133958e-005 2.90364571e-005 2.43765653e-005 2.29831716e-005 2.23909077e-005 1.83213385e-005 1.37913703e-005 
2.50000000e-001 1.96875000e+001 0.00000000e+000 4.95857020e-005 5.37470753e-005 4.03678147e-005 3.71278078e-005 3.08421958e-005 2.89875982e-005 2.82034367e-005 2.29079956e-005 1.71536519e-005 
2.50000000e-001 2.40625000e+001 0.00000000e+000 7.28933085e-005 7.26063298e-005 5.30623522e-005 4.84699086e-005 3.96918343e-005 3.71493079e-005 3.60817419e-005 2.90253345e-005 2.15760676e-005 
2.50000000e-001 2.84375000e+001 0.00000000e+000 1.08334080e-004 9.73029374e-005 6.87370931e-005 6.22730119e-005 5.01514704e-005 4.67151473e-005 4.52831046e-005 3.60230764e-005 2.65262306e-005 
2.50000000e-001 3.28125000e+001 0.00000000e+000 1.64612545e-004 1.29408523e-004 8.75794475e-005 7.85546001e-005 6.20313522e-005 5.74614209e-005 5.55723333e-005 4.36298989e-005 3.17343892e-005 
5.00000000e-001 2.18750000e+000 0.00000000e+000 5.08287174e-006 1.27804627e-005 1.23616293e-005 1.20239327e-005 1.11293665e-005 1.07873027e-005 1.06315300e-005 9.32015802e-006 7.53103757e-006 
5.00000000e-001 6.56250000e+000 0.00000000e+000 5.70511160e-006 1.34796023e-005 1.28606871e-005 1.24870011e-005 1.15422123e-005 1.11871019e-005 1.10255308e-005 9.66274017e-006 7.79530772e-006 
5.00000000e-001 1.09375000e+001 0.00000000e+000 7.36733090e-006 1.54784712e-005 1.44258937e-005 1.39624302e-005 1.28549079e-005 1.24479500e-005 1.22631977e-005 1.07145148e-005 8.60137855e-006 
5.00000000e-001 1.53125000e+001 0.00000000e+000 1.10893018e-005 2.02003606e-005 1.81978320e-005 1.74942842e-005 1.58986056e-005 1.53371657e-005 1.50854404e-005 1.30557665e-005 1.03876166e-005 
5.00000000e-001 1.96875000e+001 0.00000000e+000 1.86167616e-005 2.90009270e-005 2.49239153e-005 2.36983518e-005 2.10667762e-005 2.01946886e-005 1.98112896e-005 1.68945045e-005 1.32796234e-005 
5.00000000e-001 2.40625000e+001 0.00000000e+000 3.34761962e-005 4.37067500e-005 3.54575728e-005 3.32496748e-005 2.87418534e-005 2.73324197e-005 2.67249229e-005 2.23684169e-005 1.73062175e-005 
5.00000000e-001 2.84375000e+001 0.00000000e+000 6.30311830e-005 6.69781622e-005 5.06860089e-005 4.67455148e-005 3.90864907e-005 3.68201945e-005 3.58613991e-005 2.93544257e-005 2.22612797e-005 
5.00000000e-001 3.28125000e+001 0.00000000e+000 1.28611395e-004 1.05965341e-004 7.35184881e-005 6.64216668e-005 5.33187004e-005 4.96500489e-005 4.81262399e-005 3.83217011e-005 2.83113526e-005 
7.50000000e-001 2.18750000e+000 0.00000000e+000 1.12853911e-006 5.38947992e-006 6.45371939e-006 6.60183806e-006 6.75276832e-006 6.73379846e-006 6.71527899e-006 6.30435910e-006 5.44480521e-006 
7.50000000e-001 6.56250000e+000 0.00000000e+000 1.39585725e-006 5.90836467e-006 6.87952449e-006 7.00404455e-006 7.11609603e-006 7.08597794e-006 7.06250139e-006 6.60812431e-006 5.68291791e-006 
7.50000000e-001 1.09375000e+001 0.00000000e+000 2.12703155e-006 7.29904184e-006 8.09099321e-006 8.16639587e-006 8.18121855e-006 8.11750967e-006 8.07865889e-006 7.49146034e-006 6.37789137e-006 
7.50000000e-001 1.53125000e+001 0.00000000e+000 3.83319920e-006 1.04176351e-005 1.08465563e-005 1.08046167e-005 1.05568382e-005 1.04012794e-005 1.03213262e-005 9.41071926e-006 7.88744760e-006 
7.50000000e-001 1.96875000e+001 0.00000000e+000 7.75516710e-006 1.65414169e-005 1.59632134e-005 1.56230041e-005 1.47389845e-005 1.43781411e-005 1.42091126e-005 1.26574437e-005 1.03972651e-005 
7.50000000e-001 2.40625000e+001 0.00000000e+000 1.70358903e-005 2.79625229e-005 2.47188998e-005 2.36881151e-005 2.14227145e-005 2.06475878e-005 2.03032000e-005 1.75790756e-005 1.40812149e-005 
7.50000000e-001 2.84375000e+001 0.00000000e+000 4.01995052e-005 4.90487022e-005 3.91260234e-005 3.65775621e-005 3.14773675e-005 2.99116024e-005 2.92404678e-005 2.44776884e-005 1.90063925e-005 
7.50000000e-001 3.28125000e+001 0.00000000e+000 1.07818223e-004 9.18455390e-005 6.46001519e-005 5.85911608e-005 4.74561193e-005 4.43209983e-005 4.30158773e-005 3.45371777e-005 2.57640170e-005 
1.00000000e+000 2.18750000e+000 0.00000000e+000 2.53204954e-007 2.28052918e-006 3.37585203e-006 3.63075118e-006 4.10192721e-006 4.20772410e-006 4.24571113e-006 4.26737735e-006 3.93838211e-006 
1.00000000e+000 6.56250000e+000 0.00000000e+000 3.52615637e-007 2.62306820e-006 3.70808186e-006 3.95430577e-006 4.40747749e-006 4.50675218e-006 4.54165060e-006 4.53204552e-006 4.15115187e-006 
1.00000000e+000 1.09375000e+001 0.00000000e+000 6.46451387e-007 3.53184056e-006 4.61295265e-006 4.84507928e-006 5.26087651e-006 5.34302142e-006 5.36947132e-006 5.27259195e-006 4.75122131e-006 
1.00000000e+000 1.53125000e+001 0.00000000e+000 1.40444447e-006 5.56326739e-006 6.62082960e-006 6.81546346e-006 7.12174445e-006 7.15607899e-006 7.15981716e-006 6.85479273e-006 6.03439247e-006 
1.00000000e+000 1.96875000e+001 0.00000000e+000 3.42698378e-006 9.81260409e-006 1.05200195e-005 1.05677458e-005 1.05200333e-005 1.04264224e-005 1.03727267e-005 9.61449579e-006 8.22356816e-006 
1.00000000e+000 2.40625000e+001 0.00000000e+000 9.15801599e-006 1.86111370e-005 1.77659679e-005 1.73545351e-005 1.63312615e-005 1.59273149e-005 1.57397936e-005 1.40410224e-005 1.15987852e-005 
1.00000000e+000 2.84375000e+001 0.00000000e+000 2.68269707e-005 3.72410608e-005 3.11192022e-005 2.94329452e-005 2.59530164e-005 2.48427890e-005 2.43605481e-005 2.07782266e-005 1.64556546e-005 
1.00000000e+000 3.28125000e+001 0.00000000e+000 9.32224095e-005 8.19111102e-005 5.82598646e-005 5.29922598e-005 4.31904865e-005 4.04171158e-005 3.92605733e-005 3.16953212e-005 2.37970538e-005 
1.25000000e+000 2.18750000e+000 0.00000000e+000 5.73897109e-008 9.68305395e-007 1.76928008e-006 2.00005588e-006 2.49453213e-006 2.63193140e-006 2.68692262e-006 2.89057137e-006 2.85010830e-006 
1.25000000e+000 6.56250000e+000 0.00000000e+000 9.14483099e-008 1.17829566e-006 2.01310650e-006 2.24643576e-006 2.74199527e-006 2.87776015e-006 2.93166998e-006 3.11688132e-006 3.03815780e-006 
1.25000000e+000 1.09375000e+001 0.00000000e+000 2.03606736e-007 1.74589884e-006 2.66833352e-006 2.91154783e-006 3.41529399e-006 3.54724938e-006 3.59837022e-006 3.73408379e-006 3.55521032e-006 
1.25000000e+000 1.53125000e+001 0.00000000e+000 5.34035811e-007 3.05034004e-006 4.12117383e-006 4.37577450e-006 4.87099743e-006 4.98599598e-006 5.02751351e-006 5.04059439e-006 4.64901758e-006 
1.25000000e+000 1.96875000e+001 0.00000000e+000 1.57123332e-006 5.98529977e-006 7.08675919e-006 7.29430666e-006 7.63313124e-006 7.67719912e-006 7.68497371e-006 7.39048426e-006 6.56335175e-006 
1.25000000e+000 2.40625000e+001 0.00000000e+000 5.09353555e-006 1.27204008e-005 1.30533998e-005 1.29797927e-005 1.26692006e-005 1.24898521e-005 1.23989546e-005 1.13652989e-005 9.65448181e-006 
1.25000000e+000 2.84375000e+001 0.00000000e+000 1.84051933e-005 2.89262607e-005 2.52527409e-005 2.41425967e-005 2.17645289e-005 2.09703151e-005 2.06200430e-005 1.78817857e-005 1.44085541e-005 
1.25000000e+000 3.28125000e+001 0.00000000e+000 8.20951352e-005 7.42527589e-005 5.33742158e-005 4.86742182e-005 3.98845417e-005 3.73837315e-005 3.63389185e-005 2.94613802e-005 2.22254877e-005 
1.50000000e+000 2.18750000e+000 0.00000000e+000 1.31323984e-008 4.12543453e-007 9.29072709e-007 1.10357570e-006 1.51874765e-006 1.64794344e-006 1.70207405e-006 1.95933643e-006 2.06354023e-006 
1.50000000e+000 6.56250000e+000 0.00000000e+000 2.42283272e-008 5.34964748e-007 1.10032808e-006 1.28373979e-006 1.71315108e-006 1.84463626e-006 1.89935482e-006 2.14943461e-006 2.22781912e-006 
1.50000000e+000 1.09375000e+001 0.00000000e+000 6.57638251e-008 8.78246132e-007 1.56304490e-006 1.76951578e-006 2.23643345e-006 2.37370802e-006 2.42983065e-006 2.65995948e-006 2.67155251e-006 
1.50000000e+000 1.53125000e+001 0.00000000e+000 2.08263991e-007 1.70616255e-006 2.60626699e-006 2.85077014e-006 3.37124048e-006 3.51236253e-006 3.56795304e-006 3.73815768e-006 3.60471952e-006 
1.50000000e+000 1.96875000e+001 0.00000000e+000 7.38854721e-007 3.72531807e-006 4.85548217e-006 5.11545848e-006 5.61333910e-006 5.72479222e-006 5.76412761e-006 5.73916140e-006 5.28031949e-006 
1.50000000e+000 2.40625000e+001 0.00000000e+000 2.90079794e-006 8.85890356e-006 9.74830231e-006 9.85942235e-006 9.96282048e-006 9.92199530e-006 9.89184352e-006 9.30022242e-006 8.10771031e-006 
1.50000000e+000 2.84375000e+001 0.00000000e+000 1.28740044e-005 2.28196441e-005 2.07827760e-005 2.00748323e-005 1.84810806e-005 1.79162764e-005 1.76624278e-005 1.55535593e-005 1.27310646e-005 
1.50000000e+000 3.28125000e+001 0.00000000e+000 7.32364385e-005 6.80269114e-005 4.94018247e-005 4.51643655e-005 3.71968002e-005 3.49162201e-005 3.39614928e-005 2.76367100e-005 2.09312282e-005 
1.75000000e+000 2.18750000e+000 0.00000000e+000 3.03151738e-009 1.76355766e-007 4.88810982e-007 6.09924026e-007 9.25715525e-007 1.03288167e-006 1.07924595e-006 1.32903709e-006 1.49476404e-006 
1.75000000e+000 6.56250000e+000 0.00000000e+000 6.53149069e-009 2.45215728e-007 6.05224402e-007 7.37676943e-007 1.07471753e-006 1.18676454e-006 1.23488044e-006 1.48617838e-006 1.63666239e-006 
1.75000000e+000 1.09375000e+001 0.00000000e+000 2.16357014e-008 4.48086739e-007 9.25589700e-007 1.08612719e-006 1.47595851e-006 1.59986758e-006 1.65217057e-006 1.90511594e-006 2.01559294e-006 
1.75000000e+000 1.53125000e+001 0.00000000e+000 8.27267513e-008 9.68959064e-007 1.66953224e-006 1.87973560e-006 2.35695206e-006 2.49783714e-006 2.55555704e-006 2.79328920e-006 2.81139179e-006 
1.75000000e+000 1.96875000e+001 0.00000000e+000 3.53989758e-007 2.35408828e-006 3.37097008e-006 3.63281839e-006 4.17359242e-006 4.31374037e-006 4.36777550e-006 4.49579983e-006 4.27806195e-006 
1.75000000e+000 2.40625000e+001 0.00000000e+000 1.68161774e-006 6.25640420e-006 7.37065525e-006 7.57873572e-006 7.91889140e-006 7.96367860e-006 7.97195052e-006 7.67867890e-006 6.86009493e-006 
1.75000000e+000 2.84375000e+001 0.00000000e+000 9.13847113e-006 1.82084752e-005 1.72821289e-005 1.68615179e-005 1.58412251e-005 1.54479436e-005 1.52666942e-005 1.36414722e-005 1.13317032e-005 
1.75000000e+000 3.28125000e+001 0.00000000e+000 6.59902605e-005 6.27979679e-005 4.60551302e-005 4.22073906e-005 3.49336885e-005 3.28388191e-005 3.19599838e-005 2.60995806e-005 1.98373011e-005 
2.00000000e+000 2.18750000e+000 0.00000000e+000 7.05346453e-010 7.56382344e-008 2.57671049e-007 3.37645106e-007 5.64890693e-007 6.48035991e-007 6.84984781e-007 9.02127639e-007 1.08327948e-006 
2.00000000e+000 6.56250000e+000 0.00000000e+000 1.78601481e-009 1.13363608e-007 3.34847381e-007 4.26092441e-007 6.76823377e-007 7.66203709e-007 8.05574259e-007 1.03020209e-006 1.20455878e-006 
2.00000000e+000 1.09375000e+001 0.00000000e+000 7.21821904e-009 2.31259465e-007 5.53232046e-007 6.72423932e-007 9.80913711e-007 1.08533060e-006 1.13048023e-006 1.37134793e-006 1.52645079e-006 
2.00000000e+000 1.53125000e+001 0.00000000e+000 3.33287180e-008 5.56855088e-007 1.08069619e-006 1.25181445e-006 1.66206550e-006 1.79089056e-006 1.84504223e-006 2.10126603e-006 2.20433675e-006 
2.00000000e+000 1.96875000e+001 0.00000000e+000 1.72081723e-007 1.50518239e-006 2.36500133e-006 2.60601819e-006 3.13126907e-006 3.27877395e-006 3.33795154e-006 3.54808801e-006 3.48748598e-006 
2.00000000e+000 2.40625000e+001 0.00000000e+000 9.88613290e-007 4.46670787e-006 5.62715593e-006 5.88035673e-006 6.34842445e-006 6.44512111e-006 6.47743106e-006 6.38679301e-006 5.84156686e-006 
2.00000000e+000 2.84375000e+001 0.00000000e+000 6.56376692e-006 1.46579763e-005 1.44860344e-005 1.42727867e-005 1.36778175e-005 1.34150993e-005 1.32895567e-005 1.20437620e-005 1.01466424e-005 
2.00000000e+000 3.28125000e+001 0.00000000e+000 5.99492743e-005 5.83109610e-005 4.31667888e-005 3.96538475e-005 3.29789873e-005 3.10448071e-005 3.02316535e-005 2.47728096e-005 1.88924051e-005 
2.25000000e+000 2.18750000e+000 0.00000000e+000 1.65269802e-010 3.25447701e-008 1.36086575e-007 1.87219620e-007 3.45099999e-007 4.06993230e-007 4.35170353e-007 6.12775731e-007 7.85446455e-007 
2.25000000e+000 6.56250000e+000 0.00000000e+000 4.94186219e-010 5.28065926e-008 1.86257618e-007 2.47304406e-007 4.27807791e-007 4.96335414e-007 5.27204961e-007 7.15877329e-007 8.88107274e-007 
2.25000000e+000 1.09375000e+001 0.00000000e+000 2.43497359e-009 1.20479635e-007 3.33312856e-007 4.19414840e-007 6.55990760e-007 7.40590054e-007 7.77919597e-007 9.91703798e-007 1.16012152e-006 
2.25000000e+000 1.53125000e+001 0.00000000e+000 1.35805065e-008 3.23060795e-007 7.05547588e-007 8.40529000e-007 1.18066472e-006 1.29304897e-006 1.34123753e-006 1.59005723e-006 1.73668908e-006 
2.25000000e+000 1.96875000e+001 0.00000000e+000 8.46412961e-008 9.71499942e-007 1.67337113e-006 1.88483091e-006 2.36691229e-006 2.51021347e-006 2.56916758e-006 2.81801275e-006 2.85842265e-006 
2.25000000e+000 2.40625000e+001 0.00000000e+000 5.87912001e-007 3.21701750e-006 4.32971160e-006 4.59714435e-006 5.12503098e-006 5.25164043e-006 5.29847892e-006 5.34498089e-006 5.00132134e-006 
2.25000000e+000 2.84375000e+001 0.00000000e+000 4.76090247e-006 1.18843226e-005 1.22197585e-005 1.21563776e-005 1.18787285e-005 1.17163898e-005 1.16340721e-005 1.06900898e-005 9.13033954e-006 
2.25000000e+000 3.28125000e+001 0.00000000e+000 5.48396928e-005 5.44018709e-005 4.06313283e-005 3.74096426e-005 3.12589110e-005 2.94660295e-005 2.87106944e-005 2.36057137e-005 1.80615424e-005 
2.50000000e+000 2.18750000e+000 0.00000000e+000 3.89656503e-011 1.40460579e-008 7.20074390e-008 1.03977817e-007 2.11065292e-007 2.55866372e-007 2.76728755e-007 4.16521539e-007 5.69771614e-007 
2.50000000e+000 6.56250000e+000 0.00000000e+000 1.38106680e-010 2.47640593e-008 1.04118056e-007 1.44176957e-007 2.71346057e-007 3.22538652e-007 3.46080068e-007 4.98629377e-007 6.55917306e-007 
2.50000000e+000 1.09375000e+001 0.00000000e+000 8.28881103e-010 6.32542666e-008 2.02187024e-007 2.63298281e-007 4.41138295e-007 5.08006028e-007 5.38050037e-007 7.20210251e-007 8.84638622e-007 
2.50000000e+000 1.53125000e+001 0.00000000e+000 5.58587436e-009 1.88874648e-007 4.63901243e-007 5.68259193e-007 8.43957587e-007 9.39240662e-007 9.80790036e-007 1.20950509e-006 1.37420260e-006 
2.50000000e+000 1.96875000e+001 0.00000000e+000 4.20413978e-008 6.31910486e-007 1.19231739e-006 1.37250735e-006 1.80039582e-006 1.93355022e-006 1.98936901e-006 2.25041107e-006 2.35397146e-006 
2.50000000e+000 2.40625000e+001 0.00000000e+000 3.53015236e-007 2.33384942e-006 3.35293875e-006 3.61642226e-006 4.16138691e-006 4.30335999e-006 4.35834182e-006 4.49627504e-006 4.30186993e-006 
2.50000000e+000 2.84375000e+001 0.00000000e+000 3.48223174e-006 9.69304689e-006 1.03621197e-005 1.04064430e-005 1.03654657e-005 1.02806362e-005 1.02320492e-005 9.53030216e-006 8.24956320e-006 
2.50000000e+000 3.28125000e+001 0.00000000e+000 5.04674509e-005 5.09575792e-005 3.83777164e-005 3.54116935e-005 2.97241227e-005 2.80568315e-005 2.73529697e-005 2.25638276e-005 1.73202578e-005 
0.00000000e+000 2.18750000e+000 1.00000000e+001 1.15484959e-004 7.90469880e-005 4.97885222e-005 4.37787471e-005 3.31589390e-005 3.03513825e-005 2.92093725e-005 2.22940908e-005 1.57604397e-005 
0.00000000e+000 6.56250000e+000 1.00000000e+001 1.16544230e-004 7.97353929e-005 5.02713637e-005 4.42418381e-005 3.36051264e-005 3.07898841e-005 2.96434054e-005 2.26728291e-005 1.60447617e-005 
0.00000000e+000 1.09375000e+001 1.00000000e+001 1.21029905e-004 8.26759184e-005 5.23437561e-005 4.61622380e-005 3.52506866e-005 3.23485480e-005 3.11636476e-005 2.39082810e-005 1.69414701e-005 
0.00000000e+000 1.53125000e+001 1.00000000e+001 1.32721931e-004 9.03288385e-005 5.74254311e-005 5.07260368e-005 3.88682309e-005 3.56991387e-005 3.44028150e-005 2.64321269e-005 1.87433328e-005 
0.00000000e+000 1.96875000e+001 1.00000000e+001 1.51096363e-004 1.02456429e-004 6.52014967e-005 5.76183397e-005 4.41788179e-005 4.05809065e-005 3.91084746e-005 3.00506011e-005 2.13185702e-005 
0.00000000e+000 2.40625000e+001 1.00000000e+001 1.73494604e-004 1.17257840e-004 7.46194337e-005 6.59385854e-005 5.05412535e-005 4.64171054e-005 4.47293646e-005 3.43549711e-005 2.43759440e-005 
0.00000000e+000 2.84375000e+001 1.00000000e+001 1.94734932e-004 1.31266266e-004 8.34914732e-005 7.37681822e-005 5.65210924e-005 5.19021245e-005 5.00121355e-005 3.84013667e-005 2.72474268e-005 
0.00000000e+000 3.28125000e+001 1.00000000e+001 2.14938712e-004 1.44715772e-004 9.19989654e-005 8.12725058e-005 6.22522541e-005 5.71608074e-005 5.50778331e-005 4.22860836e-005 3.00037567e-005 
2.50000000e-001 2.18750000e+000 1.00000000e+001 2.46886788e-005 3.27917385e-005 2.57080474e-005 2.38001957e-005 1.99631008e-005 1.88099524e-005 1.83211489e-005 1.49944222e-005 1.13429656e-005 
2.50000000e-001 6.56250000e+000 1.00000000e+001 2.59287556e-005 3.37001469e-005 2.62967934e-005 2.43363294e-005 2.04229763e-005 1.92497692e-005 1.87522355e-005 1.53567138e-005 1.16132367e-005 
2.50000000e-001 1.09375000e+001 1.00000000e+001 2.92093261e-005 3.63247487e-005 2.81333438e-005 2.60235601e-005 2.18484054e-005 2.05983653e-005 2.00676745e-005 1.64334971e-005 1.24088457e-005 
2.50000000e-001 1.53125000e+001 1.00000000e+001 3.58717464e-005 4.19606586e-005 3.21000606e-005 2.96326130e-005 2.47906415e-005 2.33480597e-005 2.27362788e-005 1.85641698e-005 1.39705245e-005 
2.50000000e-001 1.96875000e+001 1.00000000e+001 4.70330754e-005 5.11334174e-005 3.83623841e-005 3.52653198e-005 2.92631293e-005 2.74960742e-005 2.67496008e-005 2.17190502e-005 1.62645433e-005 
2.50000000e-001 2.40625000e+001 1.00000000e+001 6.40955424e-005 6.39854770e-005 4.68227832e-005 4.27992397e-005 3.51186888e-005 3.28928643e-005 3.19575707e-005 2.57526011e-005 1.91584237e-005 
2.50000000e-001 2.84375000e+001 1.00000000e+001 8.87028169e-005 8.00664953e-005 5.68004965e-005 5.15524398e-005 4.17187905e-005 3.89230092e-005 3.77555765e-005 3.01467561e-005 2.22384698e-005 
2.50000000e-001 3.28125000e+001 1.00000000e+001 1.29245113e-004 1.02695271e-004 6.99225873e-005 6.28618147e-005 4.99367204e-005 4.63496721e-005 4.48635787e-005 3.53863133e-005 2.58024932e-005 
5.00000000e-001 2.18750000e+000 1.00000000e+001 5.33448414e-006 1.36503162e-005 1.33000794e-005 1.29603398e-005 1.20324401e-005 1.16691713e-005 1.15028195e-005 1.00919312e-005 8.16759738e-006 
5.00000000e-001 6.56250000e+000 1.00000000e+001 6.01855449e-006 1.44486409e-005 1.38683048e-005 1.34799958e-005 1.24716897e-005 1.20866074e-005 1.19109761e-005 1.04320995e-005 8.42277744e-006 
5.00000000e-001 1.09375000e+001 1.00000000e+001 7.76095221e-006 1.65191695e-005 1.54248693e-005 1.49219847e-005 1.37032684e-005 1.32556134e-005 1.30530046e-005 1.13784345e-005 9.13489533e-006 
5.00000000e-001 1.53125000e+001 1.00000000e+001 1.12703807e-005 2.06533197e-005 1.85668344e-005 1.78251214e-005 1.61416756e-005 1.55543970e-005 1.52922357e-005 1.32067152e-005 1.05064288e-005 
5.00000000e-001 1.96875000e+001 1.00000000e+001 1.78131172e-005 2.76667794e-005 2.37017907e-005 2.25142864e-005 1.99757190e-005 1.91398337e-005 1.87731805e-005 1.59979883e-005 1.25745647e-005 
5.00000000e-001 2.40625000e+001 1.00000000e+001 2.98183164e-005 3.86587067e-005 3.13018057e-005 2.93521628e-005 2.53939412e-005 2.41597306e-005 2.36277781e-005 1.98023340e-005 1.53310562e-005 
5.00000000e-001 2.84375000e+001 1.00000000e+001 5.20732858e-005 5.51266389e-005 4.17677451e-005 3.85673197e-005 3.23745991e-005 3.05413844e-005 2.97646309e-005 2.44504436e-005 1.85774419e-005 
5.00000000e-001 3.28125000e+001 1.00000000e+001 1.00672281e-004 8.35043907e-005 5.82098060e-005 5.27017739e-005 4.25542701e-005 3.97072191e-005 3.85223215e-005 3.08282190e-005 2.28455060e-005 
7.50000000e-001 2.18750000e+000 1.00000000e+001 1.16494290e-006 5.70190816e-006 6.89421330e-006 7.06921104e-006 7.26068740e-006 7.24661873e-006 7.22897982e-006 6.79709562e-006 5.88398323e-006 
7.50000000e-001 6.56250000e+000 1.00000000e+001 1.45038020e-006 6.27952293e-006 7.37167909e-006 7.51708351e-006 7.65204193e-006 7.62089980e-006 7.59583832e-006 7.10731502e-006 6.12108568e-006 
7.50000000e-001 1.09375000e+001 1.00000000e+001 2.21556671e-006 7.74259446e-006 8.61272497e-006 8.69185917e-006 8.69119629e-006 8.61604810e-006 8.57157772e-006 7.93363811e-006 6.75764180e-006 
7.50000000e-001 1.53125000e+001 1.00000000e+001 3.88854082e-006 1.06429690e-005 1.10569176e-005 1.09986701e-005 1.07062873e-005 1.05362659e-005 1.04503589e-005 9.50739670e-006 7.96778377e-006 
7.50000000e-001 1.96875000e+001 1.00000000e+001 7.48099588e-006 1.58569708e-005 1.52196538e-005 1.48718168e-005 1.39868601e-005 1.36338171e-005 1.34695350e-005 1.19829180e-005 9.83939604e-006 
7.50000000e-001 2.40625000e+001 1.00000000e+001 1.53842728e-005 2.49169486e-005 2.19039062e-005 2.09706225e-005 1.89473546e-005 1.82618245e-005 1.79578309e-005 1.55550812e-005 1.24612382e-005 
7.50000000e-001 2.84375000e+001 1.00000000e+001 3.36033647e-005 4.05852280e-005 3.22978283e-005 3.02035524e-005 2.60501530e-005 2.47795557e-005 2.42346922e-005 2.03430749e-005 1.58184144e-005 
7.50000000e-001 3.28125000e+001 1.00000000e+001 8.44841513e-005 7.22629559e-005 5.09769870e-005 4.63117645e-005 3.77003309e-005 3.52749826e-005 3.42638622e-005 2.76400834e-005 2.06809254e-005 
1.00000000e+000 2.18750000e+000 1.00000000e+001 2.57089232e-007 2.38999474e-006 3.58064091e-006 3.86228551e-006 4.38631841e-006 4.50478354e-006 4.54748060e-006 4.58117654e-006 4.24089893e-006 
1.00000000e+000 6.56250000e+000 1.00000000e+001 3.60772970e-007 2.76398935e-006 3.94807253e-006 4.21913316e-006 4.71646583e-006 4.82484501e-006 4.86289062e-006 4.85595797e-006 4.45717368e-006 
1.00000000e+000 1.09375000e+001 1.00000000e+001 6.65144081e-007 3.72285247e-006 4.88822643e-006 5.13556942e-006 5.56976676e-006 5.65288703e-006 5.67915561e-006 5.56858863e-006 5.02253338e-006 
1.00000000e+000 1.53125000e+001 1.00000000e+001 1.41885184e-006 5.67862246e-006 6.74530420e-006 6.93367827e-006 7.21710279e-006 7.24302779e-006 7.24321795e-006 6.91849505e-006 6.08978534e-006 
1.00000000e+000 1.96875000e+001 1.00000000e+001 3.32200457e-006 9.45447694e-006 1.00646464e-005 1.00888883e-005 1.00003533e-005 9.90028237e-006 9.84500645e-006 9.10675421e-006 7.78236362e-006 
1.00000000e+000 2.40625000e+001 1.00000000e+001 8.36101393e-006 1.67212264e-005 1.58265298e-005 1.54318580e-005 1.44819067e-005 1.41165390e-005 1.39479312e-005 1.24343364e-005 1.02644061e-005 
1.00000000e+000 2.84375000e+001 1.00000000e+001 2.26638345e-005 3.10247428e-005 2.57870877e-005 2.43766165e-005 2.15047931e-005 2.05958285e-005 2.02013461e-005 1.72601287e-005 1.36782958e-005 
1.00000000e+000 3.28125000e+001 1.00000000e+001 7.31638973e-005 6.44609652e-005 4.59230537e-005 4.18230429e-005 3.42305701e-005 3.20842872e-005 3.11883402e-005 2.52845788e-005 1.90338781e-005 
1.25000000e+000 2.18750000e+000 1.00000000e+001 5.73165144e-008 1.00524098e-006 1.86329858e-006 2.11366810e-006 2.65290095e-006 2.80320991e-006 2.86342548e-006 3.08983468e-006 3.05811495e-006 
1.25000000e+000 6.56250000e+000 1.00000000e+001 9.21091543e-008 1.23085404e-006 2.12964926e-006 2.38276806e-006 2.91994623e-006 3.06676136e-006 3.12501914e-006 3.32698460e-006 3.25187222e-006 
1.25000000e+000 1.09375000e+001 1.00000000e+001 2.06754701e-007 1.82816601e-006 2.81447130e-006 3.07316114e-006 3.60346665e-006 3.74089077e-006 3.79395909e-006 3.93306671e-006 3.74968452e-006 
1.25000000e+000 1.53125000e+001 1.00000000e+001 5.36087691e-007 3.10921003e-006 4.19610791e-006 4.44927194e-006 4.93339403e-006 5.04347277e-006 5.08284343e-006 5.08359165e-006 4.68791643e-006 
1.25000000e+000 1.96875000e+001 1.00000000e+001 1.52554834e-006 5.79217077e-006 6.80447241e-006 6.98614200e-006 7.27207964e-006 7.30357462e-006 7.30682268e-006 7.00737157e-006 6.21411267e-006 
1.25000000e+000 2.40625000e+001 1.00000000e+001 4.68714138e-006 1.15176379e-005 1.16956071e-005 1.16002747e-005 1.12733180e-005 1.11027465e-005 1.10178497e-005 1.00815396e-005 8.55043178e-006 
1.25000000e+000 2.84375000e+001 1.00000000e+001 1.56891353e-005 2.42631777e-005 2.10229098e-005 2.00736912e-005 1.80769022e-005 1.74185469e-005 1.71288652e-005 1.48639604e-005 1.19742103e-005 
1.25000000e+000 3.28125000e+001 1.00000000e+001 6.45290322e-005 5.84812971e-005 4.20673617e-005 3.83989597e-005 3.15747515e-005 2.96364128e-005 2.88260126e-005 2.34567727e-005 1.77343085e-005 
1.50000000e+000 2.18750000e+000 1.00000000e+001 1.29012044e-008 4.24258489e-007 9.71513728e-007 1.15863825e-006 1.60635073e-006 1.74614581e-006 1.80477106e-006 2.08544163e-006 2.20627216e-006 
1.50000000e+000 6.56250000e+000 1.00000000e+001 2.40201227e-008 5.53941073e-007 1.15650230e-006 1.35357154e-006 1.81541127e-006 1.95674144e-006 2.01554682e-006 2.28560166e-006 2.37702195e-006 
1.50000000e+000 1.09375000e+001 1.00000000e+001 6.58619513e-008 9.13262821e-007 1.64077218e-006 1.85969934e-006 2.35150360e-006 2.49517559e-006 2.55382122e-006 2.79416707e-006 2.81133670e-006 
1.50000000e+000 1.53125000e+001 1.00000000e+001 2.07354532e-007 1.73539985e-006 2.65144083e-006 2.89672833e-006 3.41261192e-006 3.55093195e-006 3.60524025e-006 3.76769405e-006 3.63246523e-006 
1.50000000e+000 1.96875000e+001 1.00000000e+001 7.16574321e-007 3.61709294e-006 4.67761992e-006 4.91456777e-006 5.36053718e-006 5.45771117e-006 5.49147861e-006 5.44898338e-006 5.00335741e-006 
1.50000000e+000 2.40625000e+001 1.00000000e+001 2.68352286e-006 8.07605058e-006 8.78360934e-006 8.85665472e-006 8.89889642e-006 8.84998516e-006 8.81826490e-006 8.26789298e-006 7.19012118e-006 
1.50000000e+000 2.84375000e+001 1.00000000e+001 1.10565666e-005 1.92641916e-005 1.73847280e-005 1.67621687e-005 1.53946467e-005 1.49192760e-005 1.47064988e-005 1.29465250e-005 1.05857214e-005 
1.50000000e+000 3.28125000e+001 1.00000000e+001 5.76412198e-005 5.36301563e-005 3.89493242e-005 3.56334578e-005 2.94333919e-005 2.76625866e-005 2.69208838e-005 2.19784715e-005 1.66750081e-005 
1.75000000e+000 2.18750000e+000 1.00000000e+001 2.92949760e-009 1.79662830e-007 5.07525145e-007 6.36174393e-007 9.73773368e-007 1.08880078e-006 1.13862164e-006 1.40852772e-006 1.59247916e-006 
1.75000000e+000 6.56250000e+000 1.00000000e+001 6.37298524e-009 2.51673528e-007 6.31977607e-007 7.73158568e-007 1.13327161e-006 1.25307077e-006 1.30452575e-006 1.57430328e-006 1.74076449e-006 
1.75000000e+000 1.09375000e+001 1.00000000e+001 2.13591877e-008 4.62585498e-007 9.66814244e-007 1.13642159e-006 1.54644702e-006 1.67621521e-006 1.73093716e-006 1.99584161e-006 2.11629079e-006 
1.75000000e+000 1.53125000e+001 1.00000000e+001 8.15759630e-008 9.82731737e-007 1.69646406e-006 1.90830142e-006 2.38445060e-006 2.52383965e-006 2.58082459e-006 2.81377830e-006 2.83141619e-006 
1.75000000e+000 1.96875000e+001 1.00000000e+001 3.42195524e-007 2.29070358e-006 3.25669723e-006 3.49981410e-006 3.99490344e-006 4.12126785e-006 4.16969940e-006 4.27494147e-006 4.05783420e-006 
1.75000000e+000 2.40625000e+001 1.00000000e+001 1.56055319e-006 5.73647401e-006 6.67598252e-006 6.84106271e-006 7.10055363e-006 7.12825173e-006 7.13070821e-006 6.84340235e-006 6.09409927e-006 
1.75000000e+000 2.84375000e+001 1.00000000e+001 7.89706124e-006 1.54618684e-005 1.45240243e-005 1.41385766e-005 1.32371280e-005 1.28998562e-005 1.27454534e-005 1.13754348e-005 9.43183563e-006 
1.75000000e+000 3.28125000e+001 1.00000000e+001 5.19937269e-005 4.95569467e-005 3.63296682e-005 3.33118740e-005 2.76399311e-005 2.60105186e-005 2.53266953e-005 2.07421251e-005 1.57869751e-005 
2.00000000e+000 2.18750000e+000 1.00000000e+001 6.70488663e-010 7.63345398e-008 2.65645719e-007 3.49879603e-007 5.90980013e-007 6.79608613e-007 7.19047243e-007 9.52000610e-007 1.14999994e-006 
2.00000000e+000 6.56250000e+000 1.00000000e+001 1.71501612e-009 1.15314306e-007 3.47353949e-007 4.43901444e-007 7.10173056e-007 8.05256577e-007 8.47160424e-007 1.08711624e-006 1.27712606e-006 
2.00000000e+000 1.09375000e+001 1.00000000e+001 7.02192633e-009 2.36952041e-007 5.74916261e-007 7.00343496e-007 1.02407034e-006 1.13332392e-006 1.18053430e-006 1.43275251e-006 1.59911057e-006 
2.00000000e+000 1.53125000e+001 1.00000000e+001 3.25150215e-008 5.62746728e-007 1.09639248e-006 1.26928353e-006 1.68021438e-006 1.80833590e-006 1.86209717e-006 2.11549832e-006 2.21889082e-006 
2.00000000e+000 1.96875000e+001 1.00000000e+001 1.65524936e-007 1.46629146e-006 2.28995684e-006 2.51640887e-006 3.00360776e-006 3.13878758e-006 3.19280741e-006 3.37903800e-006 3.31179801e-006 
2.00000000e+000 2.40625000e+001 1.00000000e+001 9.18694404e-007 4.11500125e-006 5.12074683e-006 5.33171902e-006 5.71363449e-006 5.78898362e-006 5.81328743e-006 5.70698557e-006 5.19937525e-006 
2.00000000e+000 2.84375000e+001 1.00000000e+001 5.70095500e-006 1.25130668e-005 1.22280633e-005 1.20165774e-005 1.14656501e-005 1.12346573e-005 1.11254926e-005 1.00635547e-005 8.45685852e-006 
2.00000000e+000 3.28125000e+001 1.00000000e+001 4.72740649e-005 4.60595411e-005 3.40716296e-005 3.13108075e-005 2.60960759e-005 2.45892706e-005 2.39556266e-005 1.96805321e-005 1.50247938e-005 
2.25000000e+000 2.18750000e+000 1.00000000e+001 1.54543677e-010 3.25367835e-008 1.39307860e-007 1.92739055e-007 3.59073615e-007 4.24630148e-007 4.54522343e-007 6.43892368e-007 8.30866438e-007 
2.25000000e+000 6.56250000e+000 1.00000000e+001 4.66998175e-010 5.32344188e-008 1.91937619e-007 2.56081406e-007 4.46658414e-007 5.19200120e-007 5.51903398e-007 7.52528387e-007 9.38626845e-007 
2.25000000e+000 1.09375000e+001 1.00000000e+001 2.33360334e-009 1.22490422e-007 3.44547101e-007 4.34768717e-007 6.82333934e-007 7.70700192e-007 8.09676910e-007 1.03326381e-006 1.21260324e-006 
2.25000000e+000 1.53125000e+001 1.00000000e+001 1.30971633e-008 3.25101334e-007 7.14367016e-007 8.50924660e-007 1.19244925e-006 1.30458908e-006 1.35259744e-006 1.59986771e-006 1.74728536e-006 
2.25000000e+000 1.96875000e+001 1.00000000e+001 8.09047054e-008 9.46542656e-007 1.62291820e-006 1.82331141e-006 2.27464457e-006 2.40738024e-006 2.46181092e-006 2.68781027e-006 2.71774171e-006 
2.25000000e+000 2.40625000e+001 1.00000000e+001 5.46277095e-007 2.97505761e-006 3.95635907e-006 4.18496809e-006 4.62874622e-006 4.73257839e-006 4.77048170e-006 4.78864090e-006 4.46070484e-006 
2.25000000e+000 2.84375000e+001 1.00000000e+001 4.15213290e-006 1.01937254e-005 1.03576996e-005 1.02741040e-005 9.98848162e-006 9.84015132e-006 9.76646462e-006 8.95154630e-006 7.62159626e-006 
2.25000000e+000 3.28125000e+001 1.00000000e+001 4.32728740e-005 4.30092912e-005 3.20902042e-005 2.95536851e-005 2.47403464e-005 2.33416204e-005 2.27522459e-005 1.87501638e-005 1.43578561e-005 
2.50000000e+000 2.18750000e+000 1.00000000e+001 3.58447595e-011 1.39111726e-008 7.31918753e-008 1.06346031e-007 2.18417475e-007 2.65584370e-007 2.87588414e-007 4.35805884e-007 6.00584131e-007 
2.50000000e+000 6.56250000e+000 1.00000000e+001 1.28434252e-010 2.47400422e-008 1.06579890e-007 1.48384915e-007 2.81888489e-007 3.35815919e-007 3.60640742e-007 5.22140350e-007 6.91027140e-007 
2.50000000e+000 1.09375000e+001 1.00000000e+001 7.82457317e-010 6.37996671e-008 2.07864215e-007 2.71611337e-007 4.57123831e-007 5.26814980e-007 5.58122931e-007 7.48302878e-007 9.22558904e-007 
2.50000000e+000 1.53125000e+001 1.00000000e+001 5.32207336e-009 1.89160066e-007 4.68574305e-007 5.74188184e-007 8.51406128e-007 9.46688833e-007 9.88178856e-007 1.21614660e-006 1.38188476e-006 
2.50000000e+000 1.96875000e+001 1.00000000e+001 3.98903198e-008 6.15247865e-007 1.15757237e-006 1.32943934e-006 1.73289346e-006 1.85721281e-006 1.90917592e-006 2.14946153e-006 2.24085923e-006 
2.50000000e+000 2.40625000e+001 1.00000000e+001 3.27581023e-007 2.16477189e-006 3.07479742e-006 3.30386804e-006 3.77055794e-006 3.88997089e-006 3.93585000e-006 4.03860966e-006 3.84497267e-006 
2.50000000e+000 2.84375000e+001 1.00000000e+001 3.04697288e-006 8.34973244e-006 8.81682320e-006 8.82682969e-006 8.74206979e-006 8.65833418e-006 8.61263898e-006 7.99763740e-006 6.89781292e-006 
2.50000000e+000 3.28125000e+001 1.00000000e+001 3.98418875e-005 4.03181486e-005 3.03287550e-005 2.79897544e-005 2.35321462e-005 2.22297188e-005 2.16798443e-005 1.79217868e-005 1.37650199e-005 
0.00000000e+000 2.18750000e+000 2.00000000e+001 1.31000251e-004 8.92270702e-005 5.61724703e-005 4.93874636e-005 3.73615815e-005 3.41700448e-005 3.28707784e-005 2.50168142e-005 1.76571769e-005 
0.00000000e+000 6.56250000e+000 2.00000000e+001 1.32694429e-004 9.03307520e-005 5.68680249e-005 5.00049467e-005 3.78506147e-005 3.46257440e-005 3.33126988e-005 2.53682779e-005 1.79112614e-005 
0.00000000e+000 1.09375000e+001 2.00000000e+001 1.36322038e-004 9.26984643e-005 5.83847401e-005 5.13596441e-005 3.89310401e-005 3.56325493e-005 3.42888595e-005 2.61426330e-005 1.84697390e-005 
0.00000000e+000 1.53125000e+001 2.00000000e+001 1.42243293e-004 9.65512791e-005 6.08730502e-005 5.35831673e-005 4.06917221e-005 3.72668936e-005 3.58707179e-005 2.73853811e-005 1.93611521e-005 
0.00000000e+000 1.96875000e+001 2.00000000e+001 1.51460984e-004 1.02528577e-004 6.46957274e-005 5.69790006e-005 4.33342465e-005 3.97056045e-005 3.82254440e-005 2.92124383e-005 2.06637380e-005 
0.00000000e+000 2.40625000e+001 2.00000000e+001 1.63959547e-004 1.10621086e-004 6.98083699e-005 6.14950557e-005 4.67968190e-005 4.28861802e-005 4.12905569e-005 3.15667501e-005 2.23333655e-005 
0.00000000e+000 2.84375000e+001 2.00000000e+001 1.79747988e-004 1.20899212e-004 7.62450713e-005 6.71548341e-005 5.10835273e-005 4.68082121e-005 4.50639936e-005 3.44399815e-005 2.43618878e-005 
0.00000000e+000 3.28125000e+001 2.00000000e+001 2.02249161e-004 1.35708974e-004 8.55073556e-005 7.52861331e-005 5.72091415e-005 5.24012397e-005 5.04402941e-005 3.85126226e-005 2.72294085e-005 
2.50000000e-001 2.18750000e+000 2.00000000e+001 2.66270028e-005 3.59641469e-005 2.83835701e-005 2.63190082e-005 2.21226820e-005 2.08473836e-005 2.03052378e-005 1.66085348e-005 1.25719253e-005 
2.50000000e-001 6.56250000e+000 2.00000000e+001 2.81263990e-005 3.71352436e-005 2.91342738e-005 2.69831469e-005 2.26379679e-005 2.13237064e-005 2.07656131e-005 1.69685421e-005 1.28301671e-005 
2.50000000e-001 1.09375000e+001 2.00000000e+001 3.15039745e-005 3.97180681e-005 3.07914298e-005 2.84518965e-005 2.37799527e-005 2.23790383e-005 2.17853685e-005 1.77641624e-005 1.33995442e-005 
2.50000000e-001 1.53125000e+001 2.00000000e+001 3.72279279e-005 4.39776598e-005 3.35178515e-005 3.08665982e-005 2.56474472e-005 2.41002510e-005 2.34465484e-005 1.90507994e-005 1.43154830e-005 
2.50000000e-001 1.96875000e+001 2.00000000e+001 4.64400864e-005 5.06004305e-005 3.77108340e-005 3.45649015e-005 2.84740337e-005 2.66946378e-005 2.59460077e-005 2.09673671e-005 1.56707135e-005 
2.50000000e-001 2.40625000e+001 2.00000000e+001 6.08478003e-005 6.03258304e-005 4.37118168e-005 3.98164029e-005 3.24133406e-005 3.02888051e-005 2.93999146e-005 2.35771658e-005 1.74936650e-005 
2.50000000e-001 2.84375000e+001 2.00000000e+001 8.39586342e-005 7.46351302e-005 5.22400282e-005 4.72052005e-005 3.78301264e-005 3.51953508e-005 3.41005127e-005 2.70650747e-005 1.98904966e-005 
2.50000000e-001 3.28125000e+001 2.00000000e+001 1.26909661e-004 9.87325049e-005 6.61217061e-005 5.91272696e-005 4.64046752e-005 4.29160305e-005 4.14783314e-005 3.24562591e-005 2.35419175e-005 
5.00000000e-001 2.18750000e+000 2.00000000e+001 5.47177234e-006 1.45474356e-005 1.43707990e-005 1.40495421e-005 1.31148399e-005 1.27324899e-005 1.25556533e-005 1.10342746e-005 8.95565992e-006 
5.00000000e-001 6.56250000e+000 2.00000000e+001 6.21979869e-006 1.54864202e-005 1.50480952e-005 1.46618602e-005 1.36050736e-005 1.31884624e-005 1.29973730e-005 1.13837423e-005 9.20927038e-006 
5.00000000e-001 1.09375000e+001 2.00000000e+001 8.01504325e-006 1.76163585e-005 1.65679212e-005 1.60341782e-005 1.47008749e-005 1.42065171e-005 1.39830769e-005 1.21607908e-005 9.77121337e-006 
5.00000000e-001 1.53125000e+001 2.00000000e+001 1.13442819e-005 2.12537946e-005 1.91171733e-005 1.83274500e-005 1.65156436e-005 1.58872162e-005 1.56081349e-005 1.34314064e-005 1.06838839e-005 
5.00000000e-001 1.96875000e+001 2.00000000e+001 1.73732448e-005 2.71673459e-005 2.31448997e-005 2.19255199e-005 1.93191527e-005 1.84710785e-005 1.81013573e-005 1.53580396e-005 1.20547380e-005 
5.00000000e-001 2.40625000e+001 2.00000000e+001 2.84501016e-005 3.65866284e-005 2.92750376e-005 2.73388875e-005 2.34334969e-005 2.22344363e-005 2.17210907e-005 1.81027741e-005 1.39737032e-005 
5.00000000e-001 2.84375000e+001 2.00000000e+001 5.01255120e-005 5.20996432e-005 3.88016070e-005 3.56285542e-005 2.95385360e-005 2.77654002e-005 2.70194378e-005 2.20242173e-005 1.66515953e-005 
5.00000000e-001 3.28125000e+001 2.00000000e+001 1.01018477e-004 8.18730681e-005 5.59335042e-005 5.03059669e-005 4.00092226e-005 3.71626635e-005 3.59859000e-005 2.85060362e-005 2.09769623e-005 
7.50000000e-001 2.18750000e+000 2.00000000e+001 1.13676783e-006 5.90534245e-006 7.29062261e-006 7.51266843e-006 7.78396126e-006 7.78449977e-006 7.77147608e-006 7.33616854e-006 6.38276140e-006 
7.50000000e-001 6.56250000e+000 2.00000000e+001 1.42789142e-006 6.54660680e-006 7.83397695e-006 8.02071297e-006 8.21514486e-006 8.19132378e-006 8.16781856e-006 7.65934316e-006 6.62359234e-006 
7.50000000e-001 1.09375000e+001 2.00000000e+001 2.18953043e-006 8.05271615e-006 9.07936907e-006 9.18008873e-006 9.19123098e-006 9.11008778e-006 9.06201325e-006 8.38413718e-006 7.16075525e-006 
7.50000000e-001 1.53125000e+001 2.00000000e+001 3.78785308e-006 1.07566884e-005 1.12321951e-005 1.11686054e-005 1.08394609e-005 1.06543744e-005 1.05620945e-005 9.58653149e-006 8.04329809e-006 
7.50000000e-001 1.96875000e+001 2.00000000e+001 7.16453875e-006 1.54517866e-005 1.47780101e-005 1.44053973e-005 1.34600159e-005 1.30931197e-005 1.29243890e-005 1.14499835e-005 9.39234466e-006 
7.50000000e-001 2.40625000e+001 2.00000000e+001 1.46022482e-005 2.36385081e-005 2.05357635e-005 1.95738552e-005 1.75042467e-005 1.68195135e-005 1.65189779e-005 1.42172509e-005 1.13498915e-005 
7.50000000e-001 2.84375000e+001 2.00000000e+001 3.24584010e-005 3.87172065e-005 3.02693664e-005 2.81330289e-005 2.39249198e-005 2.26625986e-005 2.21260981e-005 1.84028168e-005 1.42225550e-005 
7.50000000e-001 3.28125000e+001 2.00000000e+001 8.55570732e-005 7.17297921e-005 4.95739373e-005 4.47193048e-005 3.58040815e-005 3.33298789e-005 3.23057499e-005 2.57573312e-005 1.91118326e-005 
1.00000000e+000 2.18750000e+000 2.00000000e+001 2.38720437e-007 2.40571031e-006 3.70610254e-006 4.02406663e-006 4.62541303e-006 4.76434755e-006 4.81504632e-006 4.88098794e-006 4.55129282e-006 
1.00000000e+000 6.56250000e+000 2.00000000e+001 3.38353102e-007 2.80276942e-006 4.10921520e-006 4.41624103e-006 4.98334740e-006 5.10850798e-006 5.15290253e-006 5.16819071e-006 4.77335778e-006 
1.00000000e+000 1.09375000e+001 2.00000000e+001 6.28541255e-007 3.77571931e-006 5.05750482e-006 5.33150792e-006 5.80679226e-006 5.89717438e-006 5.92587672e-006 5.81930305e-006 5.27269466e-006 
1.00000000e+000 1.53125000e+001 2.00000000e+001 1.33371771e-006 5.63411627e-006 6.76101628e-006 6.95482238e-006 7.23233203e-006 7.25336096e-006 7.25140453e-006 6.91854767e-006 6.10424658e-006 
1.00000000e+000 1.96875000e+001 2.00000000e+001 3.10543004e-006 9.12808511e-006 9.71533056e-006 9.72064197e-006 9.57989818e-006 9.46571736e-006 9.40536154e-006 8.66604861e-006 7.40089962e-006 
1.00000000e+000 2.40625000e+001 2.00000000e+001 7.83147158e-006 1.58504419e-005 1.48578514e-005 1.44253850e-005 1.33955047e-005 1.30153084e-005 1.28427275e-005 1.13692852e-005 9.34837545e-006 
1.00000000e+000 2.84375000e+001 2.00000000e+001 2.17935114e-005 2.97327478e-005 2.43186492e-005 2.28481517e-005 1.98634061e-005 1.89382905e-005 1.85408983e-005 1.56813637e-005 1.23406085e-005 
1.00000000e+000 3.28125000e+001 2.00000000e+001 7.43900599e-005 6.44627056e-005 4.50344672e-005 4.07249543e-005 3.27687245e-005 3.05500103e-005 2.96303758e-005 2.37228396e-005 1.76948940e-005 
1.25000000e+000 2.18750000e+000 2.00000000e+001 5.06549267e-008 9.83503488e-007 1.88772335e-006 2.15910775e-006 2.75177070e-006 2.91898099e-006 2.98627605e-006 3.24981740e-006 3.24695317e-006 
1.25000000e+000 6.56250000e+000 2.00000000e+001 8.22957371e-008 1.21399515e-006 2.17090099e-006 2.44668856e-006 3.03633514e-006 3.19858441e-006 3.26318403e-006 3.49700822e-006 3.44668011e-006 
1.25000000e+000 1.09375000e+001 2.00000000e+001 1.86706505e-007 1.80768738e-006 2.85779035e-006 3.13592942e-006 3.70372909e-006 3.85058280e-006 3.90738692e-006 4.06463314e-006 3.90007453e-006 
1.25000000e+000 1.53125000e+001 2.00000000e+001 4.85135684e-007 3.02588606e-006 4.14895654e-006 4.40786511e-006 4.89377421e-006 5.00241263e-006 5.04112851e-006 5.04263591e-006 4.66685379e-006 
1.25000000e+000 1.96875000e+001 2.00000000e+001 1.38600704e-006 5.52948604e-006 6.52434508e-006 6.69168237e-006 6.93409700e-006 6.95240655e-006 6.95058734e-006 6.64258618e-006 5.88924924e-006 
1.25000000e+000 2.40625000e+001 2.00000000e+001 4.30969086e-006 1.08739885e-005 1.09753951e-005 1.08452855e-005 1.04346430e-005 1.02436101e-005 1.01516169e-005 9.22228419e-006 7.78913100e-006 
1.25000000e+000 2.84375000e+001 2.00000000e+001 1.49505093e-005 2.32732734e-005 1.98986378e-005 1.88919060e-005 1.67702201e-005 1.60858089e-005 1.57880895e-005 1.35563901e-005 1.08394066e-005 
1.25000000e+000 3.28125000e+001 2.00000000e+001 6.57162743e-005 5.87472304e-005 4.14916236e-005 3.76144202e-005 3.04108227e-005 2.83898783e-005 2.75507307e-005 2.21330537e-005 1.65737887e-005 
1.50000000e+000 2.18750000e+000 2.00000000e+001 1.08542794e-008 4.03488429e-007 9.63441748e-007 1.16043419e-006 1.63902436e-006 1.79025082e-006 1.85392293e-006 2.16532370e-006 2.31756688e-006 
1.50000000e+000 6.56250000e+000 2.00000000e+001 2.04467689e-008 5.31416117e-007 1.15461600e-006 1.36347513e-006 1.85790615e-006 2.01039926e-006 2.07404074e-006 2.37264585e-006 2.49348820e-006 
1.50000000e+000 1.09375000e+001 2.00000000e+001 5.68125833e-008 8.80230843e-007 1.63490895e-006 1.86517575e-006 2.38278325e-006 2.53417475e-006 2.59607611e-006 2.85576635e-006 2.89718789e-006 
1.50000000e+000 1.53125000e+001 2.00000000e+001 1.80349317e-007 1.65516771e-006 2.58512573e-006 2.83361274e-006 3.35070921e-006 3.48830193e-006 3.54229954e-006 3.70751782e-006 3.59180782e-006 
1.50000000e+000 1.96875000e+001 2.00000000e+001 6.30885538e-007 3.40775409e-006 4.45019331e-006 4.67583883e-006 5.08577550e-006 5.17116674e-006 5.20021092e-006 5.14551851e-006 4.72626604e-006 
1.50000000e+000 2.40625000e+001 2.00000000e+001 2.41379590e-006 7.57382972e-006 8.22467144e-006 8.26896277e-006 8.23513279e-006 8.16498522e-006 8.12527138e-006 7.56485166e-006 6.55161988e-006 
1.50000000e+000 2.84375000e+001 2.00000000e+001 1.04116715e-005 1.84451777e-005 1.64799205e-005 1.58090953e-005 1.43244261e-005 1.38204530e-005 1.35977714e-005 1.18448278e-005 9.61146002e-006 
1.50000000e+000 3.28125000e+001 2.00000000e+001 5.87247682e-005 5.40222391e-005 3.85691991e-005 3.50536469e-005 2.84790735e-005 2.66224175e-005 2.58499109e-005 2.08342891e-005 1.56544650e-005 
1.75000000e+000 2.18750000e+000 2.00000000e+001 2.34684119e-009 1.66106717e-007 4.92691556e-007 6.24743283e-007 9.77393215e-007 1.09913437e-006 1.15208684e-006 1.44377380e-006 1.65502077e-006 
1.75000000e+000 6.56250000e+000 2.00000000e+001 5.16917795e-009 2.34841411e-007 6.17950810e-007 7.64022077e-007 1.14145829e-006 1.26823349e-006 1.32286756e-006 1.61402879e-006 1.80727440e-006 
1.75000000e+000 1.09375000e+001 2.00000000e+001 1.75953228e-008 4.34510792e-007 9.45267124e-007 1.12015682e-006 1.54484202e-006 1.67975213e-006 1.73675942e-006 2.01736825e-006 2.16091270e-006 
1.75000000e+000 1.53125000e+001 2.00000000e+001 6.81152531e-008 9.17831930e-007 1.63021298e-006 1.84250434e-006 2.31693150e-006 2.45528654e-006 2.51186149e-006 2.74675516e-006 2.78106540e-006 
1.75000000e+000 1.96875000e+001 2.00000000e+001 2.91378825e-007 2.12633535e-006 3.07085734e-006 3.30436665e-006 3.76906630e-006 3.88505274e-006 3.92920573e-006 4.02078189e-006 3.82065131e-006 
1.75000000e+000 2.40625000e+001 2.00000000e+001 1.37000319e-006 5.33259059e-006 6.22737366e-006 6.36928229e-006 6.56311437e-006 6.57087572e-006 6.56548902e-006 6.26013353e-006 5.55351619e-006 
1.75000000e+000 2.84375000e+001 2.00000000e+001 7.33522522e-006 1.47496104e-005 1.37653319e-005 1.33418644e-005 1.23380104e-005 1.19730914e-005 1.18085716e-005 1.04322117e-005 8.58571040e-006 
1.75000000e+000 3.28125000e+001 2.00000000e+001 5.29573559e-005 5.00012360e-005 3.60743438e-005 3.28690969e-005 2.68367955e-005 2.51218663e-005 2.44067915e-005 1.97358178e-005 1.48775871e-005 
2.00000000e+000 2.18750000e+000 2.00000000e+001 5.11556267e-010 6.86136674e-008 2.52453257e-007 3.36909880e-007 5.83529479e-007 6.75524607e-007 7.16654566e-007 9.63357931e-007 1.18246810e-006 
2.00000000e+000 6.56250000e+000 2.00000000e+001 1.32569552e-009 1.04663546e-007 3.32650989e-007 4.30326575e-007 7.03997161e-007 8.02853386e-007 8.46588481e-007 1.10076126e-006 1.31229345e-006 
2.00000000e+000 1.09375000e+001 2.00000000e+001 5.52365583e-009 2.16871840e-007 5.51484865e-007 6.78380543e-007 1.00848829e-006 1.12056589e-006 1.16911907e-006 1.43225748e-006 1.61788074e-006 
2.00000000e+000 1.53125000e+001 2.00000000e+001 2.60448923e-008 5.14305031e-007 1.03789382e-006 1.20911935e-006 1.61532558e-006 1.74183061e-006 1.79495027e-006 2.04851846e-006 2.16494632e-006 
2.00000000e+000 1.96875000e+001 2.00000000e+001 1.36131221e-007 1.33924209e-006 2.13791092e-006 2.35557773e-006 2.81632222e-006 2.94232121e-006 2.99248718e-006 3.16467124e-006 3.10785666e-006 
2.00000000e+000 2.40625000e+001 2.00000000e+001 7.85887592e-007 3.78554658e-006 4.75187348e-006 4.94387756e-006 5.26984606e-006 5.32722702e-006 5.34425799e-006 5.21671839e-006 4.73740446e-006 
2.00000000e+000 2.84375000e+001 2.00000000e+001 5.21676992e-006 1.18756066e-005 1.15714293e-005 1.13309955e-005 1.06935454e-005 1.04373359e-005 1.03186200e-005 9.24417639e-006 7.71400413e-006 
2.00000000e+000 3.28125000e+001 2.00000000e+001 4.81210493e-005 4.65151811e-005 3.38967752e-005 3.09615390e-005 2.54044899e-005 2.38143377e-005 2.31498576e-005 1.87820003e-005 1.42048092e-005 
2.25000000e+000 2.18750000e+000 2.00000000e+001 1.12320231e-010 2.84351769e-008 1.29608433e-007 1.81991434e-007 3.48789931e-007 4.15607833e-007 4.46235930e-007 6.43262132e-007 8.45259583e-007 
2.25000000e+000 6.56250000e+000 2.00000000e+001 3.44085120e-010 4.69994403e-008 1.80030276e-007 2.43538521e-007 4.35779086e-007 5.09939481e-007 5.43521006e-007 7.52554400e-007 9.54566721e-007 
2.25000000e+000 1.09375000e+001 2.00000000e+001 1.75288116e-009 1.09224382e-007 3.24225484e-007 4.13811158e-007 6.62378977e-007 7.51828552e-007 7.91403673e-007 1.02152377e-006 1.21561746e-006 
2.25000000e+000 1.53125000e+001 2.00000000e+001 1.00592035e-008 2.90570937e-007 6.65876208e-007 7.99414321e-007 1.13393236e-006 1.24390658e-006 1.29104245e-006 1.53660909e-006 1.69343955e-006 
2.25000000e+000 1.96875000e+001 2.00000000e+001 6.42061277e-008 8.49752098e-007 1.49879710e-006 1.69078226e-006 2.11834001e-006 2.24284231e-006 2.29377932e-006 2.50582585e-006 2.54153643e-006 
2.25000000e+000 2.40625000e+001 2.00000000e+001 4.54830891e-007 2.70497931e-006 3.64808472e-006 3.86057626e-006 4.25631700e-006 4.34416868e-006 4.37547669e-006 4.37162719e-006 4.06237406e-006 
2.25000000e+000 2.84375000e+001 2.00000000e+001 3.73982370e-006 9.61475668e-006 9.77606556e-006 9.67078228e-006 9.31316510e-006 9.14248903e-006 9.06012792e-006 8.23047933e-006 6.96284334e-006 
2.25000000e+000 3.28125000e+001 2.00000000e+001 4.40139987e-005 4.34535193e-005 3.19672096e-005 2.92690917e-005 2.41327472e-005 2.26537585e-005 2.20344221e-005 1.79373139e-005 1.36106992e-005 
2.50000000e+000 2.18750000e+000 2.00000000e+001 2.48217682e-011 1.18213598e-008 6.66681423e-008 9.84701374e-008 2.08722774e-007 2.55962556e-007 2.78129784e-007 4.29832730e-007 6.04512470e-007 
2.50000000e+000 6.56250000e+000 2.00000000e+001 9.02177836e-011 2.12473453e-008 9.79118782e-008 1.38440117e-007 2.70679862e-007 3.24915612e-007 3.50008160e-007 5.15707640e-007 6.95548512e-007 
2.50000000e+000 1.09375000e+001 2.00000000e+001 5.61264787e-010 5.54198605e-008 1.91868318e-007 2.53999541e-007 4.37406418e-007 5.07013636e-007 5.38396994e-007 7.31634430e-007 9.16395764e-007 
2.50000000e+000 1.53125000e+001 2.00000000e+001 3.91820549e-009 1.65265649e-007 4.29885161e-007 5.31786304e-007 8.00595006e-007 8.93308814e-007 9.33747636e-007 1.15840142e-006 1.33030146e-006 
2.50000000e+000 1.96875000e+001 2.00000000e+001 3.05281293e-008 5.42434137e-007 1.05666372e-006 1.22035176e-006 1.60192204e-006 1.71874189e-006 1.76750327e-006 1.99410278e-006 2.08790354e-006 
2.50000000e+000 2.40625000e+001 2.00000000e+001 2.65242263e-007 1.94335786e-006 2.81451913e-006 3.02928757e-006 3.45397877e-006 3.55916032e-006 3.59908760e-006 3.68017114e-006 3.49864412e-006 
2.50000000e+000 2.84375000e+001 2.00000000e+001 2.69961199e-006 7.82057074e-006 8.29316884e-006 8.28693348e-006 8.14246259e-006 8.03918670e-006 7.98576182e-006 7.35585373e-006 6.30829118e-006 
2.50000000e+000 3.28125000e+001 2.00000000e+001 4.04901875e-005 4.07385509e-005 3.02387097e-005 2.77502460e-005 2.29889103e-005 2.16097215e-005 2.10309948e-005 1.71781323e-005 1.30779218e-005 
END