TITLE="3SCB_EB_E_WD315.dat"
VARIABLES= "Density" "Radius" "Height" "0.1053" "0.356" "0.6617" "0.7889" "1.1732" "1.3325" "1.408" "2" "3" 
ZONE T="3D Data" I=11 J=8 K=3 F=POINT
0.00000000e+000 8.75000000e+000 0.00000000e+000 1.17218759e-004 7.93339458e-005 4.97822763e-005 4.37499524e-005 3.31177447e-005 3.03085298e-005 2.91655746e-005 2.22425608e-005 1.57031338e-005 
0.00000000e+000 1.51554446e+001 0.00000000e+000 1.25009251e-004 8.44559165e-005 5.34249551e-005 4.71317406e-005 3.60305982e-005 3.30747064e-005 3.18669781e-005 2.44576424e-005 1.73229653e-005 
0.00000000e+000 1.95655948e+001 0.00000000e+000 1.43849499e-004 9.68471378e-005 6.15183050e-005 5.43513653e-005 4.16676874e-005 3.82749943e-005 3.68866639e-005 2.83435161e-005 2.00957298e-005 
0.00000000e+000 2.31503240e+001 0.00000000e+000 1.66805832e-004 1.12171583e-004 7.12651071e-005 6.29535664e-005 4.82253560e-005 4.42840947e-005 4.26716499e-005 3.27652234e-005 2.32388470e-005 
0.00000000e+000 2.62500000e+001 0.00000000e+000 1.92113013e-004 1.29065942e-004 8.19344305e-005 7.23406505e-005 5.53285694e-005 5.07786681e-005 4.89183191e-005 3.75170530e-005 2.66076009e-005 
0.00000000e+000 2.90204669e+001 0.00000000e+000 2.17965851e-004 1.46267426e-004 9.27341273e-005 8.18242291e-005 6.24742657e-005 5.73039027e-005 5.51912445e-005 4.22753860e-005 2.99737368e-005 
0.00000000e+000 3.15485737e+001 0.00000000e+000 2.39882542e-004 1.60836651e-004 1.01885331e-004 8.98637062e-005 6.85405005e-005 6.28462134e-005 6.05203751e-005 4.63216660e-005 3.28347474e-005 
0.00000000e+000 3.38886043e+001 0.00000000e+000 2.59793542e-004 1.74040708e-004 1.10199701e-004 9.71776977e-005 7.40786580e-005 6.79117667e-005 6.53933612e-005 5.00303732e-005 3.54585820e-005 
2.50000000e-001 8.75000000e+000 0.00000000e+000 2.72482696e-005 3.42749672e-005 2.64541677e-005 2.44137866e-005 2.03638057e-005 1.91579785e-005 1.86480003e-005 1.52008425e-005 1.14494980e-005 
2.50000000e-001 1.51554446e+001 0.00000000e+000 3.37751962e-005 3.92259329e-005 2.98661368e-005 2.75369721e-005 2.29873984e-005 2.16386623e-005 2.10675366e-005 1.71842363e-005 1.29168048e-005 
2.50000000e-001 1.95655948e+001 0.00000000e+000 4.45950012e-005 4.82372006e-005 3.61523352e-005 3.32332384e-005 2.75843210e-005 2.59220201e-005 2.52196967e-005 2.04814885e-005 1.53306422e-005 
2.50000000e-001 2.31503240e+001 0.00000000e+000 5.90402654e-005 5.99225666e-005 4.40668684e-005 4.03268000e-005 3.31648737e-005 3.10825868e-005 3.02066699e-005 2.43773860e-005 1.81563407e-005 
2.50000000e-001 2.62500000e+001 0.00000000e+000 7.80700916e-005 7.42855626e-005 5.35075524e-005 4.87163767e-005 3.96441250e-005 3.70412819e-005 3.59516953e-005 2.88067132e-005 2.13322841e-005 
2.50000000e-001 2.90204669e+001 0.00000000e+000 1.02536924e-004 9.12358610e-005 6.42536376e-005 5.81763180e-005 4.68072139e-005 4.35906707e-005 4.22508818e-005 3.35944163e-005 2.47179154e-005 
2.50000000e-001 3.15485737e+001 0.00000000e+000 1.31724005e-004 1.09295924e-004 7.51979814e-005 6.77036088e-005 5.38593300e-005 4.99960310e-005 4.83944167e-005 3.81858882e-005 2.79055285e-005 
2.50000000e-001 3.38886043e+001 0.00000000e+000 1.71981988e-004 1.31263955e-004 8.78493672e-005 7.85777968e-005 6.17008289e-005 5.70635186e-005 5.51509065e-005 4.31357778e-005 3.12669615e-005 
5.00000000e-001 8.75000000e+000 0.00000000e+000 6.77073855e-006 1.51463896e-005 1.42399242e-005 1.37739192e-005 1.26173864e-005 1.21921737e-005 1.20003824e-005 1.04370767e-005 8.37497776e-006 
5.00000000e-001 1.51554446e+001 0.00000000e+000 1.06226361e-005 1.93049260e-005 1.72737890e-005 1.65643112e-005 1.49689431e-005 1.44174252e-005 1.41718398e-005 1.22275923e-005 9.71629021e-006 
5.00000000e-001 1.95655948e+001 0.00000000e+000 1.68160857e-005 2.60330857e-005 2.22969816e-005 2.11841781e-005 1.88093343e-005 1.80270261e-005 1.76836593e-005 1.50774613e-005 1.18481370e-005 
5.00000000e-001 2.31503240e+001 0.00000000e+000 2.59843421e-005 3.51673888e-005 2.88727939e-005 2.71619397e-005 2.36464662e-005 2.25361105e-005 2.20555433e-005 1.85581818e-005 1.44166365e-005 
5.00000000e-001 2.62500000e+001 0.00000000e+000 3.98881130e-005 4.74319438e-005 3.73012116e-005 3.47290652e-005 2.96087883e-005 2.80499303e-005 2.73837262e-005 2.27179060e-005 1.74302413e-005 
5.00000000e-001 2.90204669e+001 0.00000000e+000 6.08079471e-005 6.35485178e-005 4.77951363e-005 4.40194854e-005 3.67162323e-005 3.45652557e-005 3.36564778e-005 2.75086252e-005 2.08253553e-005 
5.00000000e-001 3.15485737e+001 0.00000000e+000 9.10099931e-005 8.33629765e-005 5.98832891e-005 5.45443999e-005 4.44932051e-005 4.16209049e-005 4.04197863e-005 3.25385641e-005 2.42889872e-005 
5.00000000e-001 3.38886043e+001 0.00000000e+000 1.42154499e-004 1.11539862e-004 7.59130051e-005 6.82541212e-005 5.42508943e-005 5.03743104e-005 4.87704816e-005 3.85698582e-005 2.83109552e-005 
7.50000000e-001 8.75000000e+000 0.00000000e+000 1.78312718e-006 6.83761567e-006 7.76084582e-006 7.85395429e-006 7.87604835e-006 7.81071197e-006 7.77134224e-006 7.19916197e-006 6.14551677e-006 
7.50000000e-001 1.51554446e+001 0.00000000e+000 3.67646814e-006 9.95199929e-006 1.02876528e-005 1.02211657e-005 9.92881874e-006 9.76656962e-006 9.68522719e-006 8.80339950e-006 7.36954689e-006 
7.50000000e-001 1.95655948e+001 0.00000000e+000 7.03712388e-006 1.48828936e-005 1.42891387e-005 1.39678295e-005 1.31516650e-005 1.28247735e-005 1.26723541e-005 1.12833088e-005 9.26526216e-006 
7.50000000e-001 2.31503240e+001 0.00000000e+000 1.26832782e-005 2.19577647e-005 1.97467708e-005 1.90076401e-005 1.73563138e-005 1.67777446e-005 1.65184723e-005 1.44064450e-005 1.16107766e-005 
7.50000000e-001 2.62500000e+001 0.00000000e+000 2.24795895e-005 3.22497343e-005 2.72050861e-005 2.57851943e-005 2.28223954e-005 2.18650019e-005 2.14472556e-005 1.83098044e-005 1.44723185e-005 
7.50000000e-001 2.90204669e+001 0.00000000e+000 3.94051476e-005 4.70535630e-005 3.72136352e-005 3.47200146e-005 2.97648421e-005 2.82550036e-005 2.76093439e-005 2.30557101e-005 1.78546864e-005 
7.50000000e-001 3.15485737e+001 0.00000000e+000 6.78760244e-005 6.73664555e-005 4.98865267e-005 4.58029550e-005 3.80134008e-005 3.57499734e-005 3.47977096e-005 2.84118243e-005 2.15385364e-005 
7.50000000e-001 3.38886043e+001 0.00000000e+000 1.24841241e-004 9.98676099e-005 6.84899411e-005 6.17205910e-005 4.93304768e-005 4.58929305e-005 4.44693456e-005 3.53673130e-005 2.61423174e-005 
1.00000000e+000 8.75000000e+000 0.00000000e+000 4.92942214e-007 3.14830035e-006 4.27995267e-006 4.52409406e-006 4.95189873e-006 5.03608623e-006 5.06357549e-006 4.98806734e-006 4.52363107e-006 
1.00000000e+000 1.51554446e+001 0.00000000e+000 1.34783620e-006 5.31557994e-006 6.27825295e-006 6.44509164e-006 6.69360238e-006 6.71434875e-006 6.71329450e-006 6.40652092e-006 5.63294362e-006 
1.00000000e+000 1.95655948e+001 0.00000000e+000 3.11573134e-006 8.85339117e-006 9.43044505e-006 9.45779722e-006 9.38844705e-006 9.29921780e-006 9.24929611e-006 8.56562775e-006 7.32238409e-006 
1.00000000e+000 2.31503240e+001 0.00000000e+000 6.53311688e-006 1.42696525e-005 1.39297351e-005 1.36838733e-005 1.30327989e-005 1.27570866e-005 1.26264342e-005 1.13669703e-005 9.46647785e-006 
1.00000000e+000 2.62500000e+001 0.00000000e+000 1.33110793e-005 2.27829138e-005 2.04617282e-005 1.96987152e-005 1.80102543e-005 1.74226439e-005 1.71598260e-005 1.50157021e-005 1.21783182e-005 
1.00000000e+000 2.90204669e+001 0.00000000e+000 2.66563691e-005 3.60817100e-005 2.98364563e-005 2.81485705e-005 2.46982475e-005 2.36092951e-005 2.31379146e-005 1.96704991e-005 1.55238504e-005 
1.00000000e+000 3.15485737e+001 0.00000000e+000 5.24043464e-005 5.61347560e-005 4.26952494e-005 3.94627776e-005 3.32137538e-005 3.13689607e-005 3.05885332e-005 2.52531837e-005 1.93754372e-005 
1.00000000e+000 3.38886043e+001 0.00000000e+000 1.12347820e-004 9.16709876e-005 6.32637808e-005 5.71004614e-005 4.57961505e-005 4.26528701e-005 4.13501773e-005 3.29939613e-005 2.44882683e-005 
1.25000000e+000 8.75000000e+000 0.00000000e+000 1.41754755e-007 1.47591102e-006 2.38671007e-006 2.63124341e-006 3.13500823e-006 3.26730779e-006 3.31885626e-006 3.47118940e-006 3.33997242e-006 
1.25000000e+000 1.51554446e+001 0.00000000e+000 5.12266905e-007 2.91540753e-006 3.90831758e-006 4.13787128e-006 4.57651519e-006 4.67605363e-006 4.71159353e-006 4.70765963e-006 4.33641597e-006 
1.25000000e+000 1.95655948e+001 0.00000000e+000 1.42706860e-006 5.41295412e-006 6.36359805e-006 6.53710781e-006 6.81602305e-006 6.84961832e-006 6.85441998e-006 6.58290151e-006 5.84136472e-006 
1.25000000e+000 2.31503240e+001 0.00000000e+000 3.47586970e-006 9.52284844e-006 1.00479255e-005 1.00595551e-005 9.96092893e-006 9.86273511e-006 9.80899028e-006 9.08992151e-006 7.79972939e-006 
1.25000000e+000 2.62500000e+001 0.00000000e+000 8.12111592e-006 1.64965305e-005 1.57210690e-005 1.53558664e-005 1.44639645e-005 1.41156559e-005 1.39543095e-005 1.24851883e-005 1.03621080e-005 
1.25000000e+000 2.90204669e+001 0.00000000e+000 1.85025362e-005 2.82770176e-005 2.43909463e-005 2.32499500e-005 2.08372313e-005 2.00436700e-005 1.96953786e-005 1.70114841e-005 1.36492017e-005 
1.25000000e+000 3.15485737e+001 0.00000000e+000 4.12832392e-005 4.76308971e-005 3.71652885e-005 3.45654828e-005 2.94642374e-005 2.79323716e-005 2.72805756e-005 2.27381177e-005 1.76224305e-005 
1.25000000e+000 3.38886043e+001 0.00000000e+000 1.02472838e-004 8.52978801e-005 5.92417743e-005 5.35493637e-005 4.30762359e-005 4.01550911e-005 3.89432935e-005 3.11461153e-005 2.31798523e-005 
1.50000000e+000 8.75000000e+000 0.00000000e+000 4.20778861e-008 7.03190245e-007 1.34483713e-006 1.54429382e-006 1.99790769e-006 2.13241498e-006 2.18770634e-006 2.42584064e-006 2.47340496e-006 
1.50000000e+000 1.51554446e+001 0.00000000e+000 1.99492363e-007 1.63092112e-006 2.47220866e-006 2.69616304e-006 3.16694420e-006 3.29317748e-006 3.34274302e-006 3.48941975e-006 3.36024084e-006 
1.50000000e+000 1.95655948e+001 0.00000000e+000 6.68599723e-007 3.37418846e-006 4.36682838e-006 4.59068503e-006 5.01626630e-006 5.11056571e-006 5.14365966e-006 5.11228991e-006 4.69842864e-006 
1.50000000e+000 2.31503240e+001 0.00000000e+000 1.89009543e-006 6.47346824e-006 7.36729598e-006 7.51152317e-006 7.71854368e-006 7.72571530e-006 7.71864644e-006 7.34949743e-006 6.48417452e-006 
1.50000000e+000 2.62500000e+001 0.00000000e+000 5.05676431e-006 1.21490164e-005 1.22639917e-005 1.21470683e-005 1.17701742e-005 1.15822789e-005 1.14897655e-005 1.04953546e-005 8.89770819e-006 
1.50000000e+000 2.90204669e+001 0.00000000e+000 1.30709734e-005 2.24894578e-005 2.02104459e-005 1.94572667e-005 1.77935796e-005 1.72170926e-005 1.69597833e-005 1.48657516e-005 1.21087032e-005 
1.50000000e+000 3.15485737e+001 0.00000000e+000 3.29693136e-005 4.08984632e-005 3.27203842e-005 3.06153719e-005 2.64167522e-005 2.51320655e-005 2.45819975e-005 2.06698375e-005 1.61644402e-005 
1.50000000e+000 3.38886043e+001 0.00000000e+000 9.42996360e-005 8.00392252e-005 5.59554398e-005 5.06555557e-005 4.08693219e-005 3.81296967e-005 3.69918643e-005 2.96458677e-005 2.21103652e-005 
1.75000000e+000 8.75000000e+000 0.00000000e+000 1.28128670e-008 3.39900660e-007 7.65098638e-007 9.14072792e-007 1.28126591e-006 1.39965401e-006 1.44994347e-006 1.70224311e-006 1.83700849e-006 
1.75000000e+000 1.51554446e+001 0.00000000e+000 7.90796285e-008 9.26092078e-007 1.58398788e-006 1.77811873e-006 2.21404864e-006 2.34166643e-006 2.39384989e-006 2.60640857e-006 2.61939469e-006 
1.75000000e+000 1.95655948e+001 0.00000000e+000 3.18431352e-007 2.13336084e-006 3.03535795e-006 3.26384845e-006 3.73250710e-006 3.85327744e-006 3.89976369e-006 4.00551091e-006 3.80643430e-006 
1.75000000e+000 2.31503240e+001 0.00000000e+000 1.04426516e-006 4.46033493e-006 5.46860217e-006 5.67589771e-006 6.04584414e-006 6.11499180e-006 6.13617333e-006 5.99625900e-006 5.43158111e-006 
1.75000000e+000 2.62500000e+001 0.00000000e+000 3.19636129e-006 9.05894558e-006 9.67588231e-006 9.71473481e-006 9.67545170e-006 9.59727412e-006 9.55247100e-006 8.90011151e-006 7.69814610e-006 
1.75000000e+000 2.90204669e+001 0.00000000e+000 9.35520161e-006 1.80789950e-005 1.69125485e-005 1.64408613e-005 1.53326070e-005 1.49204179e-005 1.47324113e-005 1.30960664e-005 1.08194614e-005 
1.75000000e+000 3.15485737e+001 0.00000000e+000 2.65975304e-005 3.54163380e-005 2.90401469e-005 2.73332103e-005 2.38672450e-005 2.27846554e-005 2.23179220e-005 1.89248378e-005 1.49250697e-005 
1.75000000e+000 3.38886043e+001 0.00000000e+000 8.73479908e-005 7.55399498e-005 5.31611724e-005 4.82008951e-005 3.90072454e-005 3.64232781e-005 3.53486968e-005 2.83855510e-005 2.12109816e-005 
2.00000000e+000 8.75000000e+000 0.00000000e+000 3.98293593e-009 1.66412201e-007 4.39149581e-007 5.45322352e-007 8.26575133e-007 9.23664723e-007 9.65965581e-007 1.19919530e-006 1.36821802e-006 
2.00000000e+000 1.51554446e+001 0.00000000e+000 3.17822412e-008 5.31969154e-007 1.02543072e-006 1.18430558e-006 1.56131871e-006 1.67882172e-006 1.72813414e-006 1.96010949e-006 2.05295632e-006 
2.00000000e+000 1.95655948e+001 0.00000000e+000 1.53581889e-007 1.36346941e-006 2.13109363e-006 2.34318199e-006 2.80213679e-006 2.93038964e-006 2.98178932e-006 3.16192278e-006 3.10319865e-006 
2.00000000e+000 2.31503240e+001 0.00000000e+000 5.84048418e-007 3.10509829e-006 4.09800910e-006 4.32871082e-006 4.77645430e-006 4.88060173e-006 4.91842499e-006 4.92877273e-006 4.57926756e-006 
2.00000000e+000 2.62500000e+001 0.00000000e+000 2.04411588e-006 6.81950588e-006 7.70073899e-006 7.83562877e-006 8.01684972e-006 8.01424022e-006 8.00282641e-006 7.60077375e-006 6.70213269e-006 
2.00000000e+000 2.90204669e+001 0.00000000e+000 6.76442754e-006 1.46532921e-005 1.42598823e-005 1.39947884e-005 1.33045065e-005 1.30189285e-005 1.28847209e-005 1.16108965e-005 9.72386443e-006 
2.00000000e+000 3.15485737e+001 0.00000000e+000 2.16285119e-005 3.08665804e-005 2.59299439e-005 2.45486945e-005 2.16888570e-005 2.07750960e-005 2.03781710e-005 1.74227715e-005 1.38523824e-005 
2.00000000e+000 3.38886043e+001 0.00000000e+000 8.13277398e-005 7.15986651e-005 5.07203421e-005 4.60602369e-005 3.73906547e-005 3.49440787e-005 3.39252500e-005 2.72977366e-005 2.04362999e-005 
2.25000000e+000 8.75000000e+000 0.00000000e+000 1.25918594e-009 8.23995044e-008 2.54117364e-007 3.27711155e-007 5.36234574e-007 6.12671447e-007 6.46703475e-007 8.48004741e-007 1.02185766e-006 
2.25000000e+000 1.51554446e+001 0.00000000e+000 1.29170548e-008 3.08383589e-007 6.69435376e-007 7.95229276e-007 1.10911147e-006 1.21208519e-006 1.25616965e-006 1.48289873e-006 1.61688118e-006 
2.25000000e+000 1.95655948e+001 0.00000000e+000 7.48256530e-008 8.78855236e-007 1.50819101e-006 1.69537813e-006 2.11905870e-006 2.24439371e-006 2.29590737e-006 2.51187428e-006 2.54374165e-006 
2.25000000e+000 2.31503240e+001 0.00000000e+000 3.29863254e-007 2.17936485e-006 3.09423042e-006 3.32574438e-006 3.79985691e-006 3.92187352e-006 3.96885627e-006 4.07646335e-006 3.88192378e-006 
2.25000000e+000 2.62500000e+001 0.00000000e+000 1.31958795e-006 5.17283634e-006 6.17143278e-006 6.36285753e-006 6.68495802e-006 6.73413077e-006 6.74606042e-006 6.52867288e-006 5.86557139e-006 
2.25000000e+000 2.90204669e+001 0.00000000e+000 4.93183392e-006 1.19547970e-005 1.20953283e-005 1.19823401e-005 1.16087546e-005 1.14217580e-005 1.13297925e-005 1.03470913e-005 8.78092091e-006 
2.25000000e+000 3.15485737e+001 0.00000000e+000 1.77026333e-005 2.70386465e-005 2.32624525e-005 2.21505275e-005 1.97982378e-005 1.90274746e-005 1.86898786e-005 1.61094411e-005 1.29101909e-005 
2.25000000e+000 3.38886043e+001 0.00000000e+000 7.60463369e-005 6.80896605e-005 4.85475959e-005 4.41564387e-005 3.59575197e-005 3.36344042e-005 3.26656575e-005 2.63386935e-005 1.97556604e-005 
2.50000000e+000 8.75000000e+000 0.00000000e+000 4.03682061e-010 4.12090986e-008 1.48142142e-007 1.98265598e-007 3.49709833e-007 4.08352518e-007 4.34976249e-007 6.01833118e-007 7.65204960e-007 
2.50000000e+000 1.51554446e+001 0.00000000e+000 5.29933381e-009 1.80106595e-007 4.40061467e-007 5.37582942e-007 7.92786814e-007 8.80379324e-007 9.18514812e-007 1.12776875e-006 1.27904092e-006 
2.50000000e+000 1.95655948e+001 0.00000000e+000 3.67611954e-008 5.70405740e-007 1.07429658e-006 1.23449399e-006 1.61218516e-006 1.72915636e-006 1.77814403e-006 2.00625107e-006 2.09508641e-006 
2.50000000e+000 2.31503240e+001 0.00000000e+000 1.87809920e-007 1.53984164e-006 2.35076220e-006 2.57061268e-006 3.04022696e-006 3.16914245e-006 3.22040514e-006 3.38905570e-006 3.30623079e-006 
2.50000000e+000 2.62500000e+001 0.00000000e+000 8.58531774e-007 3.94833280e-006 4.97397303e-006 5.19554755e-006 5.60347661e-006 5.68749671e-006 5.71555642e-006 5.63466485e-006 5.15607744e-006 
2.50000000e+000 2.90204669e+001 0.00000000e+000 3.62069445e-006 9.80597809e-006 1.03095209e-005 1.03081936e-005 1.01748816e-005 1.00650338e-005 1.00064426e-005 9.25965157e-006 7.96077507e-006 
2.50000000e+000 3.15485737e+001 0.00000000e+000 1.45690058e-005 2.37846235e-005 2.09492997e-005 2.00616888e-005 1.81378427e-005 1.74893243e-005 1.72026436e-005 1.49469769e-005 1.20726458e-005 
2.50000000e+000 3.38886043e+001 0.00000000e+000 7.13674791e-005 6.49285249e-005 4.65868001e-005 4.24389019e-005 3.46670843e-005 3.24562287e-005 3.15330335e-005 2.54790607e-005 1.91478567e-005 
0.00000000e+000 8.75000000e+000 1.00000000e+001 1.24629055e-004 8.46479886e-005 5.32308278e-005 4.68012844e-005 3.54392080e-005 3.24296092e-005 3.12044746e-005 2.37851788e-005 1.67967723e-005 
0.00000000e+000 1.51554446e+001 1.00000000e+001 1.31741027e-004 8.93715959e-005 5.64818314e-005 4.97821252e-005 3.79450035e-005 3.47957660e-005 3.35103917e-005 2.56596219e-005 1.81643822e-005 
0.00000000e+000 1.95655948e+001 1.00000000e+001 1.44919640e-004 9.80535701e-005 6.21784675e-005 5.48778333e-005 4.19567876e-005 3.85074497e-005 3.70976029e-005 2.84553901e-005 2.01656262e-005 
0.00000000e+000 2.31503240e+001 1.00000000e+001 1.60144278e-004 1.08138528e-004 6.86485286e-005 6.06131778e-005 4.63790997e-005 4.25745145e-005 4.10188385e-005 3.14755100e-005 2.23178005e-005 
0.00000000e+000 2.62500000e+001 1.00000000e+001 1.76068364e-004 1.18705185e-004 7.53821928e-005 6.65643270e-005 5.09348665e-005 4.67551622e-005 4.50459545e-005 3.45622236e-005 2.45107094e-005 
0.00000000e+000 2.90204669e+001 1.00000000e+001 1.91372421e-004 1.28827637e-004 8.18032014e-005 7.22314832e-005 5.52611170e-005 5.07221061e-005 4.88659996e-005 3.74849332e-005 2.65833294e-005 
0.00000000e+000 3.15485737e+001 1.00000000e+001 2.03776851e-004 1.37008602e-004 8.69799905e-005 7.67990310e-005 5.87489720e-005 5.39213799e-005 5.19473147e-005 3.98445953e-005 2.82558249e-005 
0.00000000e+000 3.38886043e+001 1.00000000e+001 2.15958542e-004 1.45099173e-004 9.20939482e-005 8.13087145e-005 6.21894857e-005 5.70766954e-005 5.49861164e-005 4.21710943e-005 2.99040478e-005 
2.50000000e-001 8.75000000e+000 1.00000000e+001 2.85974520e-005 3.62994758e-005 2.81284890e-005 2.59816401e-005 2.16971214e-005 2.04150519e-005 1.98721884e-005 1.61997176e-005 1.22121643e-005 
2.50000000e-001 1.51554446e+001 1.00000000e+001 3.53750953e-005 4.13577746e-005 3.14860156e-005 2.90087982e-005 2.41532043e-005 2.27145069e-005 2.21060856e-005 1.79940744e-005 1.35219745e-005 
2.50000000e-001 1.95655948e+001 1.00000000e+001 4.49815955e-005 4.88246568e-005 3.65159022e-005 3.35294837e-005 2.77492968e-005 2.60535101e-005 2.53382866e-005 2.05405933e-005 1.53687652e-005 
2.50000000e-001 2.31503240e+001 1.00000000e+001 5.69251748e-005 5.77942817e-005 4.24238771e-005 3.87959964e-005 3.18570261e-005 2.98443967e-005 2.89986312e-005 2.33848012e-005 1.74131674e-005 
2.50000000e-001 2.62500000e+001 1.00000000e+001 7.17775570e-005 6.82420737e-005 4.91198240e-005 4.47189743e-005 3.63990946e-005 3.40145985e-005 3.30165193e-005 2.64674671e-005 1.96030928e-005 
2.50000000e-001 2.90204669e+001 1.00000000e+001 8.98895220e-005 7.99681563e-005 5.63804809e-005 5.10843742e-005 4.11902390e-005 3.83892394e-005 3.72215905e-005 2.96491501e-005 2.18309811e-005 
2.50000000e-001 3.15485737e+001 1.00000000e+001 1.10854841e-004 9.21604064e-005 6.35880812e-005 5.73285397e-005 4.57763840e-005 4.25466834e-005 4.12058072e-005 3.26089351e-005 2.38618690e-005 
2.50000000e-001 3.38886043e+001 1.00000000e+001 1.40142442e-004 1.07633731e-004 7.23640898e-005 6.48480978e-005 5.11711478e-005 4.74025925e-005 4.58454196e-005 3.59931407e-005 2.61390011e-005 
5.00000000e-001 8.75000000e+000 1.00000000e+001 7.01288042e-006 1.59212914e-005 1.50562352e-005 1.45826063e-005 1.33854023e-005 1.29391478e-005 1.27372500e-005 1.10850586e-005 8.90754096e-006 
5.00000000e-001 1.51554446e+001 1.00000000e+001 1.10447207e-005 2.02765156e-005 1.81599681e-005 1.74048673e-005 1.56937608e-005 1.51026831e-005 1.48400399e-005 1.27806039e-005 1.01556861e-005 
5.00000000e-001 1.95655948e+001 1.00000000e+001 1.70169065e-005 2.63895366e-005 2.25365145e-005 2.13828604e-005 1.89219701e-005 1.81163419e-005 1.77638436e-005 1.51147658e-005 1.18714223e-005 
5.00000000e-001 2.31503240e+001 1.00000000e+001 2.53316530e-005 3.40903459e-005 2.78689789e-005 2.61838497e-005 2.27348177e-005 2.16520450e-005 2.11844830e-005 1.78018673e-005 1.38214769e-005 
5.00000000e-001 2.62500000e+001 1.00000000e+001 3.72266727e-005 4.38484213e-005 3.43409828e-005 3.19459249e-005 2.72027862e-005 2.57653986e-005 2.51518387e-005 2.08621221e-005 1.60026546e-005 
5.00000000e-001 2.90204669e+001 1.00000000e+001 5.41144163e-005 5.59990732e-005 4.20072231e-005 3.86844330e-005 3.22891328e-005 3.04103790e-005 2.96166710e-005 2.42355727e-005 1.83550378e-005 
5.00000000e-001 3.15485737e+001 1.00000000e+001 7.74288792e-005 7.04506377e-005 5.05857651e-005 4.61062745e-005 3.77070031e-005 3.53084763e-005 3.43047072e-005 2.76858948e-005 2.06920263e-005 
5.00000000e-001 3.38886043e+001 1.00000000e+001 1.16080447e-004 9.11882345e-005 6.22235787e-005 5.60294023e-005 4.47302796e-005 4.15986344e-005 4.03011330e-005 3.19925944e-005 2.35328552e-005 
7.50000000e-001 8.75000000e+000 1.00000000e+001 1.82211897e-006 7.13324190e-006 8.15944449e-006 8.27184123e-006 8.31926943e-006 8.25536204e-006 8.21564185e-006 7.62009019e-006 6.51779964e-006 
7.50000000e-001 1.51554446e+001 1.00000000e+001 3.78790807e-006 1.04082255e-005 1.07838725e-005 1.07115145e-005 1.03871028e-005 1.02098515e-005 1.01216047e-005 9.18543558e-006 7.69128953e-006 
7.50000000e-001 1.95655948e+001 1.00000000e+001 7.12546292e-006 1.51120891e-005 1.44606839e-005 1.41138035e-005 1.32383186e-005 1.28941236e-005 1.27347799e-005 1.13119337e-005 9.28208049e-006 
7.50000000e-001 2.31503240e+001 1.00000000e+001 1.24698319e-005 2.14197725e-005 1.91398399e-005 1.83883598e-005 1.67249764e-005 1.61502464e-005 1.58939506e-005 1.38328227e-005 1.11361021e-005 
7.50000000e-001 2.62500000e+001 1.00000000e+001 2.12630127e-005 3.00723823e-005 2.51818345e-005 2.38262650e-005 2.10253999e-005 2.01295450e-005 1.97398283e-005 1.68314637e-005 1.32907983e-005 
7.50000000e-001 2.90204669e+001 1.00000000e+001 3.55910065e-005 4.18266246e-005 3.28721865e-005 3.06360988e-005 2.62317652e-005 2.48988095e-005 2.43295952e-005 2.03191158e-005 1.57296154e-005 
7.50000000e-001 3.15485737e+001 1.00000000e+001 5.84498163e-005 5.72944892e-005 4.22690521e-005 3.88009257e-005 3.22304473e-005 3.03283666e-005 2.95282883e-005 2.41481889e-005 1.83168290e-005 
7.50000000e-001 3.38886043e+001 1.00000000e+001 1.02378187e-004 8.17556327e-005 5.61028370e-005 5.06061948e-005 4.05830676e-005 3.78035872e-005 3.66515013e-005 2.92442531e-005 2.16545122e-005 
1.00000000e+000 8.75000000e+000 1.00000000e+001 4.96798880e-007 3.25934582e-006 4.47419507e-006 4.73988292e-006 5.20782872e-006 5.30096120e-006 5.33166985e-006 5.26172205e-006 4.78407384e-006 
1.00000000e+000 1.51554446e+001 1.00000000e+001 1.37403811e-006 5.53234151e-006 6.56028543e-006 6.73532073e-006 6.98707205e-006 7.00456127e-006 7.00162367e-006 6.67298304e-006 5.87027226e-006 
1.00000000e+000 1.95655948e+001 1.00000000e+001 3.14670056e-006 8.99862176e-006 9.55546635e-006 9.56779955e-006 9.45844091e-006 9.35640846e-006 9.30122550e-006 8.59051232e-006 7.33656957e-006 
1.00000000e+000 2.31503240e+001 1.00000000e+001 6.45224321e-006 1.40003224e-005 1.35631880e-005 1.32921536e-005 1.25958855e-005 1.23120111e-005 1.21789993e-005 1.09323768e-005 9.08854217e-006 
1.00000000e+000 2.62500000e+001 1.00000000e+001 1.27144330e-005 2.14263009e-005 1.90585374e-005 1.83025480e-005 1.66562829e-005 1.60939692e-005 1.58439072e-005 1.38318623e-005 1.11972123e-005 
1.00000000e+000 2.90204669e+001 1.00000000e+001 2.43698999e-005 3.23652926e-005 2.65217361e-005 2.49730243e-005 2.18455067e-005 2.08693847e-005 2.04480759e-005 1.73649315e-005 1.36859897e-005 
1.00000000e+000 3.15485737e+001 1.00000000e+001 4.56115211e-005 4.80849493e-005 3.63428646e-005 3.35589319e-005 2.82240609e-005 2.66589730e-005 2.59976007e-005 2.14748418e-005 1.64716320e-005 
1.00000000e+000 3.38886043e+001 1.00000000e+001 9.24994205e-005 7.52267300e-005 5.18750901e-005 4.68457473e-005 3.76619193e-005 3.51121748e-005 3.40549552e-005 2.72434579e-005 2.02446679e-005 
1.25000000e+000 8.75000000e+000 1.00000000e+001 1.40859451e-007 1.51614738e-006 2.48072261e-006 2.74221880e-006 3.28263724e-006 3.42499986e-006 3.48055668e-006 3.64912294e-006 3.52225346e-006 
1.25000000e+000 1.51554446e+001 1.00000000e+001 5.16169357e-007 3.01790182e-006 4.06977395e-006 4.31106863e-006 4.76608979e-006 4.86768687e-006 4.90372079e-006 4.89491365e-006 4.51256148e-006 
1.25000000e+000 1.95655948e+001 1.00000000e+001 1.43383501e-006 5.50157455e-006 6.45360825e-006 6.61941667e-006 6.87285762e-006 6.89728688e-006 6.89820322e-006 6.60549433e-006 5.85444716e-006 
1.25000000e+000 2.31503240e+001 1.00000000e+001 3.43688156e-006 9.38568010e-006 9.82536287e-006 9.81064046e-006 9.65757997e-006 9.54615405e-006 9.48757909e-006 8.76019439e-006 7.49880560e-006 
1.25000000e+000 2.62500000e+001 1.00000000e+001 7.80790586e-006 1.56307145e-005 1.47335919e-005 1.43480661e-005 1.34343483e-005 1.30899558e-005 1.29320837e-005 1.15317193e-005 9.54433950e-006 
1.25000000e+000 2.90204669e+001 1.00000000e+001 1.70781637e-005 2.55779766e-005 2.18218257e-005 2.07471376e-005 1.85095797e-005 1.77853067e-005 1.74688770e-005 1.50551310e-005 1.20515200e-005 
1.25000000e+000 3.15485737e+001 1.00000000e+001 3.62642287e-005 4.10843510e-005 3.17955785e-005 2.95250462e-005 2.51150159e-005 2.38017109e-005 2.32439557e-005 1.93650054e-005 1.49904175e-005 
1.25000000e+000 3.38886043e+001 1.00000000e+001 8.46630973e-005 7.01750676e-005 4.86550677e-005 4.39888478e-005 3.54441539e-005 3.30659787e-005 3.20792071e-005 2.57076709e-005 1.91446808e-005 
1.50000000e+000 8.75000000e+000 1.00000000e+001 4.12160419e-008 7.16696964e-007 1.38971878e-006 1.60087332e-006 2.08280357e-006 2.22609029e-006 2.28505099e-006 2.54145911e-006 2.60098730e-006 
1.50000000e+000 1.51554446e+001 1.00000000e+001 1.98541025e-007 1.67831035e-006 2.56464913e-006 2.79977057e-006 3.29001435e-006 3.42038804e-006 3.47145737e-006 3.62173381e-006 3.49162936e-006 
1.50000000e+000 1.95655948e+001 1.00000000e+001 6.67040695e-007 3.42574042e-006 4.43013270e-006 4.65105307e-006 5.06175753e-006 5.14979718e-006 5.18013891e-006 5.13273721e-006 4.71084241e-006 
1.50000000e+000 2.31503240e+001 1.00000000e+001 1.86628807e-006 6.40081965e-006 7.23059178e-006 7.35186811e-006 7.50660583e-006 7.49929462e-006 7.48656955e-006 7.09851855e-006 6.24424643e-006 
1.50000000e+000 2.62500000e+001 1.00000000e+001 4.88076276e-006 1.15835300e-005 1.15592165e-005 1.14105748e-005 1.09800139e-005 1.07838767e-005 1.06893597e-005 9.72287358e-006 8.21334481e-006 
1.50000000e+000 2.90204669e+001 1.00000000e+001 1.21548463e-005 2.04951597e-005 1.81938688e-005 1.74618205e-005 1.58768199e-005 1.53397256e-005 1.51015788e-005 1.31948345e-005 1.07130528e-005 
1.50000000e+000 3.15485737e+001 1.00000000e+001 2.91916415e-005 3.55050868e-005 2.81333970e-005 2.62696357e-005 2.25943201e-005 2.14811733e-005 2.10057760e-005 1.76394704e-005 1.37669403e-005 
1.50000000e+000 3.38886043e+001 1.00000000e+001 7.81468408e-005 6.60087283e-005 4.60366975e-005 4.16748818e-005 3.36600496e-005 3.14219866e-005 3.04924222e-005 2.44739962e-005 1.82556417e-005 
1.75000000e+000 8.75000000e+000 1.00000000e+001 1.23694390e-008 3.43678962e-007 7.86010932e-007 9.42482862e-007 1.32980813e-006 1.45506552e-006 1.50832750e-006 1.77724903e-006 1.92626968e-006 
1.75000000e+000 1.51554446e+001 1.00000000e+001 7.76987093e-008 9.47000599e-007 1.63654984e-006 1.83990351e-006 2.29405846e-006 2.42629744e-006 2.48029397e-006 2.70023010e-006 2.71777259e-006 
1.75000000e+000 1.95655948e+001 1.00000000e+001 3.15016054e-007 2.16157549e-006 3.07864291e-006 3.30703024e-006 3.76813187e-006 3.88487296e-006 3.92950531e-006 4.02361433e-006 3.81815238e-006 
1.75000000e+000 2.31503240e+001 1.00000000e+001 1.02766010e-006 4.41906135e-006 5.38304798e-006 5.57201566e-006 5.89645452e-006 5.95180621e-006 5.96738770e-006 5.80432510e-006 5.23983135e-006 
1.75000000e+000 2.62500000e+001 1.00000000e+001 3.09071314e-006 8.68111878e-006 9.16603845e-006 9.17010485e-006 9.06366024e-006 8.97076566e-006 8.92087934e-006 8.27057355e-006 7.12307574e-006 
1.75000000e+000 2.90204669e+001 1.00000000e+001 8.74907695e-006 1.65838744e-005 1.53125838e-005 1.48341746e-005 1.37414706e-005 1.33480259e-005 1.31702652e-005 1.16604859e-005 9.59478948e-006 
1.75000000e+000 3.15485737e+001 1.00000000e+001 2.37118533e-005 3.09280735e-005 2.50890670e-005 2.35569469e-005 2.04849935e-005 1.95370141e-005 1.91296416e-005 1.61877798e-005 1.27317003e-005 
1.75000000e+000 3.38886043e+001 1.00000000e+001 7.25775762e-005 6.24387658e-005 4.38141050e-005 3.97173708e-005 3.21622412e-005 3.00447744e-005 2.91642677e-005 2.34454341e-005 1.75145915e-005 
2.00000000e+000 8.75000000e+000 1.00000000e+001 3.78921328e-009 1.66910986e-007 4.48490128e-007 5.59230620e-007 8.54075218e-007 9.56216852e-007 1.00076968e-006 1.24771918e-006 1.43061000e-006 
2.00000000e+000 1.51554446e+001 1.00000000e+001 3.08193994e-008 5.40377930e-007 1.05487869e-006 1.22082158e-006 1.61322916e-006 1.73508066e-006 1.78616937e-006 2.02674294e-006 2.12681370e-006 
2.00000000e+000 1.95655948e+001 1.00000000e+001 1.50504613e-007 1.37758439e-006 2.15975111e-006 2.37321502e-006 2.82935461e-006 2.95521124e-006 3.00543777e-006 3.17751169e-006 3.11404894e-006 
2.00000000e+000 2.31503240e+001 1.00000000e+001 5.71978688e-007 3.07914904e-006 4.04297585e-006 4.25975218e-006 4.66995410e-006 4.76184816e-006 4.79455510e-006 4.78113110e-006 4.42553180e-006 
2.00000000e+000 2.62500000e+001 1.00000000e+001 1.97682069e-006 6.56121288e-006 7.32706121e-006 7.42827097e-006 7.53911551e-006 7.51878531e-006 7.50071183e-006 7.08477681e-006 6.21692567e-006 
2.00000000e+000 2.90204669e+001 1.00000000e+001 6.35290223e-006 1.35181503e-005 1.29786321e-005 1.26900394e-005 1.19743410e-005 1.16932395e-005 1.15630021e-005 1.03709396e-005 8.64476076e-006 
2.00000000e+000 3.15485737e+001 1.00000000e+001 1.93966578e-005 2.71010169e-005 2.25035718e-005 2.12462503e-005 1.86792934e-005 1.78706717e-005 1.75208122e-005 1.49393371e-005 1.18381484e-005 
2.00000000e+000 3.38886043e+001 1.00000000e+001 6.77317126e-005 5.93042258e-005 4.18725598e-005 3.80115446e-005 3.08653380e-005 2.88548400e-005 2.80177671e-005 2.25621985e-005 1.68805491e-005 
2.25000000e+000 8.75000000e+000 1.00000000e+001 1.18044881e-009 8.19763438e-008 2.57976544e-007 3.34236145e-007 5.51593885e-007 6.31594938e-007 6.67260153e-007 8.79263861e-007 1.06540077e-006 
2.25000000e+000 1.51554446e+001 1.00000000e+001 1.23595979e-008 3.11103827e-007 6.85523125e-007 8.16470879e-007 1.14260288e-006 1.24934082e-006 1.29500837e-006 1.53020972e-006 1.67241550e-006 
2.25000000e+000 1.95655948e+001 1.00000000e+001 7.25825405e-008 8.84827752e-007 1.52644178e-006 1.71560569e-006 2.13930902e-006 2.26338541e-006 2.31421844e-006 2.52491396e-006 2.55355208e-006 
2.25000000e+000 2.31503240e+001 1.00000000e+001 3.21109229e-007 2.16108922e-006 3.05749044e-006 3.27875004e-006 3.72287947e-006 3.83444869e-006 3.87696658e-006 3.96211009e-006 3.75818690e-006 
2.25000000e+000 2.62500000e+001 1.00000000e+001 1.27458399e-006 4.99209450e-006 5.89402483e-006 6.05478894e-006 6.30884702e-006 6.33938530e-006 6.34401071e-006 6.10338769e-006 5.45454107e-006 
2.25000000e+000 2.90204669e+001 1.00000000e+001 4.64566280e-006 1.10831406e-005 1.10608968e-005 1.09148128e-005 1.04898196e-005 1.02975045e-005 1.02051058e-005 9.27097592e-006 7.82646495e-006 
2.25000000e+000 3.15485737e+001 1.00000000e+001 1.59576789e-005 2.38578365e-005 2.02743891e-005 1.92470491e-005 1.71076808e-005 1.64182596e-005 1.61177360e-005 1.38473100e-005 1.10543238e-005 
2.25000000e+000 3.38886043e+001 1.00000000e+001 6.34615375e-005 5.65058993e-005 4.01425770e-005 3.64939123e-005 2.97169327e-005 2.78030298e-005 2.70051547e-005 2.17861007e-005 1.63262028e-005 
2.50000000e+000 8.75000000e+000 1.00000000e+001 3.72899953e-010 4.06622745e-008 1.49488432e-007 2.01101099e-007 3.58104635e-007 4.19183024e-007 4.46953449e-007 6.21848142e-007 7.95523943e-007 
2.50000000e+000 1.51554446e+001 1.00000000e+001 5.00270616e-009 1.80409053e-007 4.48493939e-007 5.49629747e-007 8.14187072e-007 9.04875280e-007 9.44345217e-007 1.16128744e-006 1.32081664e-006 
2.50000000e+000 1.95655948e+001 1.00000000e+001 3.52781626e-008 5.71933101e-007 1.08533700e-006 1.24759036e-006 1.62681693e-006 1.74327950e-006 1.79192593e-006 2.01684256e-006 2.10374080e-006 
2.50000000e+000 2.31503240e+001 1.00000000e+001 1.81564378e-007 1.52566765e-006 2.32508446e-006 2.53753258e-006 2.98368099e-006 3.10391436e-006 3.15139030e-006 3.29979488e-006 3.20619313e-006 
2.50000000e+000 2.62500000e+001 1.00000000e+001 8.27316793e-007 3.81883612e-006 4.76540220e-006 4.96003086e-006 5.30503162e-006 5.37072852e-006 5.39140668e-006 5.28226818e-006 4.80652184e-006 
2.50000000e+000 2.90204669e+001 1.00000000e+001 3.41724718e-006 9.12964383e-006 9.46822874e-006 9.42888824e-006 9.22839828e-006 9.10661123e-006 9.04452824e-006 8.32170088e-006 7.11363026e-006 
2.50000000e+000 3.15485737e+001 1.00000000e+001 1.31914736e-005 2.10819868e-005 1.83310142e-005 1.74974151e-005 1.57228270e-005 1.51362722e-005 1.48784704e-005 1.28794670e-005 1.03577158e-005 
2.50000000e+000 3.38886043e+001 1.00000000e+001 5.96626833e-005 5.39777677e-005 3.85790334e-005 3.51233871e-005 2.86830907e-005 2.68574194e-005 2.60953524e-005 2.10918609e-005 1.58329021e-005 
0.00000000e+000 8.75000000e+000 2.00000000e+001 1.38055891e-004 9.34686354e-005 5.87496460e-005 5.16388895e-005 3.90436570e-005 3.57006163e-005 3.43394774e-005 2.61142042e-005 1.84209691e-005 
0.00000000e+000 1.51554446e+001 2.00000000e+001 1.44608468e-004 9.77940882e-005 6.15180776e-005 5.41035017e-005 4.09883720e-005 3.75074333e-005 3.60894470e-005 2.74981678e-005 1.94209312e-005 
0.00000000e+000 1.95655948e+001 2.00000000e+001 1.52200378e-004 1.02784165e-004 6.47332223e-005 5.69683087e-005 4.32378707e-005 3.95904071e-005 3.81036484e-005 2.90747182e-005 2.05518361e-005 
0.00000000e+000 2.31503240e+001 2.00000000e+001 1.60638104e-004 1.08297502e-004 6.82529895e-005 6.00903482e-005 4.56574968e-005 4.18207871e-005 4.02562297e-005 3.07414490e-005 2.17394144e-005 
0.00000000e+000 2.62500000e+001 2.00000000e+001 1.70080280e-004 1.14456457e-004 7.21509996e-005 6.35342783e-005 4.82989184e-005 4.42473206e-005 4.25947655e-005 3.25379449e-005 2.30133118e-005 
0.00000000e+000 2.90204669e+001 2.00000000e+001 1.80069155e-004 1.20963918e-004 7.62384935e-005 6.71336189e-005 5.10361696e-005 4.67550799e-005 4.50088516e-005 3.43811527e-005 2.43154738e-005 
0.00000000e+000 3.15485737e+001 2.00000000e+001 1.89966535e-004 1.27434465e-004 8.02864157e-005 7.06902997e-005 5.37243779e-005 4.92128253e-005 4.73727362e-005 3.61775940e-005 2.55814370e-005 
0.00000000e+000 3.38886043e+001 2.00000000e+001 2.01754119e-004 1.35178942e-004 8.51295345e-005 7.49428077e-005 5.69306561e-005 5.21413324e-005 5.01881676e-005 3.83116824e-005 2.70834380e-005 
2.50000000e-001 8.75000000e+000 2.00000000e+001 3.02831316e-005 3.90591317e-005 3.04463212e-005 2.81569931e-005 2.35485714e-005 2.21588927e-005 2.15694268e-005 1.75784306e-005 1.32631363e-005 
2.50000000e-001 1.51554446e+001 2.00000000e+001 3.74279731e-005 4.42903325e-005 3.37388820e-005 3.10557046e-005 2.57634924e-005 2.41945578e-005 2.35320640e-005 1.90919830e-005 1.43374315e-005 
2.50000000e-001 1.95655948e+001 2.00000000e+001 4.61673420e-005 5.04329523e-005 3.75817976e-005 3.44353865e-005 2.83340025e-005 2.65515178e-005 2.58019506e-005 2.08294127e-005 1.55627181e-005 
2.50000000e-001 2.31503240e+001 2.00000000e+001 5.65977525e-005 5.74406414e-005 4.18988112e-005 3.82141447e-005 3.11738075e-005 2.91447372e-005 2.82949285e-005 2.27172286e-005 1.68820867e-005 
2.50000000e-001 2.62500000e+001 2.00000000e+001 6.96533083e-005 6.57691643e-005 4.69297743e-005 4.25927345e-005 3.44206460e-005 3.20969025e-005 3.11277578e-005 2.48390086e-005 1.83506418e-005 
2.50000000e-001 2.90204669e+001 2.00000000e+001 8.59545977e-005 7.55487369e-005 5.26916534e-005 4.75720498e-005 3.80542155e-005 3.53841160e-005 3.42753490e-005 2.71666241e-005 1.99424227e-005 
2.50000000e-001 3.15485737e+001 2.00000000e+001 1.06083582e-004 8.68097089e-005 5.91408866e-005 5.31018771e-005 4.20192517e-005 3.89514713e-005 3.76831610e-005 2.96512362e-005 2.16183191e-005 
2.50000000e-001 3.38886043e+001 2.00000000e+001 1.35328205e-004 1.02094483e-004 6.76843185e-005 6.03821456e-005 4.71704497e-005 4.35670063e-005 4.20845451e-005 3.28261568e-005 2.37372136e-005 
5.00000000e-001 8.75000000e+000 2.00000000e+001 7.10035790e-006 1.66958195e-005 1.59835928e-005 1.55230345e-005 1.43122333e-005 1.38478803e-005 1.36364306e-005 1.18884676e-005 9.58049242e-006 
5.00000000e-001 1.51554446e+001 2.00000000e+001 1.12595512e-005 2.12558662e-005 1.91502177e-005 1.83600094e-005 1.65352133e-005 1.59007176e-005 1.56190019e-005 1.34290310e-005 1.06807128e-005 
5.00000000e-001 1.95655948e+001 2.00000000e+001 1.70783126e-005 2.69057323e-005 2.29628516e-005 2.17562543e-005 1.91654311e-005 1.83206357e-005 1.79523469e-005 1.52244335e-005 1.19515655e-005 
5.00000000e-001 2.31503240e+001 2.00000000e+001 2.49879973e-005 3.37371073e-005 2.74194830e-005 2.56941074e-005 2.21630134e-005 2.10640189e-005 2.05916584e-005 1.72282350e-005 1.33524964e-005 
5.00000000e-001 2.62500000e+001 2.00000000e+001 3.62865915e-005 4.24192048e-005 3.28782643e-005 3.04738531e-005 2.57324776e-005 2.43119619e-005 2.37087655e-005 1.95606051e-005 1.49606368e-005 
5.00000000e-001 2.90204669e+001 2.00000000e+001 5.24577058e-005 5.34496092e-005 3.95361364e-005 3.62436626e-005 2.99479046e-005 2.81222949e-005 2.73553435e-005 2.22434971e-005 1.67796439e-005 
5.00000000e-001 3.15485737e+001 2.00000000e+001 7.55225229e-005 6.73529818e-005 4.75664988e-005 4.31254431e-005 3.48572844e-005 3.25277838e-005 3.15585233e-005 2.52787686e-005 1.87988072e-005 
5.00000000e-001 3.38886043e+001 2.00000000e+001 1.14429267e-004 8.79848310e-005 5.89789438e-005 5.28041425e-005 4.16162381e-005 3.85548592e-005 3.72935459e-005 2.93546618e-005 2.14667479e-005 
7.50000000e-001 8.75000000e+000 2.00000000e+001 1.76402476e-006 7.29036398e-006 8.49586440e-006 8.64935128e-006 8.76375914e-006 8.71181733e-006 8.67587424e-006 8.07746920e-006 6.94250789e-006 
7.50000000e-001 1.51554446e+001 2.00000000e+001 3.71571767e-006 1.06789290e-005 1.11921714e-005 1.11351854e-005 1.08120587e-005 1.06270216e-005 1.05346348e-005 9.55966469e-006 8.02440721e-006 
7.50000000e-001 1.95655948e+001 2.00000000e+001 6.96418141e-006 1.52044271e-005 1.45935215e-005 1.42341902e-005 1.33092371e-005 1.29473639e-005 1.27807435e-005 1.13240061e-005 9.29491037e-006 
7.50000000e-001 2.31503240e+001 2.00000000e+001 1.21177078e-005 2.10929133e-005 1.87715179e-005 1.79914402e-005 1.62595157e-005 1.56684034e-005 1.54065682e-005 1.33495961e-005 1.07290260e-005 
7.50000000e-001 2.62500000e+001 2.00000000e+001 2.06221571e-005 2.91567297e-005 2.41703902e-005 2.27811675e-005 1.99194306e-005 1.90174196e-005 1.86277607e-005 1.57868622e-005 1.24227768e-005 
7.50000000e-001 2.90204669e+001 2.00000000e+001 3.45972969e-005 4.02264421e-005 3.11539510e-005 2.88885951e-005 2.44515326e-005 2.31290234e-005 2.25681841e-005 1.87051167e-005 1.44079505e-005 
7.50000000e-001 3.15485737e+001 2.00000000e+001 5.74525728e-005 5.53677372e-005 4.01370419e-005 3.66275538e-005 3.00191257e-005 2.81338668e-005 2.73461359e-005 2.21626400e-005 1.67052243e-005 
7.50000000e-001 3.38886043e+001 2.00000000e+001 1.01958788e-004 7.98208454e-005 5.37598176e-005 4.81892471e-005 3.80904785e-005 3.53264686e-005 3.41876767e-005 2.70077497e-005 1.98555762e-005 
1.00000000e+000 8.75000000e+000 2.00000000e+001 4.59906775e-007 3.24671693e-006 4.56948071e-006 4.86860076e-006 5.40511781e-006 5.51614537e-006 5.55385955e-006 5.51291896e-006 5.04669534e-006 
1.00000000e+000 1.51554446e+001 2.00000000e+001 1.29533806e-006 5.55358069e-006 6.70055456e-006 6.89988462e-006 7.18577599e-006 7.20848452e-006 7.20717216e-006 6.87962877e-006 6.07635345e-006 
1.00000000e+000 1.95655948e+001 2.00000000e+001 2.98381786e-006 8.92414127e-006 9.54872568e-006 9.56392811e-006 9.44041270e-006 9.33092242e-006 9.27256267e-006 8.54965083e-006 7.30986714e-006 
1.00000000e+000 2.31503240e+001 2.00000000e+001 6.14065149e-006 1.36892870e-005 1.32515841e-005 1.29628197e-005 1.22139636e-005 1.19153315e-005 1.17769159e-005 1.05260703e-005 8.73704824e-006 
1.00000000e+000 2.62500000e+001 2.00000000e+001 1.21837261e-005 2.07562445e-005 1.83178042e-005 1.75272994e-005 1.58043350e-005 1.52261641e-005 1.49713355e-005 1.29845557e-005 1.04701647e-005 
1.00000000e+000 2.90204669e+001 2.00000000e+001 2.35858143e-005 3.12470433e-005 2.52662760e-005 2.36711346e-005 2.04582463e-005 1.94713170e-005 1.90486737e-005 1.60399645e-005 1.25681548e-005 
1.00000000e+000 3.15485737e+001 2.00000000e+001 4.48940893e-005 4.67769128e-005 3.47671689e-005 3.19125702e-005 2.64632068e-005 2.48871301e-005 2.42257478e-005 1.98117673e-005 1.50857293e-005 
1.00000000e+000 3.38886043e+001 2.00000000e+001 9.26242548e-005 7.40216231e-005 5.01156368e-005 4.49682603e-005 3.56110683e-005 3.30452867e-005 3.19878040e-005 2.53131687e-005 1.86586540e-005 
1.25000000e+000 8.75000000e+000 2.00000000e+001 1.24696219e-007 1.47204609e-006 2.48512488e-006 2.76698453e-006 3.35681092e-006 3.51448785e-006 3.57644911e-006 3.77912286e-006 3.67986267e-006 
1.25000000e+000 1.51554446e+001 2.00000000e+001 4.67257608e-007 2.96284140e-006 4.09009105e-006 4.35167713e-006 4.84286642e-006 4.95296007e-006 4.99229512e-006 4.99944311e-006 4.63460547e-006 
1.25000000e+000 1.95655948e+001 2.00000000e+001 1.31568376e-006 5.37096732e-006 6.38197431e-006 6.55528309e-006 6.80942508e-006 6.83130729e-006 6.83105232e-006 6.53666664e-006 5.80498321e-006 
1.25000000e+000 2.31503240e+001 2.00000000e+001 3.19100493e-006 9.09192820e-006 9.55201261e-006 9.52798777e-006 9.33762813e-006 9.21407257e-006 9.15080212e-006 8.41608158e-006 7.19479651e-006 
1.25000000e+000 2.62500000e+001 2.00000000e+001 7.35948902e-006 1.50854413e-005 1.41564496e-005 1.37437284e-005 1.27587262e-005 1.23960521e-005 1.22317353e-005 1.08346615e-005 8.93038610e-006 
1.25000000e+000 2.90204669e+001 2.00000000e+001 1.63840732e-005 2.47113344e-005 2.08547055e-005 1.97347730e-005 1.73991294e-005 1.66549461e-005 1.63325656e-005 1.39512273e-005 1.10970734e-005 
1.25000000e+000 3.15485737e+001 2.00000000e+001 3.56123671e-005 4.01098999e-005 3.05757192e-005 2.82288428e-005 2.36760134e-005 2.23379171e-005 2.17735932e-005 1.79500657e-005 1.37858002e-005 
1.25000000e+000 3.38886043e+001 2.00000000e+001 8.50362398e-005 6.94139022e-005 4.72879225e-005 4.24834044e-005 3.37144504e-005 3.13019693e-005 3.03068223e-005 2.40137656e-005 1.77294298e-005 
1.50000000e+000 8.75000000e+000 2.00000000e+001 3.48928857e-008 6.78255213e-007 1.36560739e-006 1.58686679e-006 2.09854628e-006 2.25255429e-006 2.31622866e-006 2.60162011e-006 2.69127748e-006 
1.50000000e+000 1.51554446e+001 2.00000000e+001 1.72497029e-007 1.61084763e-006 2.53555391e-006 2.78426451e-006 3.30271752e-006 3.44096331e-006 3.49528562e-006 3.66466956e-006 3.55830778e-006 
1.50000000e+000 1.95655948e+001 2.00000000e+001 5.91310215e-007 3.28833636e-006 4.33223277e-006 4.56052152e-006 4.97675673e-006 5.06443429e-006 5.09453040e-006 5.05023677e-006 4.64886661e-006 
1.50000000e+000 2.31503240e+001 2.00000000e+001 1.68620127e-006 6.13112812e-006 6.98574671e-006 7.10303808e-006 7.23255893e-006 7.21582344e-006 7.19928890e-006 6.80376264e-006 5.97983428e-006 
1.50000000e+000 2.62500000e+001 2.00000000e+001 4.51198769e-006 1.11118648e-005 1.10846400e-005 1.09172395e-005 1.04280394e-005 1.02146510e-005 1.01136201e-005 9.14032335e-006 7.68983056e-006 
1.50000000e+000 2.90204669e+001 2.00000000e+001 1.15259665e-005 1.97669250e-005 1.74108351e-005 1.66414100e-005 1.49638870e-005 1.44042897e-005 1.41584242e-005 1.22609882e-005 9.88982691e-006 
1.50000000e+000 3.15485737e+001 2.00000000e+001 2.85364690e-005 3.47124543e-005 2.71462583e-005 2.52110507e-005 2.13891191e-005 2.02452695e-005 1.97601138e-005 1.64173284e-005 1.27087126e-005 
1.50000000e+000 3.38886043e+001 2.00000000e+001 7.86232727e-005 6.55293891e-005 4.49430805e-005 4.04346658e-005 3.21697554e-005 2.98866995e-005 2.89438361e-005 2.29653625e-005 1.69786178e-005 
1.75000000e+000 8.75000000e+000 2.00000000e+001 1.00152135e-008 3.17028714e-007 7.57644661e-007 9.17793524e-007 1.32018507e-006 1.45196239e-006 1.50824768e-006 1.79835677e-006 1.97402890e-006 
1.75000000e+000 1.51554446e+001 2.00000000e+001 6.47741856e-008 8.88338466e-007 1.59133133e-006 1.80226426e-006 2.27492267e-006 2.41311148e-006 2.46968216e-006 2.70679487e-006 2.74829795e-006 
1.75000000e+000 1.95655948e+001 2.00000000e+001 2.69492244e-007 2.03807060e-006 2.97497772e-006 3.20864750e-006 3.67513239e-006 3.79222201e-006 3.83694396e-006 3.93581965e-006 3.75001343e-006 
1.75000000e+000 2.31503240e+001 2.00000000e+001 9.02046288e-007 4.17911473e-006 5.16239551e-006 5.34998306e-006 5.65739695e-006 5.70558524e-006 5.71817099e-006 5.54871810e-006 5.00811871e-006 
1.75000000e+000 2.62500000e+001 2.00000000e+001 2.79676226e-006 8.26238527e-006 8.75982604e-006 8.75204480e-006 8.60018769e-006 8.49238444e-006 8.43662103e-006 7.77589955e-006 6.67198778e-006 
1.75000000e+000 2.90204669e+001 2.00000000e+001 8.18454522e-006 1.59385412e-005 1.46509720e-005 1.41444602e-005 1.29719345e-005 1.25566667e-005 1.23709363e-005 1.08586509e-005 8.87743586e-006 
1.75000000e+000 3.15485737e+001 2.00000000e+001 2.30388995e-005 3.02343664e-005 2.42574031e-005 2.26630551e-005 1.94526930e-005 1.84724911e-005 1.80541111e-005 1.51171892e-005 1.17925406e-005 
1.75000000e+000 3.38886043e+001 2.00000000e+001 7.30808788e-005 6.21432063e-005 4.29172523e-005 3.86719328e-005 3.08548415e-005 2.86861465e-005 2.77893253e-005 2.20844088e-005 1.63506787e-005 
2.00000000e+000 8.75000000e+000 2.00000000e+001 2.93457859e-009 1.50082230e-007 4.24068388e-007 5.35005670e-007 8.35460051e-007 9.40974235e-007 9.87212922e-007 1.24801271e-006 1.45204571e-006 
2.00000000e+000 1.51554446e+001 2.00000000e+001 2.46504730e-008 4.95300156e-007 1.00862684e-006 1.17768802e-006 1.58013106e-006 1.70583713e-006 1.75868288e-006 2.01266959e-006 2.13410427e-006 
2.00000000e+000 1.95655948e+001 2.00000000e+001 1.24172217e-007 1.27483311e-006 2.06097652e-006 2.27711056e-006 2.73622775e-006 2.86235091e-006 2.91267633e-006 3.08942573e-006 3.04372955e-006 
2.00000000e+000 2.31503240e+001 2.00000000e+001 4.87219589e-007 2.87153913e-006 3.84472740e-006 4.06080533e-006 4.45873104e-006 4.54510469e-006 4.57544845e-006 4.55690764e-006 4.22080859e-006 
2.00000000e+000 2.62500000e+001 2.00000000e+001 1.74859899e-006 6.18718682e-006 6.97007732e-006 7.06421185e-006 7.14078840e-006 7.10811062e-006 7.08501454e-006 6.65831058e-006 5.82411696e-006 
2.00000000e+000 2.90204669e+001 2.00000000e+001 5.85478576e-006 1.29288348e-005 1.24004125e-005 1.20921944e-005 1.13110283e-005 1.10102588e-005 1.08725523e-005 9.67272717e-006 8.01337663e-006 
2.00000000e+000 3.15485737e+001 2.00000000e+001 1.87114265e-005 2.64604206e-005 2.17778522e-005 2.04688318e-005 1.77771482e-005 1.69371859e-005 1.65761768e-005 1.39893566e-005 1.09966378e-005 
2.00000000e+000 3.38886043e+001 2.00000000e+001 6.82204138e-005 5.91299485e-005 4.11208617e-005 3.71127762e-005 2.97008051e-005 2.76355490e-005 2.67803239e-005 2.13207003e-005 1.58102640e-005 
2.25000000e+000 8.75000000e+000 2.00000000e+001 8.74553016e-010 7.18527102e-008 2.39285614e-007 3.14140411e-007 5.31667212e-007 6.12936818e-007 6.49349911e-007 8.69366660e-007 1.07102745e-006 
2.25000000e+000 1.51554446e+001 2.00000000e+001 9.48456571e-009 2.78574887e-007 6.44417234e-007 7.75529357e-007 1.10527533e-006 1.21404321e-006 1.26071988e-006 1.50528549e-006 1.66516961e-006 
2.25000000e+000 1.95655948e+001 2.00000000e+001 5.77284239e-008 8.03183145e-007 1.43763127e-006 1.62703209e-006 2.05057175e-006 2.17444314e-006 2.22521530e-006 2.43954369e-006 2.48357394e-006 
2.25000000e+000 2.31503240e+001 2.00000000e+001 2.65237455e-007 1.98555389e-006 2.88069150e-006 3.10078031e-006 3.53480175e-006 3.64190312e-006 3.68248955e-006 3.76348205e-006 3.57586604e-006 
2.25000000e+000 2.62500000e+001 2.00000000e+001 1.10102753e-006 4.65908794e-006 5.57542224e-006 5.73193912e-006 5.96007858e-006 5.98055300e-006 5.98098651e-006 5.73063516e-006 5.10897008e-006 
2.25000000e+000 2.90204669e+001 2.00000000e+001 4.21362929e-006 1.05371592e-005 1.05427523e-005 1.03839495e-005 9.90695478e-006 9.69763035e-006 9.59858472e-006 8.65511647e-006 7.26542166e-006 
2.25000000e+000 3.15485737e+001 2.00000000e+001 1.52717190e-005 2.32452306e-005 1.96222588e-005 1.85536115e-005 1.63052061e-005 1.55865888e-005 1.52753921e-005 1.29945140e-005 1.02935987e-005 
2.25000000e+000 3.38886043e+001 2.00000000e+001 6.39133538e-005 5.64114232e-005 3.95000794e-005 3.57078703e-005 2.86661993e-005 2.66957154e-005 2.58786037e-005 2.06428880e-005 1.53343130e-005 
2.50000000e+000 8.75000000e+000 2.00000000e+001 2.64323923e-010 3.47431740e-008 1.36020509e-007 1.85692483e-007 3.40116396e-007 4.01183326e-007 4.29100686e-007 6.07793464e-007 7.92090682e-007 
2.50000000e+000 1.51554446e+001 2.00000000e+001 3.68346981e-009 1.57799567e-007 4.14429654e-007 5.13973028e-007 7.77716605e-007 8.69013941e-007 9.08887322e-007 1.13154401e-006 1.30488357e-006 
2.50000000e+000 1.95655948e+001 2.00000000e+001 2.70422188e-008 5.08998448e-007 1.00837095e-006 1.16890762e-006 1.54492208e-006 1.66056368e-006 1.70891745e-006 1.93596864e-006 2.03570344e-006 
2.50000000e+000 2.31503240e+001 2.00000000e+001 1.45353654e-007 1.37999427e-006 2.16882821e-006 2.37907361e-006 2.81557805e-006 2.93191981e-006 2.97772002e-006 3.12246954e-006 3.04264824e-006 
2.50000000e+000 2.62500000e+001 2.00000000e+001 6.97438930e-007 3.52442104e-006 4.47881634e-006 4.67052308e-006 4.99530897e-006 5.05277121e-006 5.06996090e-006 4.95252312e-006 4.49958962e-006 
2.50000000e+000 2.90204669e+001 2.00000000e+001 3.04809973e-006 8.62123483e-006 8.99571639e-006 8.94886429e-006 8.70791102e-006 8.57177187e-006 8.50395046e-006 7.77215699e-006 6.61062471e-006 
2.50000000e+000 3.15485737e+001 2.00000000e+001 1.25166923e-005 2.04840969e-005 1.77310396e-005 1.68657096e-005 1.49979413e-005 1.43849382e-005 1.41172689e-005 1.21059325e-005 9.66441757e-006 
2.50000000e+000 3.38886043e+001 2.00000000e+001 6.00663815e-005 5.39347262e-005 3.80199163e-005 3.44254204e-005 2.77245369e-005 2.58415768e-005 2.50596876e-005 2.00306125e-005 1.49073835e-005 
END