TITLE="3SCB_EB_E_WD140.dat"
VARIABLES= "Density" "Radius" "Height" "0.1053" "0.356" "0.6617" "0.7889" "1.1732" "1.3325" "1.408" "2" "3" 
ZONE T="3D Data" I=11 J=8 K=3 F=POINT
0.00000000e+000 8.75000000e+000 0.00000000e+000 1.62944554e-004 1.11187700e-004 7.21694490e-005 6.42661954e-005 5.02127245e-005 4.63951943e-005 4.48205691e-005 3.48867311e-005 2.49361405e-005 
0.00000000e+000 1.51554446e+001 0.00000000e+000 2.13952097e-004 1.45044845e-004 9.27979696e-005 8.21245831e-005 6.31511811e-005 5.80547898e-005 5.59668146e-005 4.30894462e-005 3.06538277e-005 
0.00000000e+000 1.95655948e+001 0.00000000e+000 2.30708376e-004 1.56128139e-004 9.97120106e-005 8.81794119e-005 6.76677089e-005 6.21606493e-005 5.99056990e-005 4.60368761e-005 3.27153463e-005 
0.00000000e+000 2.31503240e+001 0.00000000e+000 2.33171733e-004 1.57675393e-004 1.00804885e-004 8.91919776e-005 6.85273241e-005 6.29710082e-005 6.06943438e-005 4.66676975e-005 3.31610500e-005 
0.00000000e+000 2.62500000e+001 0.00000000e+000 2.31428380e-004 1.56330246e-004 1.00094212e-004 8.86337581e-005 6.82380370e-005 6.27447317e-005 6.04917448e-005 4.65697144e-005 3.30977275e-005 
0.00000000e+000 2.90204669e+001 0.00000000e+000 2.29285542e-004 1.54908741e-004 9.93070422e-005 8.79966270e-005 6.78754753e-005 6.24504004e-005 6.02237036e-005 4.64257914e-005 3.30070747e-005 
0.00000000e+000 3.15485737e+001 0.00000000e+000 2.31748815e-004 1.56613193e-004 1.00279409e-004 8.88379135e-005 6.85217272e-005 6.30525478e-005 6.08083810e-005 4.68990707e-005 3.33517486e-005 
0.00000000e+000 3.38886043e+001 0.00000000e+000 2.40720721e-004 1.62567058e-004 1.03830171e-004 9.18989520e-005 7.07513161e-005 6.50752898e-005 6.27488354e-005 4.83629425e-005 3.43851182e-005 
2.50000000e-001 8.75000000e+000 0.00000000e+000 3.79935765e-005 4.81434924e-005 3.84185764e-005 3.59216504e-005 3.09183979e-005 2.93649768e-005 2.86943911e-005 2.38681573e-005 1.81980935e-005 
2.50000000e-001 1.51554446e+001 0.00000000e+000 5.78367198e-005 6.75323851e-005 5.20139140e-005 4.81081009e-005 4.03917105e-005 3.80747484e-005 3.70897900e-005 3.03411957e-005 2.28993682e-005 
2.50000000e-001 1.95655948e+001 0.00000000e+000 7.26266013e-005 7.84344348e-005 5.89907314e-005 5.42547947e-005 4.50344195e-005 4.23102065e-005 4.11586948e-005 3.34051693e-005 2.50423027e-005 
2.50000000e-001 2.31503240e+001 0.00000000e+000 8.53596515e-005 8.55404056e-005 6.29954440e-005 5.76814656e-005 4.74831789e-005 4.45087340e-005 4.32562586e-005 3.49115587e-005 2.60195055e-005 
2.50000000e-001 2.62500000e+001 0.00000000e+000 9.87013296e-005 9.18296863e-005 6.62278205e-005 6.03824251e-005 4.93237501e-005 4.61380188e-005 4.48012036e-005 3.59736909e-005 2.66557768e-005 
2.50000000e-001 2.90204669e+001 0.00000000e+000 1.13709168e-004 9.85920106e-005 6.96352737e-005 6.32129759e-005 5.12307882e-005 4.78216966e-005 4.63961870e-005 3.70656176e-005 2.73072259e-005 
2.50000000e-001 3.15485737e+001 0.00000000e+000 1.32988494e-004 1.07993852e-004 7.45733767e-005 6.73463485e-005 5.40540564e-005 5.03267338e-005 4.87751770e-005 3.87346746e-005 2.83683120e-005 
2.50000000e-001 3.38886043e+001 0.00000000e+000 1.62669053e-004 1.22972778e-004 8.26919618e-005 7.41890743e-005 5.87789857e-005 5.45307935e-005 5.27726759e-005 4.15700409e-005 3.02214065e-005 
5.00000000e-001 8.75000000e+000 0.00000000e+000 9.42313382e-006 2.12869332e-005 2.06989766e-005 2.02856708e-005 1.91754027e-005 1.87056421e-005 1.84828105e-005 1.64024023e-005 1.33215549e-005 
5.00000000e-001 1.51554446e+001 0.00000000e+000 1.79095847e-005 3.30945178e-005 3.00533499e-005 2.89284627e-005 2.63207327e-005 2.53916468e-005 2.49744442e-005 2.16166955e-005 1.72470475e-005 
5.00000000e-001 1.95655948e+001 0.00000000e+000 2.76096997e-005 4.25945733e-005 3.65961560e-005 3.47826415e-005 3.08713014e-005 2.95746700e-005 2.90052117e-005 2.46998147e-005 1.94240130e-005 
5.00000000e-001 2.31503240e+001 0.00000000e+000 3.90952724e-005 5.13062746e-005 4.19198947e-005 3.94010529e-005 3.42365138e-005 3.26073550e-005 3.19025665e-005 2.67934191e-005 2.07890164e-005 
5.00000000e-001 2.62500000e+001 0.00000000e+000 5.38133116e-005 6.07329063e-005 4.72893750e-005 4.39753698e-005 3.74446762e-005 3.54646706e-005 3.46184836e-005 2.86895446e-005 2.19622955e-005 
5.00000000e-001 2.90204669e+001 0.00000000e+000 7.28004980e-005 7.15994698e-005 5.32680352e-005 4.90283368e-005 4.09360915e-005 3.85622210e-005 3.75581809e-005 3.07245351e-005 2.32105418e-005 
5.00000000e-001 3.15485737e+001 0.00000000e+000 9.83201554e-005 8.55339445e-005 6.09072162e-005 5.54805823e-005 4.53965977e-005 4.25247864e-005 4.13219624e-005 3.33573694e-005 2.48733116e-005 
5.00000000e-001 3.38886043e+001 0.00000000e+000 1.39728948e-004 1.06901595e-004 7.25479634e-005 6.53009298e-005 5.21706463e-005 4.85417782e-005 4.70376760e-005 3.73720634e-005 2.74513034e-005 
7.50000000e-001 8.75000000e+000 0.00000000e+000 2.46740335e-006 9.60030858e-006 1.12819466e-005 1.15700401e-005 1.19761105e-005 1.19904493e-005 1.19764813e-005 1.13211363e-005 9.78130554e-006 
7.50000000e-001 1.51554446e+001 0.00000000e+000 6.06710185e-006 1.69113590e-005 1.78297529e-005 1.78014307e-005 1.74433876e-005 1.71932432e-005 1.70632320e-005 1.55697083e-005 1.30905573e-005 
7.50000000e-001 1.95655948e+001 0.00000000e+000 1.15828790e-005 2.44519614e-005 2.35688896e-005 2.30507095e-005 2.16962564e-005 2.11462962e-005 2.08895726e-005 1.85682421e-005 1.52473443e-005 
7.50000000e-001 2.31503240e+001 0.00000000e+000 1.96788124e-005 3.27584624e-005 2.91744260e-005 2.80205553e-005 2.54656481e-005 2.45794035e-005 2.41836019e-005 2.10059813e-005 1.68721272e-005 
7.50000000e-001 2.62500000e+001 0.00000000e+000 3.19397265e-005 4.28490455e-005 3.54679452e-005 3.34938906e-005 2.94560560e-005 2.81710023e-005 2.76122908e-005 2.34619736e-005 1.84386966e-005 
7.50000000e-001 2.90204669e+001 0.00000000e+000 5.01558577e-005 5.53862174e-005 4.28691906e-005 3.98522453e-005 3.39861609e-005 3.22232543e-005 3.14710258e-005 2.61870242e-005 2.01522505e-005 
7.50000000e-001 3.15485737e+001 0.00000000e+000 7.73472351e-005 7.18519702e-005 5.22797420e-005 4.78812940e-005 3.96413893e-005 3.72707023e-005 3.62740413e-005 2.95782310e-005 2.23105332e-005 
7.50000000e-001 3.38886043e+001 0.00000000e+000 1.26103410e-004 9.78788796e-005 6.66553556e-005 6.00524676e-005 4.80914679e-005 4.47864051e-005 4.34165602e-005 3.45989576e-005 2.55240481e-005 
1.00000000e+000 8.75000000e+000 0.00000000e+000 6.76407401e-007 4.41010738e-006 6.21745573e-006 6.66214414e-006 7.53067112e-006 7.73282579e-006 7.80561754e-006 7.84736396e-006 7.20325448e-006 
1.00000000e+000 1.51554446e+001 0.00000000e+000 2.17625024e-006 8.93108354e-006 1.08171698e-005 1.11739936e-005 1.17346555e-005 1.18018055e-005 1.18116806e-005 1.13269944e-005 1.00077150e-005 
1.00000000e+000 1.95655948e+001 0.00000000e+000 5.11999762e-006 1.45797297e-005 1.56168570e-005 1.56757470e-005 1.55624486e-005 1.54071481e-005 1.53203623e-005 1.41599583e-005 1.20968554e-005 
1.00000000e+000 2.31503240e+001 0.00000000e+000 1.03491139e-005 2.17175488e-005 2.09381457e-005 2.05043211e-005 1.93931525e-005 1.89398867e-005 1.87274327e-005 1.67563621e-005 1.38762998e-005 
1.00000000e+000 2.62500000e+001 0.00000000e+000 1.96456847e-005 3.12967596e-005 2.74271080e-005 2.62600547e-005 2.37558326e-005 2.29100262e-005 2.25348876e-005 1.95586068e-005 1.57169575e-005 
1.00000000e+000 2.90204669e+001 0.00000000e+000 3.55510549e-005 4.41685415e-005 3.55060851e-005 3.33044941e-005 2.89245875e-005 2.75723074e-005 2.69899668e-005 2.27705947e-005 1.77842567e-005 
1.00000000e+000 3.15485737e+001 0.00000000e+000 6.22589054e-005 6.19509213e-005 4.60521737e-005 4.23861480e-005 3.54397075e-005 3.34168235e-005 3.25630071e-005 2.67517263e-005 2.03464338e-005 
1.00000000e+000 3.38886043e+001 0.00000000e+000 1.15775363e-004 9.15131988e-005 6.26059986e-005 5.64531640e-005 4.52783962e-005 4.21846312e-005 4.09018135e-005 3.26346732e-005 2.41175760e-005 
1.25000000e+000 8.75000000e+000 0.00000000e+000 1.92592448e-007 2.06034587e-006 3.46234396e-006 3.87100672e-006 4.76636434e-006 5.01637149e-006 5.11585534e-006 5.46210518e-006 5.32016166e-006 
1.25000000e+000 1.51554446e+001 0.00000000e+000 8.10454933e-007 4.83809909e-006 6.68579498e-006 7.13267157e-006 7.99838477e-006 8.19920314e-006 8.27187048e-006 8.31551783e-006 7.70222999e-006 
1.25000000e+000 1.95655948e+001 0.00000000e+000 2.33446962e-006 8.92107284e-006 1.05701439e-005 1.08734366e-005 1.13476241e-005 1.13994635e-005 1.14047736e-005 1.09304941e-005 9.68767295e-006 
1.25000000e+000 2.31503240e+001 0.00000000e+000 5.57894319e-006 1.47359398e-005 1.53451131e-005 1.53074783e-005 1.50300227e-005 1.48397401e-005 1.47405445e-005 1.35528497e-005 1.15398515e-005 
1.25000000e+000 2.62500000e+001 0.00000000e+000 1.23241957e-005 2.33144303e-005 2.16195768e-005 2.09776138e-005 1.94917386e-005 1.89440333e-005 1.86944314e-005 1.65417736e-005 1.35593448e-005 
1.25000000e+000 2.90204669e+001 0.00000000e+000 2.55908192e-005 3.57989741e-005 2.99039019e-005 2.83002462e-005 2.50145910e-005 2.39655929e-005 2.35088685e-005 2.00829541e-005 1.58887863e-005 
1.25000000e+000 3.15485737e+001 0.00000000e+000 5.07389286e-005 5.41281077e-005 4.11473405e-005 3.80645089e-005 3.21401998e-005 3.03891248e-005 2.96464884e-005 2.45195700e-005 1.87781823e-005 
1.25000000e+000 3.38886043e+001 0.00000000e+000 1.07270179e-004 8.64337941e-005 5.94736688e-005 5.36911327e-005 4.31471106e-005 4.02174734e-005 3.90014878e-005 3.11481318e-005 2.30410752e-005 
1.50000000e+000 8.75000000e+000 0.00000000e+000 5.65631255e-008 9.77406417e-007 1.94703059e-006 2.26853347e-006 3.03567312e-006 3.27257535e-006 3.37108771e-006 3.81720088e-006 3.94054641e-006 
1.50000000e+000 1.51554446e+001 0.00000000e+000 3.09820084e-007 2.67272735e-006 4.19593448e-006 4.61734514e-006 5.51392890e-006 5.75663884e-006 5.85222879e-006 6.15470545e-006 5.96446778e-006 
1.50000000e+000 1.95655948e+001 0.00000000e+000 1.08670232e-006 5.55814789e-006 7.26891697e-006 7.65707659e-006 8.38349347e-006 8.53976811e-006 8.59360838e-006 8.52453389e-006 7.82194765e-006 
1.50000000e+000 2.31503240e+001 0.00000000e+000 3.05726159e-006 1.01516156e-005 1.14104485e-005 1.15906766e-005 1.18014024e-005 1.17745903e-005 1.17471212e-005 1.10828290e-005 9.68549824e-006 
1.50000000e+000 2.62500000e+001 0.00000000e+000 7.83340383e-006 1.75836238e-005 1.72558487e-005 1.69674346e-005 1.61866377e-005 1.58507235e-005 1.56910250e-005 1.41425011e-005 1.18095472e-005 
1.50000000e+000 2.90204669e+001 0.00000000e+000 1.86110754e-005 2.93017389e-005 2.54478471e-005 2.43014074e-005 2.18632113e-005 2.10512022e-005 2.06928397e-005 1.78921931e-005 1.43271950e-005 
1.50000000e+000 3.15485737e+001 0.00000000e+000 4.16922657e-005 4.76689104e-005 3.70783319e-005 3.44815070e-005 2.94119951e-005 2.78877995e-005 2.72377833e-005 2.26775606e-005 1.74803919e-005 
1.50000000e+000 3.38886043e+001 0.00000000e+000 9.99948828e-005 8.21200074e-005 5.68667877e-005 5.14090242e-005 4.14143622e-005 3.86253729e-005 3.74662187e-005 2.99569792e-005 2.21797569e-005 
1.75000000e+000 8.75000000e+000 0.00000000e+000 1.70383098e-008 4.70096035e-007 1.10491286e-006 1.34013760e-006 1.94494872e-006 2.14650230e-006 2.23287445e-006 2.67806286e-006 2.92679756e-006 
1.75000000e+000 1.51554446e+001 0.00000000e+000 1.20762301e-007 1.49918150e-006 2.66651907e-006 3.02417018e-006 3.83844727e-006 4.07884306e-006 4.17730606e-006 4.58870159e-006 4.64486702e-006 
1.75000000e+000 1.95655948e+001 0.00000000e+000 5.13613896e-007 3.50861597e-006 5.05916629e-006 5.45502531e-006 6.25869985e-006 6.46196966e-006 6.53943530e-006 6.70550588e-006 6.36041525e-006 
1.75000000e+000 2.31503240e+001 0.00000000e+000 1.69579189e-006 7.06805883e-006 8.57309542e-006 8.86672031e-006 9.35739693e-006 9.43237075e-006 9.45063469e-006 9.14212354e-006 8.19101100e-006 
1.75000000e+000 2.62500000e+001 0.00000000e+000 5.02783102e-006 1.33742333e-005 1.38914181e-005 1.38424802e-005 1.35578468e-005 1.33760992e-005 1.32824987e-005 1.21901887e-005 1.03627205e-005 
1.75000000e+000 2.90204669e+001 0.00000000e+000 1.36386072e-005 2.41438698e-005 2.18055778e-005 2.10143091e-005 1.92475441e-005 1.86262741e-005 1.83474008e-005 1.60566411e-005 1.30094172e-005 
1.75000000e+000 3.15485737e+001 0.00000000e+000 3.44680329e-005 4.22057007e-005 3.35976444e-005 3.14133211e-005 2.70765449e-005 2.57479438e-005 2.51778255e-005 2.11056016e-005 1.63740553e-005 
1.75000000e+000 3.38886043e+001 0.00000000e+000 9.36353881e-005 7.83304867e-005 5.46005480e-005 4.94347372e-005 3.99349623e-005 3.72721680e-005 3.61638387e-005 2.89578257e-005 2.14633349e-005 
2.00000000e+000 8.75000000e+000 0.00000000e+000 5.24022669e-009 2.28899330e-007 6.32330357e-007 7.97637541e-007 1.25318010e-006 1.41515431e-006 1.48627271e-006 1.88593299e-006 2.17971975e-006 
2.00000000e+000 1.51554446e+001 0.00000000e+000 4.77934651e-008 8.51123911e-007 1.71211771e-006 2.00006697e-006 2.69450822e-006 2.91298660e-006 3.00482896e-006 3.44337926e-006 3.63582241e-006 
2.00000000e+000 1.95655948e+001 0.00000000e+000 2.45656031e-007 2.23691033e-006 3.55397281e-006 3.92152932e-006 4.71172957e-006 4.92958114e-006 5.01626564e-006 5.31265359e-006 5.20368161e-006 
2.00000000e+000 2.31503240e+001 0.00000000e+000 9.49634969e-007 4.96012660e-006 6.49101490e-006 6.83496692e-006 7.47506323e-006 7.61189871e-006 7.65890895e-006 7.59356986e-006 6.97053183e-006 
2.00000000e+000 2.62500000e+001 0.00000000e+000 3.25220069e-006 1.02365351e-005 1.12526425e-005 1.13637718e-005 1.14278135e-005 1.13592521e-005 1.13148008e-005 1.05728510e-005 9.14698228e-006 
2.00000000e+000 2.90204669e+001 0.00000000e+000 1.00553899e-005 1.99918849e-005 1.87767141e-005 1.82625102e-005 1.70324089e-005 1.65668205e-005 1.63532099e-005 1.44864850e-005 1.18755915e-005 
2.00000000e+000 3.15485737e+001 0.00000000e+000 2.86333023e-005 3.75164889e-005 3.05636493e-005 2.87323845e-005 2.50307275e-005 2.38733628e-005 2.33733601e-005 1.97304573e-005 1.54082854e-005 
2.00000000e+000 3.38886043e+001 0.00000000e+000 8.79977949e-005 7.49331215e-005 5.25771914e-005 4.76769546e-005 3.86296338e-005 3.60824303e-005 3.50206285e-005 2.80900654e-005 2.08478946e-005 
2.25000000e+000 8.75000000e+000 0.00000000e+000 1.63964621e-009 1.12686101e-007 3.64700498e-007 4.78063672e-007 8.11775879e-007 9.37548698e-007 9.93957716e-007 1.33290196e-006 1.62759333e-006 
2.25000000e+000 1.51554446e+001 0.00000000e+000 1.91516114e-008 4.87938534e-007 1.10873250e-006 1.33356940e-006 1.90507979e-006 2.09462153e-006 2.17593296e-006 2.59879422e-006 2.85925871e-006 
2.25000000e+000 1.95655948e+001 0.00000000e+000 1.18642247e-007 1.43730992e-006 2.51493252e-006 2.83941510e-006 3.57123550e-006 3.78555094e-006 3.87314074e-006 4.23451241e-006 4.27980477e-006 
2.25000000e+000 2.31503240e+001 0.00000000e+000 5.35984621e-007 3.50242579e-006 4.94380302e-006 5.29990680e-006 6.00613968e-006 6.17828078e-006 6.24260642e-006 6.34237025e-006 5.96257239e-006 
2.25000000e+000 2.62500000e+001 0.00000000e+000 2.11722110e-006 7.87361189e-006 9.15838487e-006 9.37321259e-006 9.67861391e-006 9.69292156e-006 9.68503786e-006 9.21430800e-006 8.11187734e-006 
2.25000000e+000 2.90204669e+001 0.00000000e+000 7.45093918e-006 1.66177858e-005 1.62288494e-005 1.59304906e-005 1.51301655e-005 1.47923770e-005 1.46327338e-005 1.31224585e-005 1.08849119e-005 
2.25000000e+000 3.15485737e+001 0.00000000e+000 2.38813210e-005 3.34516397e-005 2.78863491e-005 2.63586709e-005 2.32106206e-005 2.22043201e-005 2.17663830e-005 1.85056378e-005 1.45494891e-005 
2.25000000e+000 3.38886043e+001 0.00000000e+000 8.29503769e-005 7.18461999e-005 5.07392792e-005 4.60824413e-005 3.74520922e-005 3.50118462e-005 3.39931279e-005 2.73168271e-005 2.03053684e-005 
2.50000000e+000 8.75000000e+000 0.00000000e+000 5.20477725e-010 5.60199175e-008 2.11852320e-007 2.88382525e-007 5.28496285e-007 6.24005025e-007 6.67678249e-007 9.45305039e-007 1.21840797e-006 
2.50000000e+000 1.51554446e+001 0.00000000e+000 7.75503196e-009 2.81989958e-007 7.23134039e-007 8.95288047e-007 1.35524398e-006 1.51508540e-006 1.58485182e-006 1.97135046e-006 2.25805101e-006 
2.50000000e+000 1.95655948e+001 0.00000000e+000 5.77711822e-008 9.29417994e-007 1.79022032e-006 2.06787647e-006 2.72185770e-006 2.92289952e-006 3.00671137e-006 3.39227839e-006 3.53597971e-006 
2.50000000e+000 2.31503240e+001 0.00000000e+000 3.04539354e-007 2.48560233e-006 3.78323372e-006 4.12890889e-006 4.84822715e-006 5.03778887e-006 5.11161492e-006 5.32117899e-006 5.12222599e-006 
2.50000000e+000 2.62500000e+001 0.00000000e+000 1.38593210e-006 6.08056401e-006 7.48201909e-006 7.76032598e-006 8.22793814e-006 8.30218863e-006 8.32129874e-006 8.06086724e-006 7.22111396e-006 
2.50000000e+000 2.90204669e+001 0.00000000e+000 5.54487978e-006 1.38567426e-005 1.40681755e-005 1.39371633e-005 1.34803969e-005 1.32476603e-005 1.31327530e-005 1.19238036e-005 1.00087960e-005 
2.50000000e+000 3.15485737e+001 0.00000000e+000 1.99859251e-005 2.99027337e-005 2.55035744e-005 2.42377192e-005 2.15738168e-005 2.07013486e-005 2.03186122e-005 1.74003450e-005 1.37748822e-005 
2.50000000e+000 3.38886043e+001 0.00000000e+000 7.83976312e-005 6.90146315e-005 4.90499623e-005 4.46174669e-005 3.63734706e-005 3.40327861e-005 3.30542208e-005 2.66147678e-005 1.98173641e-005 
0.00000000e+000 8.75000000e+000 1.00000000e+001 1.29778871e-004 8.96938655e-005 5.84469230e-005 5.21209885e-005 4.08895089e-005 3.78363984e-005 3.65755465e-005 2.85708867e-005 2.04515737e-005 
0.00000000e+000 1.51554446e+001 1.00000000e+001 1.55289685e-004 1.06343309e-004 6.86643808e-005 6.09970152e-005 4.73634701e-005 4.36784916e-005 4.21629411e-005 3.26860680e-005 2.33107906e-005 
0.00000000e+000 1.95655948e+001 1.00000000e+001 1.65370826e-004 1.13043518e-004 7.28177238e-005 6.46302424e-005 5.00702202e-005 4.61384460e-005 4.45225483e-005 3.44496018e-005 2.45409883e-005 
0.00000000e+000 2.31503240e+001 1.00000000e+001 1.69865916e-004 1.16040913e-004 7.46453257e-005 6.62244938e-005 5.12611961e-005 4.72243430e-005 4.55658195e-005 3.52371254e-005 2.50909011e-005 
0.00000000e+000 2.62500000e+001 1.00000000e+001 1.73496472e-004 1.18484335e-004 7.60985650e-005 6.74796778e-005 5.21808445e-005 4.80596747e-005 4.63674018e-005 3.58404860e-005 2.55111006e-005 
0.00000000e+000 2.90204669e+001 1.00000000e+001 1.79121817e-004 1.22303792e-004 7.83561197e-005 6.94201330e-005 5.35804030e-005 4.93241092e-005 4.75781009e-005 3.67429484e-005 2.61415218e-005 
0.00000000e+000 3.15485737e+001 1.00000000e+001 1.88752819e-004 1.28747928e-004 8.21705329e-005 7.26960185e-005 5.59305361e-005 5.14417690e-005 4.96033156e-005 3.82421261e-005 2.71890116e-005 
0.00000000e+000 3.38886043e+001 1.00000000e+001 2.02621532e-004 1.37986300e-004 8.77653106e-005 7.75318803e-005 5.94343152e-005 5.46038324e-005 5.26286482e-005 4.04822728e-005 2.87520751e-005 
2.50000000e-001 8.75000000e+000 1.00000000e+001 2.94555152e-005 3.82412571e-005 3.07518571e-005 2.88202105e-005 2.49520967e-005 2.37455842e-005 2.32231034e-005 1.94104051e-005 1.48387057e-005 
2.50000000e-001 1.51554446e+001 1.00000000e+001 4.02183704e-005 4.82760253e-005 3.77505908e-005 3.50993640e-005 2.98463275e-005 2.82473043e-005 2.75626327e-005 2.27505575e-005 1.72470111e-005 
2.50000000e-001 1.95655948e+001 1.00000000e+001 4.88562131e-005 5.46956156e-005 4.18659091e-005 3.87306678e-005 3.26022747e-005 3.07653881e-005 2.99831853e-005 2.45779078e-005 1.85232437e-005 
2.50000000e-001 2.31503240e+001 1.00000000e+001 5.73866695e-005 6.00209583e-005 4.49815895e-005 4.14139929e-005 3.45434502e-005 3.25155340e-005 3.16562451e-005 2.57985263e-005 1.93384547e-005 
2.50000000e-001 2.62500000e+001 1.00000000e+001 6.75214075e-005 6.59115661e-005 4.82952202e-005 4.42319842e-005 3.65238309e-005 3.42854895e-005 3.33420956e-005 2.70025402e-005 2.01236836e-005 
2.50000000e-001 2.90204669e+001 1.00000000e+001 8.09309824e-005 7.36619402e-005 5.26520169e-005 4.79335506e-005 3.91166538e-005 3.66007842e-005 3.55467884e-005 2.85787257e-005 2.11619261e-005 
2.50000000e-001 3.15485737e+001 1.00000000e+001 9.98656731e-005 8.45988980e-005 5.88322978e-005 5.31885926e-005 4.28013889e-005 3.98923919e-005 3.86818957e-005 3.08280200e-005 2.26616173e-005 
2.50000000e-001 3.38886043e+001 1.00000000e+001 1.29643032e-004 1.00929925e-004 6.80084230e-005 6.09858134e-005 4.82562780e-005 4.47601272e-005 4.33158831e-005 3.41419765e-005 2.48669250e-005 
5.00000000e-001 8.75000000e+000 1.00000000e+001 7.12782567e-006 1.66616884e-005 1.63819504e-005 1.61055460e-005 1.53394778e-005 1.50008074e-005 1.48377813e-005 1.32471167e-005 1.08001145e-005 
5.00000000e-001 1.51554446e+001 1.00000000e+001 1.20823237e-005 2.31687212e-005 2.14462316e-005 2.07740440e-005 1.91868917e-005 1.85968996e-005 1.83273344e-005 1.60340773e-005 1.28719419e-005 
5.00000000e-001 1.95655948e+001 1.00000000e+001 1.78000283e-005 2.88130569e-005 2.53387548e-005 2.42624050e-005 2.19124152e-005 2.11065448e-005 2.07472712e-005 1.78899249e-005 1.41787628e-005 
5.00000000e-001 2.31503240e+001 1.00000000e+001 2.49358826e-005 3.46444624e-005 2.90102796e-005 2.74711246e-005 2.42903181e-005 2.32619263e-005 2.28118010e-005 1.94084081e-005 1.51932109e-005 
5.00000000e-001 2.62500000e+001 1.00000000e+001 3.46836104e-005 4.17289058e-005 3.32742043e-005 3.11503940e-005 2.69407456e-005 2.56437003e-005 2.50849180e-005 2.10444455e-005 1.62604559e-005 
5.00000000e-001 2.90204669e+001 1.00000000e+001 4.87270006e-005 5.11622725e-005 3.88292553e-005 3.59190699e-005 3.03406075e-005 2.86908009e-005 2.79900860e-005 2.31278675e-005 1.76246837e-005 
5.00000000e-001 3.15485737e+001 1.00000000e+001 6.99949817e-005 6.44681188e-005 4.65292771e-005 4.25022310e-005 3.49982674e-005 3.28577135e-005 3.19603952e-005 2.59716517e-005 1.95002144e-005 
5.00000000e-001 3.38886043e+001 1.00000000e+001 1.08008749e-004 8.56515336e-005 5.84109027e-005 5.25903136e-005 4.20354609e-005 3.91273710e-005 3.79239285e-005 3.02020318e-005 2.22706967e-005 
7.50000000e-001 8.75000000e+000 1.00000000e+001 1.82519157e-006 7.41040520e-006 8.83209068e-006 9.09306334e-006 9.49835599e-006 9.53771440e-006 9.53852269e-006 9.08137288e-006 7.88508408e-006 
7.50000000e-001 1.51554446e+001 1.00000000e+001 4.00588316e-006 1.16414380e-005 1.25396465e-005 1.26076725e-005 1.25612255e-005 1.24460859e-005 1.23791119e-005 1.14333376e-005 9.68630820e-006 
7.50000000e-001 1.95655948e+001 1.00000000e+001 7.25681398e-006 1.61521338e-005 1.59840975e-005 1.57644159e-005 1.51339194e-005 1.48419749e-005 1.46999590e-005 1.32572882e-005 1.09936836e-005 
7.50000000e-001 2.31503240e+001 1.00000000e+001 1.21170935e-005 2.14739454e-005 1.96726832e-005 1.90586713e-005 1.76761299e-005 1.71710355e-005 1.69404492e-005 1.49433539e-005 1.21399373e-005 
7.50000000e-001 2.62500000e+001 1.00000000e+001 1.97666562e-005 2.84658922e-005 2.42331600e-005 2.30689889e-005 2.06715752e-005 1.98890240e-005 1.95445677e-005 1.68570765e-005 1.34090666e-005 
7.50000000e-001 2.90204669e+001 1.00000000e+001 3.21559047e-005 3.82267805e-005 3.03219439e-005 2.83689448e-005 2.45530143e-005 2.33925677e-005 2.28943967e-005 1.92944232e-005 1.50200364e-005 
7.50000000e-001 3.15485737e+001 1.00000000e+001 5.30000837e-005 5.25520609e-005 3.89023566e-005 3.57677235e-005 2.98752112e-005 2.81744325e-005 2.74582426e-005 2.25885049e-005 1.71971818e-005 
7.50000000e-001 3.38886043e+001 1.00000000e+001 9.55475634e-005 7.70808334e-005 5.28098511e-005 4.76076432e-005 3.81764375e-005 3.55785528e-005 3.45035035e-005 2.75887201e-005 2.04577558e-005 
1.00000000e+000 8.75000000e+000 1.00000000e+001 4.90285676e-007 3.35964447e-006 4.81654731e-006 5.18474928e-006 5.92280992e-006 6.10233352e-006 6.16860652e-006 6.25295050e-006 5.77442587e-006 
1.00000000e+000 1.51554446e+001 1.00000000e+001 1.41305431e-006 6.06480348e-006 7.51374896e-006 7.81936498e-006 8.35851433e-006 8.45374638e-006 8.48086132e-006 8.24112888e-006 7.34583022e-006 
1.00000000e+000 1.95655948e+001 1.00000000e+001 3.14020145e-006 9.45291372e-006 1.04102231e-005 1.05432720e-005 1.06914123e-005 1.06560728e-005 1.06260862e-005 9.97945617e-006 8.62339689e-006 
1.00000000e+000 2.31503240e+001 1.00000000e+001 6.20752554e-006 1.39099410e-005 1.38204585e-005 1.36608269e-005 1.32091165e-005 1.29918284e-005 1.28846025e-005 1.17286649e-005 9.84277293e-006 
1.00000000e+000 2.62500000e+001 1.00000000e+001 1.17893071e-005 2.02456866e-005 1.82919642e-005 1.76691092e-005 1.63194567e-005 1.58444114e-005 1.56297169e-005 1.37965878e-005 1.12449582e-005 
1.00000000e+000 2.90204669e+001 1.00000000e+001 2.20435652e-005 2.96472779e-005 2.44962275e-005 2.31456039e-005 2.04444317e-005 1.95972569e-005 1.92295194e-005 1.64630870e-005 1.30339100e-005 
1.00000000e+000 3.15485737e+001 1.00000000e+001 4.13868426e-005 4.42192585e-005 3.35304275e-005 3.10042696e-005 2.61988841e-005 2.47932207e-005 2.41985880e-005 2.00882884e-005 1.54476573e-005 
1.00000000e+000 3.38886043e+001 1.00000000e+001 8.64158419e-005 7.11228874e-005 4.89816157e-005 4.42025878e-005 3.55167375e-005 3.31198130e-005 3.21275236e-005 2.57351781e-005 1.91319164e-005 
1.25000000e+000 8.75000000e+000 1.00000000e+001 1.37005160e-007 1.55020679e-006 2.65531967e-006 2.98418592e-006 3.71826209e-006 3.92808257e-006 4.01241012e-006 4.32389407e-006 4.24142020e-006 
1.25000000e+000 1.51554446e+001 1.00000000e+001 5.18711799e-007 3.24856873e-006 4.59481679e-006 4.93953279e-006 5.64197840e-006 5.81782655e-006 5.88401859e-006 5.99885763e-006 5.61124820e-006 
1.25000000e+000 1.95655948e+001 1.00000000e+001 1.40706920e-006 5.69755199e-006 6.94522574e-006 7.21067269e-006 7.69317777e-006 7.78311419e-006 7.81004125e-006 7.61392224e-006 6.83413332e-006 
1.25000000e+000 2.31503240e+001 1.00000000e+001 3.27608031e-006 9.26258958e-006 9.95012875e-006 1.00224990e-005 1.00717938e-005 1.00189739e-005 9.98371893e-006 9.35042255e-006 8.07971723e-006 
1.25000000e+000 2.62500000e+001 1.00000000e+001 7.21208644e-006 1.47562166e-005 1.41301832e-005 1.38396281e-005 1.31469364e-005 1.28697423e-005 1.27393446e-005 1.14803165e-005 9.55938382e-006 
1.25000000e+000 2.90204669e+001 1.00000000e+001 1.54358918e-005 2.34772836e-005 2.02013470e-005 1.92707289e-005 1.73508934e-005 1.67246083e-005 1.64490682e-005 1.42799114e-005 1.14697653e-005 
1.25000000e+000 3.15485737e+001 1.00000000e+001 3.28798363e-005 3.78467618e-005 2.94089843e-005 2.73478392e-005 2.33686356e-005 2.21854569e-005 2.16822075e-005 1.81419552e-005 1.40657443e-005 
1.25000000e+000 3.38886043e+001 1.00000000e+001 7.91052826e-005 6.64602029e-005 4.60563206e-005 4.16160461e-005 3.35137879e-005 3.12699373e-005 3.03400823e-005 2.43353362e-005 1.81171753e-005 
1.50000000e+000 8.75000000e+000 1.00000000e+001 3.95364764e-008 7.26806871e-007 1.47882469e-006 1.73293454e-006 2.34943772e-006 2.54330773e-006 2.62448828e-006 3.00240389e-006 3.12454110e-006 
1.50000000e+000 1.51554446e+001 1.00000000e+001 1.95669991e-007 1.77735508e-006 2.85709860e-006 3.16854605e-006 3.85574891e-006 4.05002448e-006 4.12790070e-006 4.40553315e-006 4.31492914e-006 
1.50000000e+000 1.95655948e+001 1.00000000e+001 6.45095592e-007 3.50520102e-006 4.71791812e-006 5.01661618e-006 5.61812333e-006 5.76472726e-006 5.81904622e-006 5.87590716e-006 5.46534566e-006 
1.50000000e+000 2.31503240e+001 1.00000000e+001 1.76298709e-006 6.28107297e-006 7.28781438e-006 7.47687686e-006 7.79705163e-006 7.83998826e-006 7.84764137e-006 7.54858212e-006 6.70175121e-006 
1.50000000e+000 2.62500000e+001 1.00000000e+001 4.48666520e-006 1.09243559e-005 1.10845520e-005 1.10061177e-005 1.07450418e-005 1.06016927e-005 1.05288741e-005 9.67456285e-006 8.21573963e-006 
1.50000000e+000 2.90204669e+001 1.00000000e+001 1.09632213e-005 1.88352861e-005 1.68804054e-005 1.62573348e-005 1.49173127e-005 1.44566897e-005 1.42504972e-005 1.25353675e-005 1.02023809e-005 
1.50000000e+000 3.15485737e+001 1.00000000e+001 2.64250034e-005 3.27355957e-005 2.60747267e-005 2.43876110e-005 2.10757923e-005 2.00722607e-005 1.96427054e-005 1.65607847e-005 1.29360597e-005 
1.50000000e+000 3.38886043e+001 1.00000000e+001 7.29972646e-005 6.25750485e-005 4.36577826e-005 3.95074111e-005 3.19012328e-005 2.97856111e-005 2.89077020e-005 2.32194597e-005 1.73071875e-005 
1.75000000e+000 8.75000000e+000 1.00000000e+001 1.17118322e-008 3.45684140e-007 8.31444780e-007 1.01475717e-006 1.49372071e-006 1.65593577e-006 1.72586303e-006 2.09319564e-006 2.30835922e-006 
1.75000000e+000 1.51554446e+001 1.00000000e+001 7.52962327e-008 9.88402449e-007 1.80089024e-006 2.05851063e-006 2.66318042e-006 2.84760332e-006 2.92405359e-006 3.26113588e-006 3.33843384e-006 
1.75000000e+000 1.95655948e+001 1.00000000e+001 3.00680070e-007 2.18851870e-006 3.24890162e-006 3.53638761e-006 4.15152328e-006 4.31837669e-006 4.38400287e-006 4.57849329e-006 4.40532351e-006 
1.75000000e+000 2.31503240e+001 1.00000000e+001 9.62218579e-007 4.31376162e-006 5.40422037e-006 5.64610488e-006 6.10583218e-006 6.20399078e-006 6.23719974e-006 6.15549140e-006 5.60715207e-006 
1.75000000e+000 2.62500000e+001 1.00000000e+001 2.82570584e-006 8.17546299e-006 8.78915449e-006 8.84682161e-006 8.87433940e-006 8.82403469e-006 8.79172299e-006 8.23218800e-006 7.12288791e-006 
1.75000000e+000 2.90204669e+001 1.00000000e+001 7.86830781e-006 1.52479795e-005 1.42329399e-005 1.38396588e-005 1.29419362e-005 1.26099061e-005 1.24578024e-005 1.11012637e-005 9.15032075e-006 
1.75000000e+000 3.15485737e+001 1.00000000e+001 2.14197243e-005 2.85217142e-005 2.32876024e-005 2.19082975e-005 1.91514940e-005 1.82983603e-005 1.79305661e-005 1.52328836e-005 1.19855084e-005 
1.75000000e+000 3.38886043e+001 1.00000000e+001 6.77641761e-005 5.92206942e-005 4.16039593e-005 3.77089301e-005 3.05403553e-005 2.85373981e-005 2.77049915e-005 2.22904411e-005 1.66364538e-005 
2.00000000e+000 8.75000000e+000 1.00000000e+001 3.54438332e-009 1.66534998e-007 4.71588123e-007 5.98861780e-007 9.55257367e-007 1.08393072e-006 1.14073932e-006 1.46499451e-006 1.71013434e-006 
2.00000000e+000 1.51554446e+001 1.00000000e+001 2.94254930e-008 5.56704525e-007 1.14780193e-006 1.35149037e-006 1.85624137e-006 2.01944794e-006 2.08872332e-006 2.43106376e-006 2.59735973e-006 
2.00000000e+000 1.95655948e+001 1.00000000e+001 1.41940468e-007 1.38163855e-006 2.26085181e-006 2.51854726e-006 3.09697255e-006 3.26472486e-006 3.33284291e-006 3.59648405e-006 3.57527170e-006 
2.00000000e+000 2.31503240e+001 1.00000000e+001 5.30936071e-007 2.99066841e-006 4.04445588e-006 4.30264330e-006 4.82379152e-006 4.95215775e-006 5.00008828e-006 5.06008249e-006 4.72522688e-006 
2.00000000e+000 2.62500000e+001 1.00000000e+001 1.79679516e-006 6.16757385e-006 7.02404775e-006 7.16715092e-006 7.38661435e-006 7.40154231e-006 7.39807638e-006 7.05745191e-006 6.21872467e-006 
2.00000000e+000 2.90204669e+001 1.00000000e+001 5.69349466e-006 1.24271434e-005 1.20794959e-005 1.18589688e-005 1.13025385e-005 1.10720693e-005 1.09629742e-005 9.89625148e-006 8.25939586e-006 
2.00000000e+000 3.15485737e+001 1.00000000e+001 1.74796495e-005 2.49860011e-005 2.09084554e-005 1.97854135e-005 1.74968686e-005 1.67720145e-005 1.64570453e-005 1.40893751e-005 1.11667023e-005 
2.00000000e+000 3.38886043e+001 1.00000000e+001 6.32054519e-005 5.62597893e-005 3.97963150e-005 3.61295940e-005 2.93540498e-005 2.74524313e-005 2.66609292e-005 2.14907260e-005 1.60637482e-005 
2.25000000e+000 8.75000000e+000 1.00000000e+001 1.09172504e-009 8.11492392e-008 2.69654115e-007 3.55990046e-007 6.14296644e-007 7.13110944e-007 7.57665962e-007 1.02916181e-006 1.27037612e-006 
2.25000000e+000 1.51554446e+001 1.00000000e+001 1.16439618e-008 3.16761268e-007 7.38247147e-007 8.95083860e-007 1.30385935e-006 1.44276984e-006 1.50286774e-006 1.82359622e-006 2.03103632e-006 
2.25000000e+000 1.95655948e+001 1.00000000e+001 6.76954078e-008 8.79798196e-007 1.58627161e-006 1.80821344e-006 2.32803695e-006 2.48666910e-006 2.55251344e-006 2.84430370e-006 2.91883136e-006 
2.25000000e+000 2.31503240e+001 1.00000000e+001 2.95562560e-007 2.08862163e-006 3.04832014e-006 3.30198362e-006 3.83728130e-006 3.97996858e-006 4.03564300e-006 4.18671131e-006 4.00592011e-006 
2.25000000e+000 2.62500000e+001 1.00000000e+001 1.15150563e-006 4.68212209e-006 5.64731596e-006 5.84129332e-006 6.18507580e-006 6.24542585e-006 6.26246509e-006 6.08589463e-006 5.45996477e-006 
2.25000000e+000 2.90204669e+001 1.00000000e+001 4.14743714e-006 1.01818135e-005 1.03034135e-005 1.02125949e-005 9.92026760e-006 9.77061590e-006 9.69603443e-006 8.86666503e-006 7.49263601e-006 
2.25000000e+000 3.15485737e+001 1.00000000e+001 1.43431621e-005 2.19828358e-005 1.88484856e-005 1.79402572e-005 1.60499266e-005 1.54355957e-005 1.51663124e-005 1.30861026e-005 1.04481231e-005 
2.25000000e+000 3.38886043e+001 1.00000000e+001 5.91864888e-005 5.36067275e-005 3.81759151e-005 3.47153333e-005 2.82964873e-005 2.64871777e-005 2.57329592e-005 2.07848591e-005 1.55624902e-005 
2.50000000e+000 8.75000000e+000 1.00000000e+001 3.41242369e-010 3.99451071e-008 1.55338881e-007 2.13041661e-007 3.97103508e-007 4.71404039e-007 5.05559219e-007 7.25582822e-007 9.46179979e-007 
2.50000000e+000 1.51554446e+001 1.00000000e+001 4.65605063e-009 1.81738580e-007 4.78426811e-007 5.97148744e-007 9.21932439e-007 1.03735050e-006 1.08811856e-006 1.37546206e-006 1.59547340e-006 
2.50000000e+000 1.95655948e+001 1.00000000e+001 3.25629045e-008 5.64142630e-007 1.12033820e-006 1.30669860e-006 1.76098257e-006 1.90570310e-006 1.96682131e-006 2.26228884e-006 2.39512220e-006 
2.50000000e+000 2.31503240e+001 1.00000000e+001 1.65754053e-007 1.46730017e-006 2.31050010e-006 2.54823667e-006 3.06933252e-006 3.21613626e-006 3.27498877e-006 3.48244470e-006 3.41310776e-006 
2.50000000e+000 2.62500000e+001 1.00000000e+001 7.42825920e-007 3.57263049e-006 4.56224835e-006 4.78338249e-006 5.20340301e-006 5.29470048e-006 5.32610834e-006 5.27261883e-006 4.81572518e-006 
2.50000000e+000 2.90204669e+001 1.00000000e+001 3.03826103e-006 8.37824589e-006 8.82375204e-006 8.82969252e-006 8.74125747e-006 8.65603758e-006 8.60924485e-006 7.97567923e-006 6.82414269e-006 
2.50000000e+000 3.15485737e+001 1.00000000e+001 1.18243910e-005 1.94087973e-005 1.70465925e-005 1.63192482e-005 1.47692430e-005 1.42507081e-005 1.40211957e-005 1.21935409e-005 9.80822302e-006 
2.50000000e+000 3.38886043e+001 1.00000000e+001 5.56110849e-005 5.12036968e-005 3.67045031e-005 3.34314047e-005 2.73386204e-005 2.56140599e-005 2.48941109e-005 2.01500945e-005 1.51150896e-005 
0.00000000e+000 8.75000000e+000 2.00000000e+001 1.12334522e-004 7.79206215e-005 4.97441141e-005 4.40028111e-005 3.38947204e-005 3.12035060e-005 3.01024045e-005 2.32815281e-005 1.65781431e-005 
0.00000000e+000 1.51554446e+001 2.00000000e+001 1.25267980e-004 8.61067433e-005 5.48207946e-005 4.84480862e-005 3.72021905e-005 3.42044225e-005 3.29783833e-005 2.54162048e-005 1.80559145e-005 
0.00000000e+000 1.95655948e+001 2.00000000e+001 1.40462559e-004 9.60184708e-005 6.09652498e-005 5.38192815e-005 4.11908866e-005 3.78250365e-005 3.64495088e-005 2.80032806e-005 1.98589701e-005 
0.00000000e+000 2.31503240e+001 2.00000000e+001 1.55946929e-004 1.06217775e-004 6.72975069e-005 5.93553858e-005 4.53050401e-005 4.15614180e-005 4.00325733e-005 3.06795818e-005 2.17289699e-005 
0.00000000e+000 2.62500000e+001 2.00000000e+001 1.72407004e-004 1.17069164e-004 7.40362950e-005 6.52496979e-005 4.96947649e-005 4.55519041e-005 4.38610163e-005 3.35474338e-005 2.37370214e-005 
0.00000000e+000 2.90204669e+001 2.00000000e+001 1.90089956e-004 1.28712954e-004 8.12741007e-005 7.15855174e-005 5.44267034e-005 4.98583337e-005 4.79946418e-005 3.66531341e-005 2.59154671e-005 
0.00000000e+000 3.15485737e+001 2.00000000e+001 2.08683787e-004 1.40950645e-004 8.88915158e-005 7.82594570e-005 5.94256411e-005 5.44128287e-005 5.23685188e-005 3.99487395e-005 2.82310550e-005 
0.00000000e+000 3.38886043e+001 2.00000000e+001 2.29469733e-004 1.54625693e-004 9.74154354e-005 8.57333515e-005 6.50377876e-005 5.95309757e-005 5.72857987e-005 4.36630870e-005 3.08446094e-005 
2.50000000e-001 8.75000000e+000 2.00000000e+001 2.44099301e-005 3.23810396e-005 2.56582291e-005 2.38840928e-005 2.03559215e-005 1.92870522e-005 1.88303165e-005 1.56131179e-005 1.18981969e-005 
2.50000000e-001 1.51554446e+001 2.00000000e+001 3.21553788e-005 3.88249243e-005 2.99268986e-005 2.76755642e-005 2.32625182e-005 2.19486232e-005 2.13910478e-005 1.75576921e-005 1.32710876e-005 
2.50000000e-001 1.95655948e+001 2.00000000e+001 4.21918204e-005 4.68999416e-005 3.52236098e-005 3.23660725e-005 2.68397263e-005 2.52214027e-005 2.45390457e-005 1.99483079e-005 1.49631066e-005 
2.50000000e-001 2.31503240e+001 2.00000000e+001 5.44708554e-005 5.61464615e-005 4.11567935e-005 3.75927088e-005 3.07850500e-005 2.88208264e-005 2.79972678e-005 2.25576865e-005 1.67983668e-005 
2.50000000e-001 2.62500000e+001 2.00000000e+001 7.03289106e-005 6.72671140e-005 4.81175720e-005 4.36896420e-005 3.53379818e-005 3.29624939e-005 3.19717086e-005 2.55357961e-005 1.88767721e-005 
2.50000000e-001 2.90204669e+001 2.00000000e+001 9.09631134e-005 8.07437212e-005 5.63481063e-005 5.08584894e-005 4.06356911e-005 3.77681354e-005 3.65779963e-005 2.89640034e-005 2.12508217e-005 
2.50000000e-001 3.15485737e+001 2.00000000e+001 1.17786116e-004 9.69980224e-005 6.60142664e-005 5.92254996e-005 4.67456047e-005 4.32924321e-005 4.18659725e-005 3.28681578e-005 2.39303410e-005 
2.50000000e-001 3.38886043e+001 2.00000000e+001 1.57466650e-004 1.18898615e-004 7.85906156e-005 7.00191743e-005 5.44951541e-005 5.02655815e-005 4.85274668e-005 3.77280746e-005 2.72227071e-005 
5.00000000e-001 8.75000000e+000 2.00000000e+001 5.66231595e-006 1.37593692e-005 1.34042987e-005 1.31055658e-005 1.23180273e-005 1.20021741e-005 1.18550158e-005 1.05194176e-005 8.56687378e-006 
5.00000000e-001 1.51554446e+001 2.00000000e+001 9.54424137e-006 1.85167044e-005 1.68937567e-005 1.62723761e-005 1.48479832e-005 1.43457742e-005 1.41205917e-005 1.22864366e-005 9.84234907e-006 
5.00000000e-001 1.95655948e+001 2.00000000e+001 1.53302510e-005 2.48181418e-005 2.13806523e-005 2.03171087e-005 1.80397512e-005 1.72936188e-005 1.69670400e-005 1.44948327e-005 1.14325900e-005 
5.00000000e-001 2.31503240e+001 2.00000000e+001 2.35945228e-005 3.26984445e-005 2.67632145e-005 2.51224804e-005 2.17597088e-005 2.07106491e-005 2.02591075e-005 1.70158247e-005 1.32245992e-005 
5.00000000e-001 2.62500000e+001 2.00000000e+001 3.59915198e-005 4.30778178e-005 3.35550122e-005 3.11255125e-005 2.63163842e-005 2.48730742e-005 2.42600643e-005 2.00383174e-005 1.53425540e-005 
5.00000000e-001 2.90204669e+001 2.00000000e+001 5.46723415e-005 5.68425404e-005 4.21841474e-005 3.86763911e-005 3.19368657e-005 2.99790948e-005 2.91568210e-005 2.36881441e-005 1.78640553e-005 
5.00000000e-001 3.15485737e+001 2.00000000e+001 8.29028758e-005 7.51060987e-005 5.31306440e-005 4.81530680e-005 3.88430686e-005 3.62155658e-005 3.51227608e-005 2.80696058e-005 2.08441177e-005 
5.00000000e-001 3.38886043e+001 2.00000000e+001 1.32827773e-004 1.02827079e-004 6.88486407e-005 6.15764334e-005 4.83592191e-005 4.47404569e-005 4.32506148e-005 3.39208735e-005 2.47406551e-005 
7.50000000e-001 8.75000000e+000 2.00000000e+001 1.39010242e-006 5.97036546e-006 7.08887540e-006 7.26704185e-006 7.50924422e-006 7.51821180e-006 7.51051402e-006 7.12000446e-006 6.18784727e-006 
7.50000000e-001 1.51554446e+001 2.00000000e+001 3.10026297e-006 9.23230501e-006 9.81303022e-006 9.81029995e-006 9.65323824e-006 9.53374895e-006 9.47072885e-006 8.70092007e-006 7.36147631e-006 
7.50000000e-001 1.95655948e+001 2.00000000e+001 6.12929069e-006 1.38837498e-005 1.34837828e-005 1.31955413e-005 1.24430643e-005 1.21411162e-005 1.20006379e-005 1.07169667e-005 8.84565278e-006 
7.50000000e-001 2.31503240e+001 2.00000000e+001 1.12073292e-005 2.02225735e-005 1.81785957e-005 1.74627955e-005 1.58609415e-005 1.53098119e-005 1.50649451e-005 1.31121036e-005 1.05759882e-005 
7.50000000e-001 2.62500000e+001 2.00000000e+001 2.00495999e-005 2.93076540e-005 2.44994534e-005 2.31253808e-005 2.02693210e-005 1.93640484e-005 1.89725399e-005 1.61072355e-005 1.26971961e-005 
7.50000000e-001 2.90204669e+001 2.00000000e+001 3.54180256e-005 4.24026378e-005 3.30638148e-005 3.06876929e-005 2.59919078e-005 2.45848946e-005 2.39878329e-005 1.98772955e-005 1.53148367e-005 
7.50000000e-001 3.15485737e+001 2.00000000e+001 6.21776045e-005 6.13317941e-005 4.46840268e-005 4.07950004e-005 3.34152678e-005 3.13000358e-005 3.04158007e-005 2.46098106e-005 1.85315109e-005 
7.50000000e-001 3.38886043e+001 2.00000000e+001 1.17717598e-004 9.31459254e-005 6.28021596e-005 5.62683840e-005 4.43663204e-005 4.11004724e-005 3.97550654e-005 3.13047099e-005 2.29577533e-005 
1.00000000e+000 8.75000000e+000 2.00000000e+001 3.57779630e-007 2.64120108e-006 3.79280912e-006 4.07017929e-006 4.61051569e-006 4.73961415e-006 4.78719127e-006 4.84072152e-006 4.48341536e-006 
1.00000000e+000 1.51554446e+001 2.00000000e+001 1.06306814e-006 4.76080031e-006 5.83627418e-006 6.04063433e-006 6.37798344e-006 6.42982451e-006 6.44256114e-006 6.22907189e-006 5.54944288e-006 
1.00000000e+000 1.95655948e+001 2.00000000e+001 2.57556029e-006 8.06052728e-006 8.74987550e-006 8.79726736e-006 8.76475998e-006 8.69110075e-006 8.64894318e-006 8.04295797e-006 6.92091072e-006 
1.00000000e+000 2.31503240e+001 2.00000000e+001 5.56568631e-006 1.29722417e-005 1.27232056e-005 1.24824059e-005 1.18339032e-005 1.15672995e-005 1.14426814e-005 1.02808262e-005 8.57141822e-006 
1.00000000e+000 2.62500000e+001 2.00000000e+001 1.16160103e-005 2.06297727e-005 1.84201875e-005 1.76649872e-005 1.59898442e-005 1.54206084e-005 1.51689852e-005 1.31899390e-005 1.06631062e-005 
1.00000000e+000 2.90204669e+001 2.00000000e+001 2.37265991e-005 3.26065658e-005 2.66331109e-005 2.49952434e-005 2.16517452e-005 2.06149044e-005 2.01700598e-005 1.69957120e-005 1.33308346e-005 
1.00000000e+000 3.15485737e+001 2.00000000e+001 4.79237646e-005 5.14026266e-005 3.85082272e-005 3.53898047e-005 2.93760681e-005 2.76236952e-005 2.68873123e-005 2.19723887e-005 1.67268247e-005 
1.00000000e+000 3.38886043e+001 2.00000000e+001 1.06390224e-004 8.61284002e-005 5.84727495e-005 5.24694314e-005 4.14938413e-005 3.84725690e-005 3.72268372e-005 2.93830832e-005 2.16152894e-005 
1.25000000e+000 8.75000000e+000 2.00000000e+001 9.56943111e-008 1.18916138e-006 2.05161064e-006 2.30141443e-006 2.85022169e-006 3.00639006e-006 3.06933304e-006 3.30543800e-006 3.25839088e-006 
1.25000000e+000 1.51554446e+001 2.00000000e+001 3.77158188e-007 2.51726829e-006 3.53807464e-006 3.78493525e-006 4.27293184e-006 4.39244592e-006 4.43723523e-006 4.50323862e-006 4.21389347e-006 
1.25000000e+000 1.95655948e+001 2.00000000e+001 1.11451616e-006 4.79762965e-006 5.79853779e-006 5.98194029e-006 6.27787354e-006 6.32005734e-006 6.32945039e-006 6.11284189e-006 5.46821009e-006 
1.25000000e+000 2.31503240e+001 2.00000000e+001 2.83655155e-006 8.51500858e-006 9.09034096e-006 9.10012194e-006 8.98460228e-006 8.88619378e-006 8.83394023e-006 8.17384990e-006 7.02487336e-006 
1.25000000e+000 2.62500000e+001 2.00000000e+001 6.88614531e-006 1.48230112e-005 1.41165138e-005 1.37463079e-005 1.28293936e-005 1.24825269e-005 1.23243645e-005 1.09551155e-005 9.06081085e-006 
1.25000000e+000 2.90204669e+001 2.00000000e+001 1.62093372e-005 2.55220729e-005 2.18200544e-005 2.07002877e-005 1.83208392e-005 1.75515783e-005 1.72172185e-005 1.47317046e-005 1.17404214e-005 
1.25000000e+000 3.15485737e+001 2.00000000e+001 3.75285187e-005 4.37163077e-005 3.36686729e-005 3.11437346e-005 2.61855088e-005 2.47137367e-005 2.40916499e-005 1.98664179e-005 1.52669706e-005 
1.25000000e+000 3.38886043e+001 2.00000000e+001 9.72262660e-005 8.05121662e-005 5.50631046e-005 4.94903540e-005 3.92569979e-005 3.64283759e-005 3.52606627e-005 2.78858049e-005 2.05587963e-005 
1.50000000e+000 8.75000000e+000 2.00000000e+001 2.64019190e-008 5.43936698e-007 1.12113710e-006 1.31297017e-006 1.77357367e-006 1.91827727e-006 1.97905697e-006 2.26662130e-006 2.37515367e-006 
1.50000000e+000 1.51554446e+001 2.00000000e+001 1.36958837e-007 1.35608046e-006 2.17792995e-006 2.40558862e-006 2.89667943e-006 3.03396444e-006 3.08901262e-006 3.28400002e-006 3.22103783e-006 
1.50000000e+000 1.95655948e+001 2.00000000e+001 4.91857501e-007 2.90511694e-006 3.90276992e-006 4.12856749e-006 4.55639050e-006 4.65417280e-006 4.68951718e-006 4.69525643e-006 4.35727373e-006 
1.50000000e+000 2.31503240e+001 2.00000000e+001 1.47107493e-006 5.67595823e-006 6.58942998e-006 6.72858104e-006 6.91096862e-006 6.91334762e-006 6.90536789e-006 6.57110027e-006 5.81109143e-006 
1.50000000e+000 2.62500000e+001 2.00000000e+001 4.14643199e-006 1.07960529e-005 1.09596101e-005 1.08344168e-005 1.04194661e-005 1.02250767e-005 1.01316752e-005 9.19778562e-006 7.77190287e-006 
1.50000000e+000 2.90204669e+001 2.00000000e+001 1.12231392e-005 2.02091345e-005 1.80783060e-005 1.73349499e-005 1.56709036e-005 1.51037762e-005 1.48532911e-005 1.28976797e-005 1.04330829e-005 
1.50000000e+000 3.15485737e+001 2.00000000e+001 2.97088904e-005 3.75309014e-005 2.97119231e-005 2.76625736e-005 2.35578754e-005 2.23143165e-005 2.17852737e-005 1.81223785e-005 1.40496988e-005 
1.50000000e+000 3.38886043e+001 2.00000000e+001 8.95282910e-005 7.57728727e-005 5.22147855e-005 4.70113946e-005 3.74124169e-005 3.47470546e-005 3.36451833e-005 2.66612277e-005 1.96942363e-005 
1.75000000e+000 8.75000000e+000 2.00000000e+001 7.46926934e-009 2.52337125e-007 6.18478167e-007 7.55332042e-007 1.11050028e-006 1.23090221e-006 1.28296709e-006 1.56061996e-006 1.73636637e-006 
1.75000000e+000 1.51554446e+001 2.00000000e+001 5.05966245e-008 7.40929450e-007 1.35717047e-006 1.54673629e-006 1.98339359e-006 2.11549517e-006 2.17030623e-006 2.41332611e-006 2.47696535e-006 
1.75000000e+000 1.95655948e+001 2.00000000e+001 2.20225490e-007 1.78114318e-006 2.65752945e-006 2.88187332e-006 3.34165698e-006 3.46214527e-006 3.50915077e-006 3.63826431e-006 3.49755240e-006 
1.75000000e+000 2.31503240e+001 2.00000000e+001 7.72807915e-007 3.82526487e-006 4.82700036e-006 5.02684642e-006 5.36872190e-006 5.43081010e-006 5.44979930e-006 5.32944498e-006 4.84412383e-006 
1.75000000e+000 2.62500000e+001 2.00000000e+001 2.52592537e-006 7.93951148e-006 8.58788170e-006 8.61805233e-006 8.53810393e-006 8.45005417e-006 8.40239766e-006 7.78671921e-006 6.71651307e-006 
1.75000000e+000 2.90204669e+001 2.00000000e+001 7.84892701e-006 1.61346724e-005 1.50971079e-005 1.46312127e-005 1.35085340e-005 1.30978635e-005 1.29127160e-005 1.13763784e-005 9.33592424e-006 
1.75000000e+000 3.15485737e+001 2.00000000e+001 2.37108033e-005 3.24365512e-005 2.63900453e-005 2.47293763e-005 2.13311418e-005 2.02783707e-005 1.98273024e-005 1.66376346e-005 1.30093456e-005 
1.75000000e+000 3.38886043e+001 2.00000000e+001 8.29159088e-005 7.16489654e-005 4.97469774e-005 4.48690054e-005 3.58297833e-005 3.33081996e-005 3.22642129e-005 2.56211871e-005 1.89630860e-005 
2.00000000e+000 8.75000000e+000 2.00000000e+001 2.15670983e-009 1.18535502e-007 3.44165308e-007 4.37912225e-007 6.99422789e-007 7.94071507e-007 8.35993680e-007 1.07874101e-006 1.27296559e-006 
2.00000000e+000 1.51554446e+001 2.00000000e+001 1.89463058e-008 4.09284313e-007 8.54076238e-007 1.00394998e-006 1.36951376e-006 1.48696154e-006 1.53686517e-006 1.78548883e-006 1.91514319e-006 
2.00000000e+000 1.95655948e+001 2.00000000e+001 9.97271197e-008 1.10233533e-006 1.82580836e-006 2.02934611e-006 2.47119862e-006 2.59637812e-006 2.64700949e-006 2.83989676e-006 2.82517027e-006 
2.00000000e+000 2.31503240e+001 2.00000000e+001 4.10108614e-007 2.59945758e-006 3.56404545e-006 3.78502961e-006 4.20251881e-006 4.29838639e-006 4.33329219e-006 4.35304498e-006 4.06382767e-006 
2.00000000e+000 2.62500000e+001 2.00000000e+001 1.55292487e-006 5.88180998e-006 6.77630653e-006 6.90239182e-006 7.04382474e-006 7.03011830e-006 7.01495826e-006 6.63485640e-006 5.83947923e-006 
2.00000000e+000 2.90204669e+001 2.00000000e+001 5.53279767e-006 1.29627616e-005 1.26822233e-005 1.24216524e-005 1.17120013e-005 1.14239435e-005 1.12904016e-005 1.00914880e-005 8.39958814e-006 
2.00000000e+000 3.15485737e+001 2.00000000e+001 1.90465497e-005 2.81763360e-005 2.35521778e-005 2.22126415e-005 1.94066449e-005 1.85158377e-005 1.81311950e-005 1.53473933e-005 1.21026070e-005 
2.00000000e+000 3.38886043e+001 2.00000000e+001 7.71508824e-005 6.79900663e-005 4.75580360e-005 4.29711337e-005 3.44344181e-005 3.20421141e-005 3.10501647e-005 2.47123997e-005 1.83280230e-005 
2.25000000e+000 8.75000000e+000 2.00000000e+001 6.33298821e-010 5.63021151e-008 1.93051560e-007 2.55711652e-007 4.42959490e-007 5.14867220e-007 5.47401218e-007 7.48462659e-007 9.35794092e-007 
2.25000000e+000 1.51554446e+001 2.00000000e+001 7.17397637e-009 2.28068080e-007 5.41787926e-007 6.56708413e-007 9.52353246e-007 1.05232841e-006 1.09563046e-006 1.32880452e-006 1.48799413e-006 
2.25000000e+000 1.95655948e+001 2.00000000e+001 4.55814014e-008 6.87291110e-007 1.26321576e-006 1.43894405e-006 1.83972040e-006 1.95993591e-006 2.00972822e-006 2.23024766e-006 2.29438914e-006 
2.25000000e+000 2.31503240e+001 2.00000000e+001 2.19443165e-007 1.77805899e-006 2.64784213e-006 2.86746960e-006 3.30940719e-006 3.42237068e-006 3.46597788e-006 3.57586513e-006 3.42726723e-006 
2.25000000e+000 2.62500000e+001 2.00000000e+001 9.61955675e-007 4.38291345e-006 5.37599211e-006 5.55800589e-006 5.84170234e-006 5.87946236e-006 5.88726242e-006 5.68235795e-006 5.10176020e-006 
2.25000000e+000 2.90204669e+001 2.00000000e+001 3.92563858e-006 1.04666357e-005 1.07029815e-005 1.05939500e-005 1.01998887e-005 1.00084365e-005 9.91592513e-006 8.99126675e-006 7.58971775e-006 
2.25000000e+000 3.15485737e+001 2.00000000e+001 1.53819941e-005 2.45749228e-005 2.10982506e-005 2.00258162e-005 1.77201047e-005 1.69680456e-005 1.66405434e-005 1.42089323e-005 1.13000971e-005 
2.25000000e+000 3.38886043e+001 2.00000000e+001 7.20702229e-005 6.47003141e-005 4.55852742e-005 4.12613224e-005 3.31805738e-005 3.09059510e-005 2.99614000e-005 2.39013145e-005 1.77646067e-005 
2.50000000e+000 8.75000000e+000 2.00000000e+001 1.88587324e-010 2.70056022e-008 1.09080286e-007 1.50309426e-007 2.81996814e-007 3.35433344e-007 3.60087920e-007 5.21177456e-007 6.89752976e-007 
2.50000000e+000 1.51554446e+001 2.00000000e+001 2.74221588e-009 1.27999929e-007 3.45955694e-007 4.32336466e-007 6.66237256e-007 7.49079255e-007 7.85566440e-007 9.94042612e-007 1.16118121e-006 
2.50000000e+000 1.95655948e+001 2.00000000e+001 2.09976256e-008 4.31107441e-007 8.78936050e-007 1.02602955e-006 1.37707759e-006 1.48748102e-006 1.53405757e-006 1.76041037e-006 1.87197102e-006 
2.50000000e+000 2.31503240e+001 2.00000000e+001 1.18244963e-007 1.22274124e-006 1.97698516e-006 2.18305098e-006 2.61868597e-006 2.73797059e-006 2.78553030e-006 2.95115582e-006 2.90317639e-006 
2.50000000e+000 2.62500000e+001 2.00000000e+001 5.99698356e-007 3.28171011e-006 4.28384553e-006 4.49486106e-006 4.86520410e-006 4.93779626e-006 4.96155944e-006 4.88668585e-006 4.47503890e-006 
2.50000000e+000 2.90204669e+001 2.00000000e+001 2.80076224e-006 8.48609654e-006 9.06657336e-006 9.06848738e-006 8.91482410e-006 8.79955858e-006 8.73974000e-006 8.03921641e-006 6.88171352e-006 
2.50000000e+000 3.15485737e+001 2.00000000e+001 1.24793522e-005 2.15055956e-005 1.89573960e-005 1.81080791e-005 1.62270617e-005 1.55945533e-005 1.53165089e-005 1.31928403e-005 1.05812726e-005 
2.50000000e+000 3.38886043e+001 2.00000000e+001 6.75555274e-005 6.17138587e-005 4.37870350e-005 3.97023568e-005 3.20384478e-005 2.98718245e-005 2.89708163e-005 2.31659083e-005 1.72563793e-005 
END