TITLE="3SCB_EB_E_WD000.dat"
VARIABLES= "Density" "Radius" "Height" "0.1053" "0.356" "0.6617" "0.7889" "1.1732" "1.3325" "1.408" "2" "3" 
ZONE T="3D Data" I=11 J=8 K=3 F=POINT
0.00000000e+000 8.75000000e+000 0.00000000e+000 3.17607697e-004 2.14389299e-004 1.37434291e-004 1.21668564e-004 9.35184887e-005 8.59269288e-005 8.28146599e-005 6.36515279e-005 4.52834423e-005 
0.00000000e+000 1.51554446e+001 0.00000000e+000 2.29501275e-004 1.55584232e-004 1.01068580e-004 8.99890649e-005 7.01746135e-005 6.47704443e-005 6.25409621e-005 4.85301511e-005 3.46443031e-005 
0.00000000e+000 1.95655948e+001 0.00000000e+000 1.94843778e-004 1.32752162e-004 8.61286061e-005 7.66938062e-005 5.99289378e-005 5.53751929e-005 5.34966553e-005 4.16421250e-005 2.97680631e-005 
0.00000000e+000 2.31503240e+001 0.00000000e+000 1.90571698e-004 1.29931701e-004 8.37848254e-005 7.44181600e-005 5.78222052e-005 5.33479447e-005 5.15081481e-005 3.99870652e-005 2.85487723e-005 
0.00000000e+000 2.62500000e+001 0.00000000e+000 1.94910531e-004 1.32787231e-004 8.53201652e-005 7.56622230e-005 5.85382490e-005 5.39335206e-005 5.20434869e-005 4.02797484e-005 2.87074363e-005 
0.00000000e+000 2.90204669e+001 0.00000000e+000 2.04059035e-004 1.38842845e-004 8.89612630e-005 7.88023910e-005 6.07817008e-005 5.59418540e-005 5.39573657e-005 4.16573953e-005 2.96437392e-005 
0.00000000e+000 3.15485737e+001 0.00000000e+000 2.16009351e-004 1.46703047e-004 9.38006673e-005 8.30235915e-005 6.39015382e-005 5.87695284e-005 5.66665491e-005 4.36686781e-005 3.10385823e-005 
0.00000000e+000 3.38886043e+001 0.00000000e+000 2.30688030e-004 1.56404954e-004 9.98286657e-005 8.83044731e-005 6.78565031e-005 6.23718528e-005 6.01253835e-005 4.62693313e-005 3.28576874e-005 
2.50000000e-001 8.75000000e+000 0.00000000e+000 7.43581011e-005 9.29053842e-005 7.31804679e-005 6.80181987e-005 5.75856399e-005 5.43858955e-005 5.30178535e-005 4.35449194e-005 3.30435480e-005 
2.50000000e-001 1.51554446e+001 0.00000000e+000 6.48562903e-005 7.36242941e-005 5.71829952e-005 5.31379076e-005 4.51341939e-005 4.26900830e-005 4.16423333e-005 3.42905954e-005 2.59444834e-005 
2.50000000e-001 1.95655948e+001 0.00000000e+000 6.55480972e-005 6.83468787e-005 5.16915170e-005 4.77714775e-005 4.02290841e-005 3.79822491e-005 3.70249883e-005 3.03785297e-005 2.28728760e-005 
2.50000000e-001 2.31503240e+001 0.00000000e+000 7.40270831e-005 7.20730410e-005 5.30564833e-005 4.86785808e-005 4.03908726e-005 3.79807799e-005 3.69631931e-005 3.00653464e-005 2.24796338e-005 
2.50000000e-001 2.62500000e+001 0.00000000e+000 8.66493315e-005 7.92173550e-005 5.69753003e-005 5.19567426e-005 4.25520016e-005 3.98592348e-005 3.87295637e-005 3.12228498e-005 2.31736655e-005 
2.50000000e-001 2.90204669e+001 0.00000000e+000 1.03627612e-004 8.92206086e-005 6.27608430e-005 5.69098787e-005 4.60547778e-005 4.29873038e-005 4.17070626e-005 3.33394303e-005 2.45645210e-005 
2.50000000e-001 3.15485737e+001 0.00000000e+000 1.25318011e-004 1.01722020e-004 7.00268702e-005 6.31578929e-005 5.05424228e-005 4.70203471e-005 4.55569863e-005 3.61277281e-005 2.64311396e-005 
2.50000000e-001 3.38886043e+001 0.00000000e+000 1.56840380e-004 1.18836616e-004 7.97857804e-005 7.15193494e-005 5.65204904e-005 5.23900433e-005 5.06822902e-005 3.98402963e-005 2.89157250e-005 
5.00000000e-001 8.75000000e+000 0.00000000e+000 1.86763766e-005 4.12363552e-005 3.95023724e-005 3.84697928e-005 3.57469384e-005 3.46707992e-005 3.41746011e-005 2.99374164e-005 2.41943626e-005 
5.00000000e-001 1.51554446e+001 0.00000000e+000 2.19120296e-005 3.74443444e-005 3.37721401e-005 3.25552944e-005 2.97919491e-005 2.87960316e-005 2.83450138e-005 2.46220214e-005 1.96480988e-005 
5.00000000e-001 1.95655948e+001 0.00000000e+000 2.78984723e-005 3.91671892e-005 3.31652639e-005 3.15312695e-005 2.81537300e-005 2.70446375e-005 2.65552529e-005 2.27531332e-005 1.79036713e-005 
5.00000000e-001 2.31503240e+001 0.00000000e+000 3.71681988e-005 4.53154714e-005 3.64218513e-005 3.41747096e-005 2.97165499e-005 2.83363247e-005 2.77400316e-005 2.33760567e-005 1.81280088e-005 
5.00000000e-001 2.62500000e+001 0.00000000e+000 5.01318472e-005 5.41078581e-005 4.16033440e-005 3.86045037e-005 3.28021672e-005 3.10690969e-005 3.03305975e-005 2.51562980e-005 1.92337330e-005 
5.00000000e-001 2.90204669e+001 0.00000000e+000 6.82324116e-005 6.58994650e-005 4.86368460e-005 4.46712712e-005 3.71611006e-005 3.49795575e-005 3.40596248e-005 2.78286741e-005 2.09865425e-005 
5.00000000e-001 3.15485737e+001 0.00000000e+000 9.33073427e-005 8.10697879e-005 5.75344988e-005 5.23319243e-005 4.26708643e-005 3.99309394e-005 3.87856017e-005 3.12414405e-005 2.32488556e-005 
5.00000000e-001 3.38886043e+001 0.00000000e+000 1.34516894e-004 1.03476882e-004 7.01869321e-005 6.31313093e-005 5.03163708e-005 4.67743665e-005 4.53072467e-005 3.59123567e-005 2.63229967e-005 
7.50000000e-001 8.75000000e+000 0.00000000e+000 4.98258087e-006 1.87188044e-005 2.16042443e-005 2.20029489e-005 2.23652777e-005 2.22578101e-005 2.21757429e-005 2.06822156e-005 1.77745805e-005 
7.50000000e-001 1.51554446e+001 0.00000000e+000 8.12609877e-006 2.00800125e-005 2.06557952e-005 2.05673736e-005 2.01136061e-005 1.98235290e-005 1.96731292e-005 1.79390822e-005 1.50348482e-005 
7.50000000e-001 1.95655948e+001 0.00000000e+000 1.29574374e-005 2.39482236e-005 2.23092948e-005 2.17164927e-005 2.03588394e-005 1.98418533e-005 1.96020714e-005 1.74238786e-005 1.42429604e-005 
7.50000000e-001 2.31503240e+001 0.00000000e+000 2.02341667e-005 3.04617076e-005 2.63295528e-005 2.51537875e-005 2.27027400e-005 2.18896784e-005 2.15296548e-005 1.86640180e-005 1.49117476e-005 
7.50000000e-001 2.62500000e+001 0.00000000e+000 3.12748232e-005 3.94587900e-005 3.20221577e-005 3.01155881e-005 2.63139348e-005 2.51326211e-005 2.46220365e-005 2.08642788e-005 1.63201257e-005 
7.50000000e-001 2.90204669e+001 0.00000000e+000 4.81270466e-005 5.17748174e-005 3.96746570e-005 3.67839516e-005 3.12083411e-005 2.95509258e-005 2.88461936e-005 2.39337214e-005 1.83505077e-005 
7.50000000e-001 3.15485737e+001 0.00000000e+000 7.38161723e-005 6.83717029e-005 4.96183908e-005 4.53871942e-005 3.74546932e-005 3.51784094e-005 3.42228474e-005 2.78342646e-005 2.09369687e-005 
7.50000000e-001 3.38886043e+001 0.00000000e+000 1.21126522e-004 9.46692897e-005 6.45328755e-005 5.81233435e-005 4.64705712e-005 4.32453840e-005 4.19087711e-005 3.33250921e-005 2.45289762e-005 
1.00000000e+000 8.75000000e+000 0.00000000e+000 1.39645394e-006 8.67424417e-006 1.19630250e-005 1.27197990e-005 1.40993684e-005 1.43861114e-005 1.44829160e-005 1.43560210e-005 1.31013181e-005 
1.00000000e+000 1.51554446e+001 0.00000000e+000 3.15493126e-006 1.11662717e-005 1.29805921e-005 1.33157557e-005 1.38393675e-005 1.38857512e-005 1.38842388e-005 1.32398176e-005 1.16139761e-005 
1.00000000e+000 1.95655948e+001 0.00000000e+000 6.22201623e-006 1.51836869e-005 1.54844888e-005 1.54024708e-005 1.50871832e-005 1.48945778e-005 1.47945083e-005 1.35855160e-005 1.14881823e-005 
1.00000000e+000 2.31503240e+001 0.00000000e+000 1.13511234e-005 2.11844877e-005 1.96373234e-005 1.90745741e-005 1.78013830e-005 1.73317605e-005 1.71165179e-005 1.52061928e-005 1.24641516e-005 
1.00000000e+000 2.62500000e+001 0.00000000e+000 2.00820296e-005 2.96976350e-005 2.53935078e-005 2.41800198e-005 2.16616942e-005 2.08395405e-005 2.04782050e-005 1.76701407e-005 1.40855667e-005 
1.00000000e+000 2.90204669e+001 0.00000000e+000 3.48803751e-005 4.18573880e-005 3.32672607e-005 3.11125831e-005 2.68615000e-005 2.55637459e-005 2.50069217e-005 2.10112230e-005 1.63227112e-005 
1.00000000e+000 3.15485737e+001 0.00000000e+000 5.98185858e-005 5.91286869e-005 4.38614802e-005 4.03307577e-005 3.36312814e-005 3.16826449e-005 3.08608793e-005 2.52885601e-005 1.91719277e-005 
1.00000000e+000 3.38886043e+001 0.00000000e+000 1.11069616e-004 8.83911246e-005 6.05895011e-005 5.46393633e-005 4.37896347e-005 4.07778807e-005 3.95285818e-005 3.14852483e-005 2.32197262e-005 
1.25000000e+000 8.75000000e+000 0.00000000e+000 4.07044045e-007 4.09502402e-006 6.70166529e-006 7.42770863e-006 8.95312311e-006 9.35905925e-006 9.51769962e-006 1.00107236e-005 9.68790096e-006 
1.25000000e+000 1.51554446e+001 0.00000000e+000 1.25535371e-006 6.36112507e-006 8.32478669e-006 8.78547299e-006 9.67136380e-006 9.86811066e-006 9.93681030e-006 9.88182033e-006 9.04793539e-006 
1.25000000e+000 1.95655948e+001 0.00000000e+000 3.03617422e-006 9.82364588e-006 1.09664202e-005 1.11409482e-005 1.13809274e-005 1.13725052e-005 1.13534978e-005 1.07450767e-005 9.37349575e-006 
1.25000000e+000 2.31503240e+001 0.00000000e+000 6.46526436e-006 1.50016747e-005 1.49226802e-005 1.47352813e-005 1.42050945e-005 1.39587267e-005 1.38385487e-005 1.25765717e-005 1.05509351e-005 
1.25000000e+000 2.62500000e+001 0.00000000e+000 1.30953056e-005 2.27282629e-005 2.04873919e-005 1.97509804e-005 1.81305485e-005 1.75633627e-005 1.73084499e-005 1.51882476e-005 1.23143847e-005 
1.25000000e+000 2.90204669e+001 0.00000000e+000 2.56623940e-005 3.43592509e-005 2.83322898e-005 2.67281993e-005 2.34748039e-005 2.24490675e-005 2.20041865e-005 1.87052253e-005 1.47010261e-005 
1.25000000e+000 3.15485737e+001 0.00000000e+000 4.91357346e-005 5.18198444e-005 3.93041580e-005 3.63307533e-005 3.06107344e-005 2.89209489e-005 2.82046011e-005 2.32718561e-005 1.77621775e-005 
1.25000000e+000 3.38886043e+001 0.00000000e+000 1.02868169e-004 8.33842077e-005 5.75149319e-005 5.19401541e-005 4.17364667e-005 3.88927547e-005 3.77116257e-005 3.00823737e-005 2.22136106e-005 
1.50000000e+000 8.75000000e+000 0.00000000e+000 1.22378153e-007 1.96542842e-006 3.79483192e-006 4.37843716e-006 5.72458300e-006 6.12662995e-006 6.29201208e-006 7.01171555e-006 7.18634947e-006 
1.50000000e+000 1.51554446e+001 0.00000000e+000 5.07201979e-007 3.68255038e-006 5.41959469e-006 5.88030210e-006 6.84362851e-006 7.09631993e-006 7.19411159e-006 7.44673957e-006 7.10216804e-006 
1.50000000e+000 1.95655948e+001 0.00000000e+000 1.49635267e-006 6.43164800e-006 7.86816026e-006 8.16444331e-006 8.69479942e-006 8.79177911e-006 8.82044028e-006 8.59357735e-006 7.72071974e-006 
1.50000000e+000 2.31503240e+001 0.00000000e+000 3.71796845e-006 1.07365797e-005 1.14717234e-005 1.15174265e-005 1.14699474e-005 1.13746236e-005 1.13195427e-005 1.05171193e-005 9.01984715e-006 
1.50000000e+000 2.62500000e+001 0.00000000e+000 8.62498021e-006 1.75707469e-005 1.67051000e-005 1.63070051e-005 1.53405414e-005 1.49633139e-005 1.47881897e-005 1.31921878e-005 1.08702076e-005 
1.50000000e+000 2.90204669e+001 0.00000000e+000 1.90676756e-005 2.84707685e-005 2.43615503e-005 2.31842697e-005 2.07163328e-005 1.99073032e-005 1.95518539e-005 1.68126574e-005 1.33607443e-005 
1.50000000e+000 3.15485737e+001 0.00000000e+000 4.07256209e-005 4.57918092e-005 3.55151827e-005 3.30033710e-005 2.81002231e-005 2.66270162e-005 2.59988621e-005 2.15996441e-005 1.65922105e-005 
1.50000000e+000 3.38886043e+001 0.00000000e+000 9.59033979e-005 7.91531715e-005 5.49523643e-005 4.97019883e-005 4.00550321e-005 3.73548922e-005 3.62317423e-005 2.89492113e-005 2.14036760e-005 
1.75000000e+000 8.75000000e+000 0.00000000e+000 3.77058638e-008 9.57147948e-007 2.17015462e-006 2.60361656e-006 3.68419584e-006 4.03437144e-006 4.18315303e-006 4.93216957e-006 5.34702949e-006 
1.75000000e+000 1.51554446e+001 0.00000000e+000 2.07183343e-007 2.15552732e-006 3.56748524e-006 3.97870498e-006 4.89110706e-006 5.15213673e-006 5.25756927e-006 5.65759319e-006 5.61189716e-006 
1.75000000e+000 1.95655948e+001 0.00000000e+000 7.42817391e-007 4.24268314e-006 5.69378142e-006 6.03607283e-006 6.70310456e-006 6.85837004e-006 6.91451907e-006 6.93212900e-006 6.40840849e-006 
1.75000000e+000 2.31503240e+001 0.00000000e+000 2.15291390e-006 7.73727548e-006 8.88531590e-006 9.07195266e-006 9.33650294e-006 9.34463305e-006 9.33488391e-006 8.86636704e-006 7.76995794e-006 
1.75000000e+000 2.62500000e+001 0.00000000e+000 5.72162512e-006 1.36761879e-005 1.37166686e-005 1.35593882e-005 1.30753371e-005 1.28427218e-005 1.27288912e-005 1.15441783e-005 9.66492962e-006 
1.75000000e+000 2.90204669e+001 0.00000000e+000 1.42689225e-005 2.37448599e-005 2.10823580e-005 2.02404952e-005 1.84026088e-005 1.77705524e-005 1.74885027e-005 1.52132621e-005 1.22231980e-005 
1.75000000e+000 3.15485737e+001 0.00000000e+000 3.39774805e-005 4.06987078e-005 3.22724675e-005 3.01500243e-005 2.59433654e-005 2.46564225e-005 2.41042747e-005 2.01656503e-005 1.55908233e-005 
1.75000000e+000 3.38886043e+001 0.00000000e+000 8.98461311e-005 7.54579625e-005 5.27295126e-005 4.77667532e-005 3.86145366e-005 3.60418883e-005 3.49701554e-005 2.79924190e-005 2.07256088e-005 
2.00000000e+000 8.75000000e+000 0.00000000e+000 1.18472838e-008 4.72104274e-007 1.25228553e-006 1.56074710e-006 2.38562023e-006 2.67149180e-006 2.79604768e-006 3.48361296e-006 3.99026210e-006 
2.00000000e+000 1.51554446e+001 0.00000000e+000 8.53689411e-008 1.27170427e-006 2.36772649e-006 2.71427107e-006 3.52336139e-006 3.76952595e-006 3.87165074e-006 4.32783775e-006 4.46004096e-006 
2.00000000e+000 1.95655948e+001 0.00000000e+000 3.70889556e-007 2.81332198e-006 4.14455615e-006 4.48985380e-006 5.20149385e-006 5.38562320e-006 5.45650958e-006 5.62896559e-006 5.35224558e-006 
2.00000000e+000 2.31503240e+001 0.00000000e+000 1.25337626e-006 5.60327909e-006 6.91783590e-006 7.18387457e-006 7.64309901e-006 7.72136769e-006 7.74306904e-006 7.51950829e-006 6.73282501e-006 
2.00000000e+000 2.62500000e+001 0.00000000e+000 3.81664752e-006 1.06978565e-005 1.13188063e-005 1.13312320e-005 1.12023178e-005 1.10804468e-005 1.10141067e-005 1.01568425e-005 8.64018780e-006 
2.00000000e+000 2.90204669e+001 0.00000000e+000 1.07364368e-005 1.98989274e-005 1.83294739e-005 1.77525222e-005 1.64238600e-005 1.59379532e-005 1.57169139e-005 1.38326678e-005 1.12374547e-005 
2.00000000e+000 3.15485737e+001 0.00000000e+000 2.84922753e-005 3.63283130e-005 2.94461938e-005 2.76556184e-005 2.40496700e-005 2.29251544e-005 2.24395010e-005 1.89059499e-005 1.47129730e-005 
2.00000000e+000 3.38886043e+001 0.00000000e+000 8.44950130e-005 7.21628342e-005 5.07521967e-005 4.60482611e-005 3.73428657e-005 3.48856351e-005 3.38604638e-005 2.71577261e-005 2.01397766e-005 
2.25000000e+000 8.75000000e+000 0.00000000e+000 3.78193763e-009 2.35469426e-007 7.28572836e-007 9.42535311e-007 1.55363536e-006 1.77833124e-006 1.87836424e-006 2.47013422e-006 2.98628850e-006 
2.25000000e+000 1.51554446e+001 0.00000000e+000 3.54341136e-008 7.54740726e-007 1.58128705e-006 1.86339026e-006 2.55407455e-006 2.77510222e-006 2.86867318e-006 3.32966441e-006 3.56242850e-006 
2.25000000e+000 1.95655948e+001 0.00000000e+000 1.86094450e-007 1.87278889e-006 3.02961512e-006 3.35440579e-006 4.05565549e-006 4.24991259e-006 4.32728125e-006 4.59415116e-006 4.49252827e-006 
2.25000000e+000 2.31503240e+001 0.00000000e+000 7.32906282e-007 4.07305203e-006 5.40651854e-006 5.71082505e-006 6.28266319e-006 6.40700477e-006 6.45005410e-006 6.40582060e-006 5.86086243e-006 
2.25000000e+000 2.62500000e+001 0.00000000e+000 2.55732303e-006 8.40033009e-006 9.37498393e-006 9.50458053e-006 9.63418876e-006 9.59686003e-006 9.56729262e-006 8.97224143e-006 7.75621964e-006 
2.25000000e+000 2.90204669e+001 0.00000000e+000 8.11405379e-006 1.67386456e-005 1.59927076e-005 1.56251696e-005 1.47091359e-005 1.43445036e-005 1.41744687e-005 1.26226412e-005 1.03695518e-005 
2.25000000e+000 3.15485737e+001 0.00000000e+000 2.39913275e-005 3.25372409e-005 2.69522994e-005 2.54465641e-005 2.23624409e-005 2.13806985e-005 2.09537130e-005 1.77802053e-005 1.39293136e-005 
2.25000000e+000 3.38886043e+001 0.00000000e+000 7.97150103e-005 6.91823962e-005 4.89633054e-005 4.44947083e-005 3.61970884e-005 3.38455345e-005 3.28630343e-005 2.64121162e-005 1.96210682e-005 
2.50000000e+000 8.75000000e+000 0.00000000e+000 1.22310453e-009 1.18592408e-007 4.27036094e-007 5.73057236e-007 1.01722771e-006 1.18962580e-006 1.26787857e-006 1.75804147e-006 2.24108828e-006 
2.50000000e+000 1.51554446e+001 0.00000000e+000 1.48018483e-008 4.50037338e-007 1.06119494e-006 1.28556545e-006 1.86076698e-006 2.05327940e-006 2.13617599e-006 2.57402544e-006 2.85783112e-006 
2.50000000e+000 1.95655948e+001 0.00000000e+000 9.37740762e-008 1.25055840e-006 2.22167001e-006 2.51435827e-006 3.17364188e-006 3.36614867e-006 3.44463634e-006 3.76447441e-006 3.78611246e-006 
2.50000000e+000 2.31503240e+001 0.00000000e+000 4.30172133e-007 2.96958517e-006 4.23776157e-006 4.55326144e-006 5.18042948e-006 5.33326285e-006 5.39019258e-006 5.47569388e-006 5.12009802e-006 
2.50000000e+000 2.62500000e+001 0.00000000e+000 1.71995190e-006 6.61664934e-006 7.78777524e-006 7.99562605e-006 8.30981208e-006 8.33642883e-006 8.33515122e-006 7.95017681e-006 6.98510184e-006 
2.50000000e+000 2.90204669e+001 0.00000000e+000 6.15464187e-006 1.41230791e-005 1.39933403e-005 1.37910483e-005 1.32093382e-005 1.29455076e-005 1.28182118e-005 1.15503358e-005 9.59610233e-006 
2.50000000e+000 3.15485737e+001 0.00000000e+000 2.02711826e-005 2.92222242e-005 2.47320536e-005 2.34720370e-005 2.08435201e-005 1.99879430e-005 1.96130054e-005 1.67616672e-005 1.32200991e-005 
2.50000000e+000 3.38886043e+001 0.00000000e+000 7.54095342e-005 6.64587579e-005 4.73253144e-005 4.30723831e-005 3.51497790e-005 3.28957432e-005 3.19526627e-005 2.57345297e-005 1.91530799e-005 
0.00000000e+000 8.75000000e+000 1.00000000e+001 1.88270142e-004 1.28306146e-004 8.38484683e-005 7.48281322e-005 5.86835420e-005 5.42612887e-005 5.24325264e-005 4.08467315e-005 2.92123039e-005 
0.00000000e+000 1.51554446e+001 1.00000000e+001 1.48028924e-004 1.02124634e-004 6.71697422e-005 6.01147767e-005 4.75289978e-005 4.40715167e-005 4.26373314e-005 3.34327652e-005 2.39748463e-005 
0.00000000e+000 1.95655948e+001 1.00000000e+001 1.37785005e-004 9.55850385e-005 6.23119555e-005 5.55956826e-005 4.37148615e-005 4.04898516e-005 3.91573586e-005 3.06643572e-005 2.19814703e-005 
0.00000000e+000 2.31503240e+001 1.00000000e+001 1.42503350e-004 9.87743645e-005 6.38159506e-005 5.67121020e-005 4.41648488e-005 4.07911238e-005 3.94040115e-005 3.06853386e-005 2.19378342e-005 
0.00000000e+000 2.62500000e+001 1.00000000e+001 1.52330898e-004 1.05312801e-004 6.76514987e-005 5.99700985e-005 4.63815897e-005 4.27404907e-005 4.12475198e-005 3.19571688e-005 2.27855516e-005 
0.00000000e+000 2.90204669e+001 1.00000000e+001 1.66130700e-004 1.14418132e-004 7.30966753e-005 6.46596447e-005 4.97313927e-005 4.57419825e-005 4.41093357e-005 3.40267131e-005 2.42032379e-005 
0.00000000e+000 3.15485737e+001 1.00000000e+001 1.81707640e-004 1.24742527e-004 7.94428514e-005 7.01770963e-005 5.37669471e-005 4.93864207e-005 4.75957452e-005 3.65943375e-005 2.59795852e-005 
0.00000000e+000 3.38886043e+001 1.00000000e+001 2.00474849e-004 1.37135881e-004 8.70837646e-005 7.68459271e-005 5.87053806e-005 5.38664711e-005 5.18899499e-005 3.97929518e-005 2.82090690e-005 
2.50000000e-001 8.75000000e+000 1.00000000e+001 4.20921797e-005 5.41882312e-005 4.38155711e-005 4.11213242e-005 3.56378605e-005 3.39017070e-005 3.31476309e-005 2.76524058e-005 2.11334953e-005 
2.50000000e-001 1.51554446e+001 1.00000000e+001 3.75537915e-005 4.55216303e-005 3.64014961e-005 3.41386049e-005 2.96342755e-005 2.82211530e-005 2.76068960e-005 2.30859722e-005 1.76204938e-005 
2.50000000e-001 1.95655948e+001 1.00000000e+001 4.00499987e-005 4.54073888e-005 3.52595162e-005 3.28206249e-005 2.81048742e-005 2.66776433e-005 2.60643382e-005 2.16617675e-005 1.64521851e-005 
2.50000000e-001 2.31503240e+001 1.00000000e+001 4.75327860e-005 5.03697726e-005 3.79630114e-005 3.50281621e-005 2.94342312e-005 2.77906564e-005 2.70932032e-005 2.22632264e-005 1.67762127e-005 
2.50000000e-001 2.62500000e+001 1.00000000e+001 5.86780456e-005 5.80173895e-005 4.25475066e-005 3.89635330e-005 3.21982136e-005 3.02479175e-005 2.94274796e-005 2.39060487e-005 1.78617055e-005 
2.50000000e-001 2.90204669e+001 1.00000000e+001 7.47485382e-005 6.86867392e-005 4.89374179e-005 4.44752548e-005 3.61572983e-005 3.38018609e-005 3.28183106e-005 2.63590072e-005 1.95203905e-005 
2.50000000e-001 3.15485737e+001 1.00000000e+001 9.61483262e-005 8.20655459e-005 5.69140228e-005 5.13617502e-005 4.11287264e-005 3.82746630e-005 3.70901632e-005 2.94675773e-005 2.16273893e-005 
2.50000000e-001 3.38886043e+001 1.00000000e+001 1.29191061e-004 1.00930866e-004 6.78112486e-005 6.07157763e-005 4.78246622e-005 4.42886123e-005 4.28301711e-005 3.36293772e-005 2.44330590e-005 
5.00000000e-001 8.75000000e+000 1.00000000e+001 1.01029180e-005 2.34378820e-005 2.32082105e-005 2.28598067e-005 2.18162046e-005 2.13324535e-005 2.10978894e-005 1.88118741e-005 1.53404737e-005 
5.00000000e-001 1.51554446e+001 1.00000000e+001 1.15454609e-005 2.18239298e-005 2.05862801e-005 2.01072163e-005 1.89548734e-005 1.84873244e-005 1.82660883e-005 1.61941329e-005 1.30922663e-005 
5.00000000e-001 1.95655948e+001 1.00000000e+001 1.51056809e-005 2.40507365e-005 2.13187411e-005 2.05175833e-005 1.88229160e-005 1.82325807e-005 1.79653082e-005 1.56997068e-005 1.25365034e-005 
5.00000000e-001 2.31503240e+001 1.00000000e+001 2.10986400e-005 2.92090974e-005 2.44879216e-005 2.32184404e-005 2.06522454e-005 1.98315346e-005 1.94719027e-005 1.66942151e-005 1.31314326e-005 
5.00000000e-001 2.62500000e+001 1.00000000e+001 3.02867527e-005 3.67649407e-005 2.92976533e-005 2.74142672e-005 2.37096305e-005 2.25805817e-005 2.20955995e-005 1.85857413e-005 1.43923649e-005 
5.00000000e-001 2.90204669e+001 1.00000000e+001 4.47988382e-005 4.76739113e-005 3.60804257e-005 3.33174115e-005 2.80288909e-005 2.64782447e-005 2.58222243e-005 2.13085719e-005 1.62352388e-005 
5.00000000e-001 3.15485737e+001 1.00000000e+001 6.68592178e-005 6.24640225e-005 4.50296160e-005 4.10660865e-005 3.36526123e-005 3.15443709e-005 3.06629392e-005 2.48338672e-005 1.86114037e-005 
5.00000000e-001 3.38886043e+001 1.00000000e+001 1.07205604e-004 8.57385644e-005 5.83765973e-005 5.24884021e-005 4.17672212e-005 3.88131305e-005 3.75922621e-005 2.98138882e-005 2.19220152e-005 
7.50000000e-001 8.75000000e+000 1.00000000e+001 2.58177154e-006 1.03707392e-005 1.24555818e-005 1.28514848e-005 1.34602034e-005 1.35173896e-005 1.35179230e-005 1.28595552e-005 1.11725701e-005 
7.50000000e-001 1.51554446e+001 1.00000000e+001 3.98070060e-006 1.10902048e-005 1.20801239e-005 1.22295364e-005 1.24084148e-005 1.23656518e-005 1.23283163e-005 1.15280060e-005 9.82898191e-006 
7.50000000e-001 1.95655948e+001 1.00000000e+001 6.42137533e-006 1.37279323e-005 1.35717589e-005 1.34273583e-005 1.30474745e-005 1.28560665e-005 1.27590665e-005 1.16397033e-005 9.70988810e-006 
7.50000000e-001 2.31503240e+001 1.00000000e+001 1.04755200e-005 1.83153987e-005 1.67265281e-005 1.62069847e-005 1.50854062e-005 1.46840792e-005 1.45007440e-005 1.28687100e-005 1.04891272e-005 
7.50000000e-001 2.62500000e+001 1.00000000e+001 1.73109107e-005 2.51495039e-005 2.13928398e-005 2.03518217e-005 1.82257567e-005 1.75409591e-005 1.72406423e-005 1.48973572e-005 1.18653353e-005 
7.50000000e-001 2.90204669e+001 1.00000000e+001 2.93588750e-005 3.55393034e-005 2.81659852e-005 2.63151673e-005 2.26939177e-005 2.16006485e-005 2.11330861e-005 1.77841099e-005 1.38363468e-005 
7.50000000e-001 3.15485737e+001 1.00000000e+001 5.01439821e-005 5.07163129e-005 3.75960003e-005 3.45305929e-005 2.87295187e-005 2.70561857e-005 2.63529726e-005 2.16112831e-005 1.64218404e-005 
7.50000000e-001 3.38886043e+001 1.00000000e+001 9.43548725e-005 7.70082658e-005 5.27699319e-005 4.75285194e-005 3.79731499e-005 3.53364697e-005 3.42462029e-005 2.72759717e-005 2.01686999e-005 
1.00000000e+000 8.75000000e+000 1.00000000e+001 6.95339023e-007 4.68723479e-006 6.76951929e-006 7.30351071e-006 8.36828752e-006 8.62388125e-006 8.71760080e-006 8.83234710e-006 8.16384166e-006 
1.00000000e+000 1.51554446e+001 1.00000000e+001 1.46045449e-006 5.88411324e-006 7.30713525e-006 7.64192886e-006 8.28986742e-006 8.42531353e-006 8.46947047e-006 8.31745636e-006 7.45087458e-006 
1.00000000e+000 1.95655948e+001 1.00000000e+001 2.88104718e-006 8.21488030e-006 8.96989047e-006 9.09487394e-006 9.29672282e-006 9.29873034e-006 9.28702198e-006 8.79872981e-006 7.63029962e-006 
1.00000000e+000 2.31503240e+001 1.00000000e+001 5.46146283e-006 1.20118525e-005 1.18682389e-005 1.17235449e-005 1.13536396e-005 1.11817660e-005 1.10967212e-005 1.01430552e-005 8.52345799e-006 
1.00000000e+000 2.62500000e+001 1.00000000e+001 1.03441301e-005 1.79244970e-005 1.61978624e-005 1.56388568e-005 1.44357875e-005 1.40179964e-005 1.38298563e-005 1.22222344e-005 9.96434900e-006 
1.00000000e+000 2.90204669e+001 1.00000000e+001 1.99997539e-005 2.74668033e-005 2.27267871e-005 2.14566186e-005 1.89045761e-005 1.81078545e-005 1.77630560e-005 1.51886102e-005 1.20154785e-005 
1.00000000e+000 3.15485737e+001 1.00000000e+001 3.88287162e-005 4.24610661e-005 3.23172498e-005 2.98705402e-005 2.51746395e-005 2.37985304e-005 2.32170949e-005 1.92242481e-005 1.47585160e-005 
1.00000000e+000 3.38886043e+001 1.00000000e+001 8.49795771e-005 7.08623286e-005 4.88743215e-005 4.40838534e-005 3.53229788e-005 3.28984993e-005 3.18951125e-005 2.54623016e-005 1.88814053e-005 
1.25000000e+000 8.75000000e+000 1.00000000e+001 1.95422083e-007 2.16002294e-006 3.72333472e-006 4.19362057e-006 5.24107233e-006 5.53832210e-006 5.65738395e-006 6.09446161e-006 5.98465527e-006 
1.25000000e+000 1.51554446e+001 1.00000000e+001 5.54913532e-007 3.21906310e-006 4.52753108e-006 4.88124321e-006 5.63535544e-006 5.83309599e-006 5.90884065e-006 6.07386410e-006 5.69879053e-006 
1.25000000e+000 1.95655948e+001 1.00000000e+001 1.33011271e-006 5.06218321e-006 6.08635014e-006 6.31583884e-006 6.76706959e-006 6.86228283e-006 6.89332701e-006 6.75957073e-006 6.07208772e-006 
1.25000000e+000 2.31503240e+001 1.00000000e+001 2.92512183e-006 8.08939768e-006 8.63346346e-006 8.68710116e-006 8.73187740e-006 8.69290668e-006 8.66579351e-006 8.13565276e-006 7.02512174e-006 
1.25000000e+000 2.62500000e+001 1.00000000e+001 6.34037149e-006 1.30816814e-005 1.25458304e-005 1.22866597e-005 1.16710467e-005 1.14273363e-005 1.13129412e-005 1.02033877e-005 8.49105456e-006 
1.25000000e+000 2.90204669e+001 1.00000000e+001 1.39340456e-005 2.16672315e-005 1.87065470e-005 1.78416281e-005 1.60439318e-005 1.54584094e-005 1.52012927e-005 1.31867531e-005 1.05837689e-005 
1.25000000e+000 3.15485737e+001 1.00000000e+001 3.06283035e-005 3.61588538e-005 2.82517635e-005 2.62759996e-005 2.24220805e-005 2.12719389e-005 2.07829621e-005 1.73583023e-005 1.34417037e-005 
1.25000000e+000 3.38886043e+001 1.00000000e+001 7.75277759e-005 6.60401348e-005 4.58690187e-005 4.14385283e-005 3.33030804e-005 3.10425691e-005 3.01058420e-005 2.40795256e-005 1.78896823e-005 
1.50000000e+000 8.75000000e+000 1.00000000e+001 5.68249688e-008 1.01298483e-006 2.07089857e-006 2.43151489e-006 3.30575452e-006 3.57941493e-006 3.69375495e-006 4.22423947e-006 4.40107412e-006 
1.50000000e+000 1.51554446e+001 1.00000000e+001 2.15532434e-007 1.79938809e-006 2.85796436e-006 3.17270567e-006 3.88687669e-006 4.09357101e-006 4.17695690e-006 4.48294469e-006 4.39428182e-006 
1.50000000e+000 1.95655948e+001 1.00000000e+001 6.25282781e-007 3.17851348e-006 4.20605127e-006 4.46488107e-006 5.00627345e-006 5.14366064e-006 5.19529396e-006 5.26207896e-006 4.88441481e-006 
1.50000000e+000 2.31503240e+001 1.00000000e+001 1.59462436e-006 5.54026397e-006 6.38556906e-006 6.54357614e-006 6.82071424e-006 6.86114051e-006 6.86935720e-006 6.61438760e-006 5.85748658e-006 
1.50000000e+000 2.62500000e+001 1.00000000e+001 3.95334407e-006 9.69350699e-006 9.86262535e-006 9.79618216e-006 9.57094533e-006 9.44657940e-006 9.38323011e-006 8.62864755e-006 7.31875077e-006 
1.50000000e+000 2.90204669e+001 1.00000000e+001 9.85730589e-006 1.73190696e-005 1.55965647e-005 1.50264283e-005 1.37877339e-005 1.33611769e-005 1.31703395e-005 1.15840714e-005 9.42319369e-006 
1.50000000e+000 3.15485737e+001 1.00000000e+001 2.44650681e-005 3.11282262e-005 2.49628309e-005 2.33619839e-005 2.01840144e-005 1.92161707e-005 1.88018277e-005 1.58359517e-005 1.23616307e-005 
1.50000000e+000 3.38886043e+001 1.00000000e+001 7.13424420e-005 6.20301901e-005 4.33961281e-005 3.92705905e-005 3.16633021e-005 2.95401168e-005 2.86589837e-005 2.29672310e-005 1.70920282e-005 
1.75000000e+000 8.75000000e+000 1.00000000e+001 1.69788855e-008 4.82529934e-007 1.16383056e-006 1.42274555e-006 2.09914707e-006 2.32747841e-006 2.42574758e-006 2.94072193e-006 3.24654549e-006 
1.75000000e+000 1.51554446e+001 1.00000000e+001 8.50210656e-008 1.02133718e-006 1.82999885e-006 2.09060388e-006 2.71317830e-006 2.90557448e-006 2.98554702e-006 3.33957582e-006 3.41328812e-006 
1.75000000e+000 1.95655948e+001 1.00000000e+001 2.97774493e-007 2.02124821e-006 2.94440001e-006 3.19710177e-006 3.74927621e-006 3.90179595e-006 3.96201716e-006 4.14029035e-006 3.96496922e-006 
1.75000000e+000 2.31503240e+001 1.00000000e+001 8.80548809e-007 3.83862895e-006 4.77769436e-006 4.98593958e-006 5.38822880e-006 5.47596629e-006 5.50586373e-006 5.43388524e-006 4.92971124e-006 
1.75000000e+000 2.62500000e+001 1.00000000e+001 2.49620947e-006 7.26002716e-006 7.83374300e-006 7.89110892e-006 7.92848939e-006 7.88790255e-006 7.86084861e-006 7.36752853e-006 6.36477402e-006 
1.75000000e+000 2.90204669e+001 1.00000000e+001 7.05249045e-006 1.39736057e-005 1.31203546e-005 1.27682644e-005 1.19532590e-005 1.16498534e-005 1.15106911e-005 1.02634711e-005 8.45828441e-006 
1.75000000e+000 3.15485737e+001 1.00000000e+001 1.97249141e-005 2.70042902e-005 2.22200398e-005 2.09242074e-005 1.83030077e-005 1.74868382e-005 1.71347494e-005 1.45530741e-005 1.14496628e-005 
1.75000000e+000 3.38886043e+001 1.00000000e+001 6.60729655e-005 5.85802483e-005 4.12786789e-005 3.74189946e-005 3.02730599e-005 2.82696905e-005 2.74369940e-005 2.20344342e-005 1.64266412e-005 
2.00000000e+000 8.75000000e+000 1.00000000e+001 5.18516865e-009 2.33045437e-007 6.60345061e-007 8.39582951e-007 1.34147622e-006 1.52220195e-006 1.60188664e-006 2.05581735e-006 2.40210901e-006 
2.00000000e+000 1.51554446e+001 1.00000000e+001 3.39409417e-008 5.86246489e-007 1.18470081e-006 1.39240908e-006 1.91252704e-006 2.08183628e-006 2.15375399e-006 2.50782789e-006 2.66868641e-006 
2.00000000e+000 1.95655948e+001 1.00000000e+001 1.43236153e-007 1.29711586e-006 2.08055352e-006 2.31089313e-006 2.83408616e-006 2.98705309e-006 3.04918032e-006 3.28568820e-006 3.24324347e-006 
2.00000000e+000 2.31503240e+001 1.00000000e+001 4.91096116e-007 2.68248310e-006 3.60474077e-006 3.83100152e-006 4.29222210e-006 4.40687671e-006 4.44971065e-006 4.50014257e-006 4.18016027e-006 
2.00000000e+000 2.62500000e+001 1.00000000e+001 1.59167741e-006 5.48137668e-006 6.26973016e-006 6.40460236e-006 6.61693077e-006 6.63540870e-006 6.63437958e-006 6.33669122e-006 5.57389563e-006 
2.00000000e+000 2.90204669e+001 1.00000000e+001 5.09050123e-006 1.13547001e-005 1.11107032e-005 1.09207392e-005 1.04297934e-005 1.02231189e-005 1.01248773e-005 9.15142643e-006 7.63950887e-006 
2.00000000e+000 3.15485737e+001 1.00000000e+001 1.60199498e-005 2.35636320e-005 1.98868599e-005 1.88422586e-005 1.66860758e-005 1.59982050e-005 1.56989737e-005 1.34458706e-005 1.06617228e-005 
2.00000000e+000 3.38886043e+001 1.00000000e+001 6.15049219e-005 5.55464352e-005 3.94183076e-005 3.57943305e-005 2.90589287e-005 2.71623979e-005 2.63728976e-005 2.12273466e-005 1.58549242e-005 
2.25000000e+000 8.75000000e+000 1.00000000e+001 1.61182855e-009 1.13929764e-007 3.77967621e-007 4.99355560e-007 8.62446672e-007 1.00101404e-006 1.06342093e-006 1.44300901e-006 1.78252171e-006 
2.25000000e+000 1.51554446e+001 1.00000000e+001 1.36825046e-008 3.39381028e-007 7.73511062e-007 9.35244292e-007 1.35895887e-006 1.50326381e-006 1.56565647e-006 1.89621496e-006 2.09865156e-006 
2.25000000e+000 1.95655948e+001 1.00000000e+001 6.94644360e-008 8.38216609e-007 1.48048346e-006 1.68216447e-006 2.15760694e-006 2.30307668e-006 2.36336476e-006 2.62548541e-006 2.66982176e-006 
2.25000000e+000 2.31503240e+001 1.00000000e+001 2.76100912e-007 1.88708570e-006 2.73713848e-006 2.96231813e-006 3.44086006e-006 3.56902680e-006 3.61898138e-006 3.75031467e-006 3.56608983e-006 
2.25000000e+000 2.62500000e+001 1.00000000e+001 1.02301221e-006 4.16488262e-006 5.04758988e-006 5.22834320e-006 5.55377401e-006 5.61345866e-006 5.63099197e-006 5.48075654e-006 4.90825060e-006 
2.25000000e+000 2.90204669e+001 1.00000000e+001 3.70080313e-006 9.27882346e-006 9.45764956e-006 9.38808036e-006 9.14548668e-006 9.01522453e-006 8.94961758e-006 8.19967504e-006 6.93341331e-006 
2.25000000e+000 3.15485737e+001 1.00000000e+001 1.30889517e-005 2.06567732e-005 1.78745322e-005 1.70385396e-005 1.52740923e-005 1.46958108e-005 1.44419265e-005 1.24733855e-005 9.96865113e-006 
2.25000000e+000 3.38886043e+001 1.00000000e+001 5.74949344e-005 5.28378623e-005 3.77547566e-005 3.43421938e-005 2.79764965e-005 2.61764916e-005 2.54260500e-005 2.05127150e-005 1.53520825e-005 
2.50000000e+000 8.75000000e+000 1.00000000e+001 5.08405169e-010 5.62957946e-008 2.18075923e-007 2.99155572e-007 5.57610578e-007 6.61691563e-007 7.09483321e-007 1.01679527e-006 1.32650285e-006 
2.50000000e+000 1.51554446e+001 1.00000000e+001 5.56187229e-009 1.97793974e-007 5.08447566e-007 6.32411394e-007 9.71947513e-007 1.09247562e-006 1.14540564e-006 1.44220484e-006 1.65884157e-006 
2.50000000e+000 1.95655948e+001 1.00000000e+001 3.39202941e-008 5.44680504e-007 1.05923260e-006 1.23120976e-006 1.65175538e-006 1.78565167e-006 1.84205912e-006 2.10960314e-006 2.20946083e-006 
2.50000000e+000 2.31503240e+001 1.00000000e+001 1.56271130e-007 1.33471960e-006 2.08886538e-006 2.30207014e-006 2.77203783e-006 2.90480495e-006 2.95794570e-006 3.14097167e-006 3.05717317e-006 
2.50000000e+000 2.62500000e+001 1.00000000e+001 6.61897159e-007 3.18108526e-006 4.08295846e-006 4.28794481e-006 4.68238845e-006 4.77011876e-006 4.80066581e-006 4.76144953e-006 4.34116505e-006 
2.50000000e+000 2.90204669e+001 1.00000000e+001 2.70670983e-006 7.61766982e-006 8.08431389e-006 8.10358460e-006 8.05083721e-006 7.98100183e-006 7.94148092e-006 7.37510622e-006 6.31670855e-006 
2.50000000e+000 3.15485737e+001 1.00000000e+001 1.07482066e-005 1.81775380e-005 1.61212229e-005 1.54594244e-005 1.40269274e-005 1.35428572e-005 1.33281390e-005 1.16080618e-005 9.35053661e-006 
2.50000000e+000 3.38886043e+001 1.00000000e+001 5.39409943e-005 5.03927706e-005 3.62482036e-005 3.30269139e-005 2.69970581e-005 2.52850541e-005 2.45702604e-005 1.98690195e-005 1.49016980e-005 
0.00000000e+000 8.75000000e+000 2.00000000e+001 9.88747875e-005 6.88204891e-005 4.44536869e-005 3.95571596e-005 3.09892101e-005 2.86926264e-005 2.77468966e-005 2.17366040e-005 1.55684259e-005 
0.00000000e+000 1.51554446e+001 2.00000000e+001 1.17372873e-004 8.13930124e-005 5.20738298e-005 4.61032518e-005 3.55910278e-005 3.27893204e-005 3.16421793e-005 2.45143270e-005 1.74689141e-005 
0.00000000e+000 1.95655948e+001 2.00000000e+001 1.35151945e-004 9.31915323e-005 5.93136588e-005 5.23818068e-005 4.01263029e-005 3.68627711e-005 3.55295619e-005 2.73379604e-005 1.94118189e-005 
0.00000000e+000 2.31503240e+001 2.00000000e+001 1.53164458e-004 1.05057844e-004 6.66516254e-005 5.87842340e-005 4.48444565e-005 4.11310443e-005 3.96153235e-005 3.03549992e-005 2.15037697e-005 
0.00000000e+000 2.62500000e+001 2.00000000e+001 1.72479081e-004 1.17726294e-004 7.44972617e-005 6.56441058e-005 4.99458249e-005 4.57634984e-005 4.40571142e-005 3.36666860e-005 2.38119380e-005 
0.00000000e+000 2.90204669e+001 2.00000000e+001 1.93202776e-004 1.31292479e-004 8.29117271e-005 7.30101763e-005 5.54511653e-005 5.07739036e-005 4.88661429e-005 3.72742502e-005 2.63358045e-005 
0.00000000e+000 3.15485737e+001 2.00000000e+001 2.14954005e-004 1.45523706e-004 9.17576669e-005 8.07618445e-005 6.12650940e-005 5.60732105e-005 5.39560231e-005 4.11095398e-005 2.90272428e-005 
0.00000000e+000 3.38886043e+001 2.00000000e+001 2.39290205e-004 1.61450603e-004 1.01677655e-004 8.94621095e-005 6.78080054e-005 6.20438374e-005 5.96937756e-005 4.54485918e-005 3.20806580e-005 
2.50000000e-001 8.75000000e+000 2.00000000e+001 2.12554805e-005 2.84317261e-005 2.28111492e-005 2.13629334e-005 1.85239321e-005 1.76549030e-005 1.72796832e-005 1.45199803e-005 1.11369294e-005 
2.50000000e-001 1.51554446e+001 2.00000000e+001 2.98090944e-005 3.64724535e-005 2.82614561e-005 2.61817611e-005 2.21253580e-005 2.09196092e-005 2.04073071e-005 1.68458821e-005 1.27819815e-005 
2.50000000e-001 1.95655948e+001 2.00000000e+001 4.04147702e-005 4.53937255e-005 3.41712895e-005 3.14070030e-005 2.60587612e-005 2.44959977e-005 2.38377017e-005 1.94083121e-005 1.45818542e-005 
2.50000000e-001 2.31503240e+001 2.00000000e+001 5.34861205e-005 5.55381741e-005 4.07498126e-005 3.72135447e-005 3.04438558e-005 2.84920013e-005 2.76744305e-005 2.22888536e-005 1.66021648e-005 
2.50000000e-001 2.62500000e+001 2.00000000e+001 7.05473721e-005 6.78019967e-005 4.85024869e-005 4.40226653e-005 3.55543208e-005 3.31452661e-005 3.21411203e-005 2.56377722e-005 1.89403664e-005 
2.50000000e-001 2.90204669e+001 2.00000000e+001 9.29209292e-005 8.27154903e-005 5.76893932e-005 5.20449152e-005 4.15166652e-005 3.85622121e-005 3.73364485e-005 2.95148103e-005 2.16304816e-005 
2.50000000e-001 3.15485737e+001 2.00000000e+001 1.22153531e-004 1.00716721e-004 6.84751489e-005 6.14022113e-005 4.83868841e-005 4.47843012e-005 4.32964278e-005 3.39309782e-005 2.46703756e-005 
2.50000000e-001 3.38886043e+001 2.00000000e+001 1.65854135e-004 1.25131952e-004 8.25845037e-005 7.35351580e-005 5.71396848e-005 5.26725646e-005 5.08371672e-005 3.94538175e-005 2.84253870e-005 
5.00000000e-001 8.75000000e+000 2.00000000e+001 4.87991193e-006 1.20108118e-005 1.18560191e-005 1.16637157e-005 1.11575345e-005 1.09373294e-005 1.08308826e-005 9.74491381e-006 7.99265218e-006 
5.00000000e-001 1.51554446e+001 2.00000000e+001 8.75565975e-006 1.72835997e-005 1.58623006e-005 1.53067513e-005 1.40438804e-005 1.35985837e-005 1.33983157e-005 1.17295310e-005 9.43875751e-006 
5.00000000e-001 1.95655948e+001 2.00000000e+001 1.45784719e-005 2.39315822e-005 2.06790420e-005 1.96562953e-005 1.74619547e-005 1.67451830e-005 1.64319365e-005 1.40602926e-005 1.11110629e-005 
5.00000000e-001 2.31503240e+001 2.00000000e+001 2.30198320e-005 3.22719646e-005 2.64651321e-005 2.48411160e-005 2.14961696e-005 2.04526666e-005 2.00040500e-005 1.67938288e-005 1.30556144e-005 
5.00000000e-001 2.62500000e+001 2.00000000e+001 3.58883282e-005 4.33616365e-005 3.38183246e-005 3.13646947e-005 2.64856538e-005 2.50190898e-005 2.43964937e-005 2.01235315e-005 1.53969854e-005 
5.00000000e-001 2.90204669e+001 2.00000000e+001 5.55525544e-005 5.81904863e-005 4.32162650e-005 3.96145731e-005 3.26709058e-005 3.06500735e-005 2.98013327e-005 2.41707011e-005 1.82052955e-005 
5.00000000e-001 3.15485737e+001 2.00000000e+001 8.56334182e-005 7.79847207e-005 5.51808538e-005 4.99988822e-005 4.02842551e-005 3.75382469e-005 3.63959907e-005 2.90363654e-005 2.15299331e-005 
5.00000000e-001 3.38886043e+001 2.00000000e+001 1.39743403e-004 1.08380099e-004 7.25251368e-005 6.48402704e-005 5.08564505e-005 4.70244042e-005 4.54466069e-005 3.55797159e-005 2.59071533e-005 
7.50000000e-001 8.75000000e+000 2.00000000e+001 1.18635174e-006 5.18167247e-006 6.23846984e-006 6.43576031e-006 6.77074635e-006 6.82093936e-006 6.83188051e-006 6.57044612e-006 5.75445076e-006 
7.50000000e-001 1.51554446e+001 2.00000000e+001 2.81485810e-006 8.56156698e-006 9.16244032e-006 9.17771655e-006 9.08257303e-006 8.99062262e-006 8.94040508e-006 8.26733382e-006 7.03055283e-006 
7.50000000e-001 1.95655948e+001 2.00000000e+001 5.77559420e-006 1.33250914e-005 1.29973791e-005 1.27261664e-005 1.20098705e-005 1.17227896e-005 1.15894497e-005 1.03676642e-005 8.57576258e-006 
7.50000000e-001 2.31503240e+001 2.00000000e+001 1.08367030e-005 1.98788425e-005 1.79349565e-005 1.72338527e-005 1.56470474e-005 1.50995722e-005 1.48565678e-005 1.29264837e-005 1.04302219e-005 
7.50000000e-001 2.62500000e+001 2.00000000e+001 1.98263703e-005 2.93951925e-005 2.46490218e-005 2.32727846e-005 2.03882171e-005 1.94698874e-005 1.90726689e-005 1.61740339e-005 1.27423005e-005 
7.50000000e-001 2.90204669e+001 2.00000000e+001 3.57309225e-005 4.32740358e-005 3.38282111e-005 3.14045199e-005 2.65877972e-005 2.51387300e-005 2.45234431e-005 2.02935855e-005 1.56186920e-005 
7.50000000e-001 3.15485737e+001 2.00000000e+001 6.38861036e-005 6.35376758e-005 4.63713806e-005 4.23414181e-005 3.46673074e-005 3.24611093e-005 3.15382629e-005 2.54829263e-005 1.91641186e-005 
7.50000000e-001 3.38886043e+001 2.00000000e+001 1.23585770e-004 9.81149450e-005 6.61786042e-005 5.92876825e-005 4.67133211e-005 4.32573017e-005 4.18329881e-005 3.28925047e-005 2.40855016e-005 
1.00000000e+000 8.75000000e+000 2.00000000e+001 3.02528150e-007 2.27936029e-006 3.32130140e-006 3.58721200e-006 4.13845485e-006 4.28137487e-006 4.33602057e-006 4.45015806e-006 4.15607212e-006 
1.00000000e+000 1.51554446e+001 2.00000000e+001 9.55499229e-007 4.38625870e-006 5.41972491e-006 5.62140401e-006 5.97119524e-006 6.03407644e-006 6.05254920e-006 5.89231535e-006 5.27919924e-006 
1.00000000e+000 1.95655948e+001 2.00000000e+001 2.40329564e-006 7.69474706e-006 8.40279856e-006 8.45559837e-006 8.43542394e-006 8.36855873e-006 8.32995954e-006 7.76136346e-006 6.69457686e-006 
1.00000000e+000 2.31503240e+001 2.00000000e+001 5.33117227e-006 1.26880382e-005 1.25138025e-005 1.22862988e-005 1.16531701e-005 1.13899469e-005 1.12669016e-005 1.01228319e-005 8.44467616e-006 
1.00000000e+000 2.62500000e+001 2.00000000e+001 1.13900558e-005 2.05968949e-005 1.84818124e-005 1.77374037e-005 1.60624991e-005 1.54882801e-005 1.52341420e-005 1.32377330e-005 1.06984239e-005 
1.00000000e+000 2.90204669e+001 2.00000000e+001 2.37679485e-005 3.31457343e-005 2.71843321e-005 2.55297612e-005 2.21257961e-005 2.10634652e-005 2.06070604e-005 1.73496524e-005 1.35986594e-005 
1.00000000e+000 3.15485737e+001 2.00000000e+001 4.89922660e-005 5.30963305e-005 3.98928798e-005 3.66801586e-005 3.04576755e-005 2.86369853e-005 2.78710755e-005 2.27566001e-005 1.73078063e-005 
1.00000000e+000 3.38886043e+001 2.00000000e+001 1.11482830e-004 9.06210021e-005 6.15857596e-005 5.52690439e-005 4.36986594e-005 4.05071689e-005 3.91904811e-005 3.08995612e-005 2.27030933e-005 
1.25000000e+000 8.75000000e+000 2.00000000e+001 8.02096846e-008 1.02058656e-006 1.78786856e-006 2.01876494e-006 2.54715895e-006 2.70416631e-006 2.76840882e-006 3.02740880e-006 3.01094925e-006 
1.25000000e+000 1.51554446e+001 2.00000000e+001 3.35695711e-007 2.30433798e-006 3.26819029e-006 3.50440251e-006 3.98163080e-006 4.10320320e-006 4.14971461e-006 4.24190903e-006 3.99374713e-006 
1.25000000e+000 1.95655948e+001 2.00000000e+001 1.02986444e-006 4.55366474e-006 5.54611271e-006 5.72879155e-006 6.02436127e-006 6.06875263e-006 6.07960608e-006 5.88475558e-006 5.27816420e-006 
1.25000000e+000 2.31503240e+001 2.00000000e+001 2.69212133e-006 8.28323641e-006 8.90826290e-006 8.92895565e-006 8.82793001e-006 8.73284170e-006 8.68205699e-006 8.03701341e-006 6.91352554e-006 
1.25000000e+000 2.62500000e+001 2.00000000e+001 6.69757810e-006 1.47269709e-005 1.41169889e-005 1.37633900e-005 1.28635405e-005 1.25172520e-005 1.23588753e-005 1.09847867e-005 9.08626052e-006 
1.25000000e+000 2.90204669e+001 2.00000000e+001 1.61291848e-005 2.58370641e-005 2.22082077e-005 2.10907383e-005 1.86917722e-005 1.79092341e-005 1.75683599e-005 1.50288084e-005 1.19742146e-005 
1.25000000e+000 3.15485737e+001 2.00000000e+001 3.81843551e-005 4.50215555e-005 3.48059547e-005 3.22202620e-005 2.71177585e-005 2.55955937e-005 2.49512949e-005 2.05682272e-005 1.57987039e-005 
1.25000000e+000 3.38886043e+001 2.00000000e+001 1.01713192e-004 8.46129473e-005 5.79492127e-005 5.20975755e-005 4.13319871e-005 3.83497988e-005 3.71178538e-005 2.93334160e-005 2.16067900e-005 
1.50000000e+000 8.75000000e+000 2.00000000e+001 2.19451331e-008 4.64315637e-007 9.72395827e-007 1.14641789e-006 1.57819006e-006 1.71825654e-006 1.77770373e-006 2.06836222e-006 2.18794531e-006 
1.50000000e+000 1.51554446e+001 2.00000000e+001 1.20760512e-007 1.23355223e-006 2.00145536e-006 2.21638605e-006 2.68716370e-006 2.82187687e-006 2.87646199e-006 3.08117314e-006 3.04194798e-006 
1.50000000e+000 1.95655948e+001 2.00000000e+001 4.50200845e-007 2.74115279e-006 3.71705825e-006 3.93878794e-006 4.35926552e-006 4.45659113e-006 4.49214382e-006 4.50952852e-006 4.19730588e-006 
1.50000000e+000 2.31503240e+001 2.00000000e+001 1.38385167e-006 5.49080667e-006 6.43199814e-006 6.57904520e-006 6.77340454e-006 6.77880811e-006 6.77215803e-006 6.45090519e-006 5.71225367e-006 
1.50000000e+000 2.62500000e+001 2.00000000e+001 4.00167063e-006 1.06732674e-005 1.09208938e-005 1.08135749e-005 1.04236686e-005 1.02332393e-005 1.01411011e-005 9.21126212e-006 7.78788476e-006 
1.50000000e+000 2.90204669e+001 2.00000000e+001 1.10965918e-005 2.03749473e-005 1.83441401e-005 1.76140026e-005 1.59567645e-005 1.53849611e-005 1.51316142e-005 1.31442551e-005 1.06353706e-005 
1.50000000e+000 3.15485737e+001 2.00000000e+001 3.00935333e-005 3.85386756e-005 3.06477908e-005 2.85618519e-005 2.43610637e-005 2.30810809e-005 2.25356128e-005 1.87491191e-005 1.45351629e-005 
1.50000000e+000 3.38886043e+001 2.00000000e+001 9.35250191e-005 7.95446122e-005 5.49049631e-005 4.94506420e-005 3.93705510e-005 3.65654824e-005 3.54050257e-005 2.80438803e-005 2.07035115e-005 
1.75000000e+000 8.75000000e+000 2.00000000e+001 6.15858879e-009 2.14269514e-007 5.33954533e-007 6.56560365e-007 9.84028575e-007 1.09807476e-006 1.14781831e-006 1.41899702e-006 1.59459592e-006 
1.75000000e+000 1.51554446e+001 2.00000000e+001 4.42107806e-008 6.69838138e-007 1.24096006e-006 1.41832590e-006 1.83209827e-006 1.95948775e-006 2.01273435e-006 2.25578646e-006 2.33136482e-006 
1.75000000e+000 1.95655948e+001 2.00000000e+001 1.99733447e-007 1.67069092e-006 2.52002521e-006 2.73856258e-006 3.18719943e-006 3.30566726e-006 3.35212494e-006 3.48624848e-006 3.36249851e-006 
1.75000000e+000 2.31503240e+001 2.00000000e+001 7.20816506e-007 3.68005099e-006 4.69238769e-006 4.89708018e-006 5.24743573e-006 5.31198447e-006 5.33208164e-006 5.22280252e-006 4.75560163e-006 
1.75000000e+000 2.62500000e+001 2.00000000e+001 2.41960330e-006 7.81118498e-006 8.52619020e-006 8.57299070e-006 8.52027887e-006 8.43792938e-006 8.39236518e-006 7.78645407e-006 6.72380697e-006 
1.75000000e+000 2.90204669e+001 2.00000000e+001 7.71302520e-006 1.62022991e-005 1.52721168e-005 1.48251339e-005 1.37253061e-005 1.33157923e-005 1.31303348e-005 1.15788554e-005 9.50953417e-006 
1.75000000e+000 3.15485737e+001 2.00000000e+001 2.39158794e-005 3.32138952e-005 2.71613457e-005 2.54816360e-005 2.20234395e-005 2.09450956e-005 2.04821555e-005 1.71967438e-005 1.34518472e-005 
1.75000000e+000 3.38886043e+001 2.00000000e+001 8.65065207e-005 7.51388196e-005 5.22662607e-005 4.71606858e-005 3.76830524e-005 3.50334359e-005 3.39356434e-005 2.69433505e-005 1.99353129e-005 
2.00000000e+000 8.75000000e+000 2.00000000e+001 1.76443752e-009 1.00137843e-007 2.95797273e-007 3.78986853e-007 6.17241659e-007 7.05576737e-007 7.45006894e-007 9.77396939e-007 1.16549900e-006 
2.00000000e+000 1.51554446e+001 2.00000000e+001 1.64116282e-008 3.67798824e-007 7.77137763e-007 9.16363214e-007 1.25987358e-006 1.37186620e-006 1.41973606e-006 1.66299024e-006 1.79678108e-006 
2.00000000e+000 1.95655948e+001 2.00000000e+001 8.96507899e-008 1.02793488e-006 1.72367577e-006 1.92067378e-006 2.34950429e-006 2.47176387e-006 2.52139437e-006 2.71490007e-006 2.71079419e-006 
2.00000000e+000 2.31503240e+001 2.00000000e+001 3.79386002e-007 2.48721440e-006 3.45028483e-006 3.67343154e-006 4.09567830e-006 4.19327609e-006 4.22900623e-006 4.25782935e-006 3.98398366e-006 
2.00000000e+000 2.62500000e+001 2.00000000e+001 1.47686656e-006 5.75938259e-006 6.70292195e-006 6.84321554e-006 7.01064630e-006 7.00325045e-006 6.99054497e-006 6.62342654e-006 5.83909705e-006 
2.00000000e+000 2.90204669e+001 2.00000000e+001 5.40491948e-006 1.29667859e-005 1.27902356e-005 1.25509741e-005 1.18732148e-005 1.15901126e-005 1.14579825e-005 1.02559853e-005 8.54744210e-006 
2.00000000e+000 3.15485737e+001 2.00000000e+001 1.91329984e-005 2.87734390e-005 2.41882259e-005 2.28424722e-005 2.00037525e-005 1.90958225e-005 1.87028941e-005 1.58459663e-005 1.25055487e-005 
2.00000000e+000 3.38886043e+001 2.00000000e+001 8.03995110e-005 7.12345278e-005 4.99265423e-005 4.51319827e-005 3.61933276e-005 3.36829886e-005 3.26413372e-005 2.59785706e-005 1.92651575e-005 
2.25000000e+000 8.75000000e+000 2.00000000e+001 5.14191672e-010 4.73257984e-008 1.65195340e-007 2.20362958e-007 3.89361912e-007 4.55723252e-007 4.85966615e-007 6.75814071e-007 8.54248099e-007 
2.25000000e+000 1.51554446e+001 2.00000000e+001 6.16228913e-009 2.03757949e-007 4.90639186e-007 5.96730443e-007 8.72655241e-007 9.67189327e-007 1.00834762e-006 1.23343207e-006 1.39175069e-006 
2.25000000e+000 1.95655948e+001 2.00000000e+001 4.06271786e-008 6.37223997e-007 1.18726054e-006 1.35635985e-006 1.74347537e-006 1.86029479e-006 1.90882715e-006 2.12706608e-006 2.19723532e-006 
2.25000000e+000 2.31503240e+001 2.00000000e+001 2.01394408e-007 1.69226496e-006 2.55271037e-006 2.77235744e-006 3.21561041e-006 3.32952378e-006 3.37364658e-006 3.49056776e-006 3.35488265e-006 
2.25000000e+000 2.62500000e+001 2.00000000e+001 9.08460785e-007 4.27191637e-006 5.29843350e-006 5.49184917e-006 5.79849122e-006 5.84245003e-006 5.85275435e-006 5.66221227e-006 5.09481510e-006 
2.25000000e+000 2.90204669e+001 2.00000000e+001 3.81294608e-006 1.04305598e-005 1.07618879e-005 1.06745238e-005 1.03167154e-005 1.01325590e-005 1.00425718e-005 9.12336238e-006 7.71467818e-006 
2.25000000e+000 3.15485737e+001 2.00000000e+001 1.53910085e-005 2.50300160e-005 2.16224630e-005 2.05531871e-005 1.82353721e-005 1.74727968e-005 1.71398426e-005 1.46534980e-005 1.16668146e-005 
2.25000000e+000 3.38886043e+001 2.00000000e+001 7.50273621e-005 6.77284918e-005 4.78193404e-005 4.33050926e-005 3.48541372e-005 3.24701853e-005 3.14795099e-005 2.51157427e-005 1.86686924e-005 
2.50000000e+000 8.75000000e+000 2.00000000e+001 1.51986720e-010 2.25891282e-008 9.29428887e-008 1.28995376e-007 2.46919045e-007 2.95786414e-007 3.18490287e-007 4.69008197e-007 6.27811274e-007 
2.50000000e+000 1.51554446e+001 2.00000000e+001 2.33646112e-009 1.13709234e-007 3.11842781e-007 3.91135272e-007 6.08151447e-007 6.85950503e-007 7.20379056e-007 9.19691060e-007 1.08288585e-006 
2.50000000e+000 1.95655948e+001 2.00000000e+001 1.85611519e-008 3.97456420e-007 8.22437925e-007 9.63213242e-007 1.30076982e-006 1.40758184e-006 1.45276854e-006 1.67496537e-006 1.78922214e-006 
2.50000000e+000 2.31503240e+001 2.00000000e+001 1.07683706e-007 1.15772114e-006 1.89813810e-006 2.10264498e-006 2.53670334e-006 2.65619589e-006 2.70396982e-006 2.87465103e-006 2.83733314e-006 
2.50000000e+000 2.62500000e+001 2.00000000e+001 5.62502202e-007 3.18423578e-006 4.20692457e-006 4.42658528e-006 4.81604221e-006 4.89429635e-006 4.92041837e-006 4.86001233e-006 4.46264844e-006 
2.50000000e+000 2.90204669e+001 2.00000000e+001 2.70518814e-006 8.42590671e-006 9.08978510e-006 9.11249543e-006 8.99636470e-006 8.88970476e-006 8.83308237e-006 8.14385842e-006 6.98648545e-006 
2.50000000e+000 3.15485737e+001 2.00000000e+001 1.24390259e-005 2.18482470e-005 1.93886359e-005 1.85492859e-005 1.66717780e-005 1.60339344e-005 1.57526844e-005 1.35892807e-005 1.09149349e-005 
2.50000000e+000 3.38886043e+001 2.00000000e+001 7.02618401e-005 6.45495757e-005 4.59001440e-005 4.16404728e-005 3.36343610e-005 3.13660983e-005 3.04221276e-005 2.43324809e-005 1.81294269e-005 
END