TITLE="3SCB_ER_E_WD315.dat"
VARIABLES= "Density" "Radius" "Height" "0.1053" "0.356" "0.6617" "0.7889" "1.1732" "1.3325" "1.408" "2" "3" 
ZONE T="3D Data" I=11 J=8 K=3 F=POINT
0.00000000e+000 2.18750000e+000 0.00000000e+000 1.15775902e-004 7.83943599e-005 4.91461470e-005 4.31574324e-005 3.25699458e-005 2.97709802e-005 2.86331136e-005 2.17710829e-005 1.53437553e-005 
0.00000000e+000 6.56250000e+000 0.00000000e+000 1.16636501e-004 7.89398308e-005 4.94824243e-005 4.34583075e-005 3.28323861e-005 3.00270010e-005 2.88864188e-005 2.19959673e-005 1.55162526e-005 
0.00000000e+000 1.09375000e+001 0.00000000e+000 1.18391503e-004 8.01171040e-005 5.03621132e-005 4.43061197e-005 3.36465354e-005 3.08267761e-005 2.96781981e-005 2.26906522e-005 1.60412572e-005 
0.00000000e+000 1.53125000e+001 0.00000000e+000 1.25918235e-004 8.50484345e-005 5.38338133e-005 4.75045252e-005 3.63361455e-005 3.33603734e-005 3.21441837e-005 2.46776847e-005 1.74813095e-005 
0.00000000e+000 1.96875000e+001 0.00000000e+000 1.45459269e-004 9.79193578e-005 6.22015188e-005 5.49549568e-005 4.21289834e-005 3.86980262e-005 3.72940464e-005 2.86554029e-005 2.03176109e-005 
0.00000000e+000 2.40625000e+001 0.00000000e+000 1.75305478e-004 1.17851460e-004 7.48583739e-005 6.61169519e-005 5.06224607e-005 4.64767164e-005 4.47809376e-005 3.43712199e-005 2.43780555e-005 
0.00000000e+000 2.84375000e+001 0.00000000e+000 2.13595689e-004 1.43360641e-004 9.09107033e-005 8.02234765e-005 6.12689593e-005 5.62034886e-005 5.41334734e-005 4.14733884e-005 2.94065211e-005 
0.00000000e+000 3.28125000e+001 0.00000000e+000 2.51697693e-004 1.68672730e-004 1.06819167e-004 9.42037239e-005 7.18263993e-005 6.58515998e-005 6.34114691e-005 4.85218397e-005 3.43912899e-005 
2.50000000e-001 2.18750000e+000 0.00000000e+000 2.51739041e-005 3.28366636e-005 2.55610980e-005 2.36198381e-005 1.97179454e-005 1.85473334e-005 1.80518152e-005 1.47065005e-005 1.10829832e-005 
2.50000000e-001 6.56250000e+000 0.00000000e+000 2.63331949e-005 3.36460832e-005 2.60488040e-005 2.40456980e-005 2.00511864e-005 1.88597071e-005 1.83558686e-005 1.49556454e-005 1.12666297e-005 
2.50000000e-001 1.09375000e+001 0.00000000e+000 2.89108771e-005 3.54315393e-005 2.72017419e-005 2.50911101e-005 2.09342947e-005 1.97008269e-005 1.91791040e-005 1.56442993e-005 1.17794580e-005 
2.50000000e-001 1.53125000e+001 0.00000000e+000 3.43577371e-005 3.96952493e-005 3.01988760e-005 2.78418996e-005 2.32409184e-005 2.18770639e-005 2.12994971e-005 1.73718629e-005 1.30550042e-005 
2.50000000e-001 1.96875000e+001 0.00000000e+000 4.55588761e-005 4.90312803e-005 3.66945580e-005 3.37204089e-005 2.79696751e-005 2.62789568e-005 2.55648620e-005 2.07521802e-005 1.55275988e-005 
2.50000000e-001 2.40625000e+001 0.00000000e+000 6.51564141e-005 6.46207551e-005 4.71782193e-005 4.30973468e-005 3.53137679e-005 3.30613418e-005 3.21154794e-005 2.58535511e-005 1.92177309e-005 
2.50000000e-001 2.84375000e+001 0.00000000e+000 9.84557883e-005 8.83929838e-005 6.24490585e-005 5.65873936e-005 4.56037494e-005 4.24902553e-005 4.11924827e-005 3.27898580e-005 2.41487818e-005 
2.50000000e-001 3.28125000e+001 0.00000000e+000 1.55293322e-004 1.22205363e-004 8.26442359e-005 7.41064255e-005 5.84803477e-005 5.41619700e-005 5.23774628e-005 4.11058304e-005 2.98898795e-005 
5.00000000e-001 2.18750000e+000 0.00000000e+000 5.53216070e-006 1.38016404e-005 1.33202764e-005 1.29483696e-005 1.19509550e-005 1.15667397e-005 1.13918006e-005 9.94126423e-006 8.00921469e-006 
5.00000000e-001 6.56250000e+000 0.00000000e+000 6.20308885e-006 1.45472245e-005 1.38248374e-005 1.33971858e-005 1.23047299e-005 1.18965579e-005 1.17119060e-005 1.01988234e-005 8.19755964e-006 
5.00000000e-001 1.09375000e+001 0.00000000e+000 7.78955408e-006 1.62299213e-005 1.49936192e-005 1.44578683e-005 1.31834659e-005 1.27267748e-005 1.25218121e-005 1.08665838e-005 8.69443442e-006 
5.00000000e-001 1.53125000e+001 0.00000000e+000 1.09534433e-005 1.96689958e-005 1.75474628e-005 1.68175768e-005 1.51834873e-005 1.46203635e-005 1.43698046e-005 1.23904545e-005 9.83866972e-006 
5.00000000e-001 1.96875000e+001 0.00000000e+000 1.74025087e-005 2.66386963e-005 2.27386963e-005 2.15871528e-005 1.91379411e-005 1.83340580e-005 1.79816384e-005 1.53160427e-005 1.20250913e-005 
5.00000000e-001 2.40625000e+001 0.00000000e+000 3.03022539e-005 3.90922284e-005 3.16013613e-005 2.96190914e-005 2.55948979e-005 2.43413920e-005 2.38014315e-005 1.99275744e-005 1.54131721e-005 
5.00000000e-001 2.84375000e+001 0.00000000e+000 5.73648761e-005 6.08656600e-005 4.60425954e-005 4.24668781e-005 3.55269952e-005 3.34747462e-005 3.26064324e-005 2.67060497e-005 2.02560665e-005 
5.00000000e-001 3.28125000e+001 0.00000000e+000 1.20783821e-004 9.98453998e-005 6.92789947e-005 6.25844806e-005 5.02220151e-005 4.67618445e-005 4.53249231e-005 3.60844754e-005 2.66559211e-005 
7.50000000e-001 2.18750000e+000 0.00000000e+000 1.22864417e-006 5.82098355e-006 6.95487632e-006 7.10999340e-006 7.25169383e-006 7.22073228e-006 7.19586097e-006 6.72475840e-006 5.79070387e-006 
7.50000000e-001 6.56250000e+000 0.00000000e+000 1.51736141e-006 6.37588202e-006 7.39535152e-006 7.51482638e-006 7.58672515e-006 7.53589680e-006 7.50271532e-006 6.97523114e-006 5.97651840e-006 
7.50000000e-001 1.09375000e+001 0.00000000e+000 2.25854196e-006 7.66730063e-006 8.41991778e-006 8.46570868e-006 8.39757854e-006 8.30583389e-006 8.25520055e-006 7.60195926e-006 6.44933653e-006 
7.50000000e-001 1.53125000e+001 0.00000000e+000 3.84375128e-006 1.02185840e-005 1.05073941e-005 1.04280996e-005 1.01096597e-005 9.93908540e-006 9.85410963e-006 8.94527452e-006 7.47848748e-006 
7.50000000e-001 1.96875000e+001 0.00000000e+000 7.38273763e-006 1.53410224e-005 1.46491093e-005 1.43018065e-005 1.34330720e-005 1.30901174e-005 1.29308448e-005 1.14947328e-005 9.42512358e-006 
7.50000000e-001 2.40625000e+001 0.00000000e+000 1.56276777e-005 2.51872227e-005 2.21234756e-005 2.11759001e-005 1.91194013e-005 1.84226308e-005 1.81137430e-005 1.56774413e-005 1.25480296e-005 
7.50000000e-001 2.84375000e+001 0.00000000e+000 3.66604533e-005 4.46076265e-005 3.55512294e-005 3.32342381e-005 2.86079016e-005 2.71895129e-005 2.65816134e-005 2.22630886e-005 1.72889697e-005 
7.50000000e-001 3.28125000e+001 0.00000000e+000 1.00897357e-004 8.63162081e-005 6.07590931e-005 5.51115973e-005 4.46403212e-005 4.16917355e-005 4.04643318e-005 3.24913007e-005 2.42417884e-005 
1.00000000e+000 2.18750000e+000 0.00000000e+000 2.75730964e-007 2.46349852e-006 3.63836906e-006 3.91055434e-006 4.40526215e-006 4.51223765e-006 4.54979383e-006 4.55212703e-006 4.18871526e-006 
1.00000000e+000 6.56250000e+000 0.00000000e+000 3.83234420e-007 2.83032095e-006 3.98606266e-006 4.24275525e-006 4.69927803e-006 4.79325333e-006 4.82509673e-006 4.78417487e-006 4.36588806e-006 
1.00000000e+000 1.09375000e+001 0.00000000e+000 6.89250944e-007 3.71792959e-006 4.80794619e-006 5.02980261e-006 5.40603712e-006 5.47254240e-006 5.49216149e-006 5.35424937e-006 4.80687978e-006 
1.00000000e+000 1.53125000e+001 0.00000000e+000 1.42733163e-006 5.50195682e-006 6.44986929e-006 6.61043029e-006 6.84419995e-006 6.85961317e-006 6.85614621e-006 6.52968002e-006 5.72990132e-006 
1.00000000e+000 1.96875000e+001 0.00000000e+000 3.31535332e-006 9.19577594e-006 9.72192292e-006 9.73321796e-006 9.62890025e-006 9.52819296e-006 9.47326370e-006 8.75305830e-006 7.46704669e-006 
1.00000000e+000 2.40625000e+001 0.00000000e+000 8.50467457e-006 1.68910452e-005 1.59806893e-005 1.55816251e-005 1.46190441e-005 1.42483198e-005 1.40772136e-005 1.25431690e-005 1.03469265e-005 
1.00000000e+000 2.84375000e+001 0.00000000e+000 2.45290810e-005 3.39016059e-005 2.82879060e-005 2.67504661e-005 2.35882047e-005 2.25815982e-005 2.21445207e-005 1.88954694e-005 1.49657015e-005 
1.00000000e+000 3.28125000e+001 0.00000000e+000 8.70279160e-005 7.67978691e-005 5.46878126e-005 4.97537466e-005 4.05660867e-005 3.79655142e-005 3.68809747e-005 2.97845855e-005 2.23722337e-005 
1.25000000e+000 2.18750000e+000 0.00000000e+000 6.25065719e-008 1.04614810e-006 1.90705820e-006 2.15437628e-006 2.67916269e-006 2.82255747e-006 2.87951227e-006 3.08357493e-006 3.03136539e-006 
1.25000000e+000 6.56250000e+000 0.00000000e+000 9.93759206e-008 1.27123933e-006 2.16396493e-006 2.41032476e-006 2.92372428e-006 3.06093343e-006 3.11487824e-006 3.29054258e-006 3.19553135e-006 
1.25000000e+000 1.09375000e+001 0.00000000e+000 2.17864709e-007 1.84201839e-006 2.78600974e-006 3.02748258e-006 3.51415381e-006 3.63763265e-006 3.68487023e-006 3.79525188e-006 3.59909686e-006 
1.25000000e+000 1.53125000e+001 0.00000000e+000 5.48785335e-007 3.04155855e-006 4.03923954e-006 4.26731636e-006 4.70024627e-006 4.79696709e-006 4.83113403e-006 4.81388077e-006 4.42244206e-006 
1.25000000e+000 1.96875000e+001 0.00000000e+000 1.54095479e-006 5.66634779e-006 6.59797326e-006 6.76285479e-006 7.02062282e-006 7.04649797e-006 7.04782427e-006 6.74875004e-006 5.97222197e-006 
1.25000000e+000 2.40625000e+001 0.00000000e+000 4.78287461e-006 1.16305524e-005 1.18038561e-005 1.17084078e-005 1.13795891e-005 1.12072606e-005 1.11214044e-005 1.01740933e-005 8.62482218e-006 
1.25000000e+000 2.84375000e+001 0.00000000e+000 1.68804785e-005 2.63620241e-005 2.29670327e-005 2.19505461e-005 1.97837644e-005 1.90626964e-005 1.87449033e-005 1.62601607e-005 1.31021781e-005 
1.25000000e+000 3.28125000e+001 0.00000000e+000 7.65164092e-005 6.94807359e-005 5.00104590e-005 4.56199134e-005 3.74037500e-005 3.50651224e-005 3.40879719e-005 2.76521015e-005 2.08748909e-005 
1.50000000e+000 2.18750000e+000 0.00000000e+000 1.43051096e-008 4.45767550e-007 1.00151900e-006 1.18882457e-006 1.63125183e-006 1.76739409e-006 1.82416500e-006 2.09024371e-006 2.19484378e-006 
1.50000000e+000 6.56250000e+000 0.00000000e+000 2.63268810e-008 5.77094068e-007 1.18274848e-006 1.37740386e-006 1.82681843e-006 1.96220549e-006 2.01821686e-006 2.26938595e-006 2.34338314e-006 
1.50000000e+000 1.09375000e+001 0.00000000e+000 7.05774444e-008 9.28656813e-007 1.63501807e-006 1.84321310e-006 2.30454253e-006 2.43749200e-006 2.49149634e-006 2.70626055e-006 2.70649075e-006 
1.50000000e+000 1.53125000e+001 0.00000000e+000 2.15939333e-007 1.71442772e-006 2.57027013e-006 2.79583604e-006 3.26734874e-006 3.39271302e-006 3.44172908e-006 3.58036449e-006 3.43623047e-006 
1.50000000e+000 1.96875000e+001 0.00000000e+000 7.33039155e-007 3.56037494e-006 4.55417017e-006 4.77470301e-006 5.18959968e-006 5.27917566e-006 5.31003567e-006 5.25864508e-006 4.81663013e-006 
1.50000000e+000 2.40625000e+001 0.00000000e+000 2.75133002e-006 8.15720661e-006 8.86162619e-006 8.93583851e-006 8.98080170e-006 8.93204210e-006 8.90022892e-006 8.34492246e-006 7.25524914e-006 
1.50000000e+000 2.84375000e+001 0.00000000e+000 1.18475565e-005 2.08238882e-005 1.89132431e-005 1.82604854e-005 1.68021602e-005 1.62882981e-005 1.60576233e-005 1.41425639e-005 1.15756915e-005 
1.50000000e+000 3.28125000e+001 0.00000000e+000 6.81858154e-005 6.35543141e-005 4.62144518e-005 4.22640138e-005 3.48328072e-005 3.27050230e-005 3.18141756e-005 2.59082159e-005 1.96396269e-005 
1.75000000e+000 2.18750000e+000 0.00000000e+000 3.30251752e-009 1.90580535e-007 5.26974167e-007 6.57090387e-007 9.94344687e-007 1.10780512e-006 1.15671644e-006 1.41788649e-006 1.58992532e-006 
1.75000000e+000 6.56250000e+000 0.00000000e+000 7.09710980e-009 2.64499059e-007 6.50540485e-007 7.91506193e-007 1.14611004e-006 1.26251143e-006 1.31227549e-006 1.56925903e-006 1.72169049e-006 
1.75000000e+000 1.09375000e+001 0.00000000e+000 2.32749102e-008 4.74804681e-007 9.70044299e-007 1.13342034e-006 1.52328840e-006 1.64525880e-006 1.69649701e-006 1.94043480e-006 2.04361244e-006 
1.75000000e+000 1.53125000e+001 0.00000000e+000 8.63963211e-008 9.80518773e-007 1.65641391e-006 1.85386698e-006 2.29466354e-006 2.42280744e-006 2.47504914e-006 2.68372033e-006 2.68619260e-006 
1.75000000e+000 1.96875000e+001 0.00000000e+000 3.54677349e-007 2.26943680e-006 3.18439513e-006 3.41317301e-006 3.87877715e-006 3.99714458e-006 4.04237597e-006 4.13429747e-006 3.91300705e-006 
1.75000000e+000 2.40625000e+001 0.00000000e+000 1.60956202e-006 5.79930668e-006 6.73460636e-006 6.90080735e-006 7.16424303e-006 7.19292588e-006 7.19570620e-006 6.90699000e-006 6.15021439e-006 
1.75000000e+000 2.84375000e+001 0.00000000e+000 8.43993760e-006 1.66405704e-005 1.57388244e-005 1.53460040e-005 1.44055840e-005 1.40465729e-005 1.38814580e-005 1.24039595e-005 1.03026608e-005 
1.75000000e+000 3.28125000e+001 0.00000000e+000 6.13945835e-005 5.85952343e-005 4.30247320e-005 3.94428970e-005 3.26704177e-005 3.07195496e-005 2.99010739e-005 2.44387858e-005 1.85945188e-005 
2.00000000e+000 2.18750000e+000 0.00000000e+000 7.68445432e-010 8.17470771e-008 2.77810589e-007 3.63781262e-007 6.06800559e-007 6.95075627e-007 7.34187126e-007 9.62471578e-007 1.15227872e-006 
2.00000000e+000 6.56250000e+000 0.00000000e+000 1.94072695e-009 1.22267730e-007 3.59911180e-007 4.57191624e-007 7.21842587e-007 8.15182880e-007 8.56144629e-007 1.08789903e-006 1.26723947e-006 
2.00000000e+000 1.09375000e+001 0.00000000e+000 7.77999936e-009 2.45524506e-007 5.80885642e-007 7.02982711e-007 1.01401066e-006 1.11782900e-006 1.16253351e-006 1.39843677e-006 1.54904325e-006 
2.00000000e+000 1.53125000e+001 0.00000000e+000 3.50112404e-008 5.67052450e-007 1.07835358e-006 1.24128444e-006 1.62547544e-006 1.74442106e-006 1.79420803e-006 2.02540459e-006 2.11139135e-006 
2.00000000e+000 1.96875000e+001 0.00000000e+000 1.73879212e-007 1.46251677e-006 2.24921377e-006 2.46391296e-006 2.92515805e-006 3.05275186e-006 3.10364814e-006 3.27494717e-006 3.19909960e-006 
2.00000000e+000 2.40625000e+001 0.00000000e+000 9.54136975e-007 4.16640694e-006 5.16695235e-006 5.37856369e-006 5.76407809e-006 5.84063282e-006 5.86540705e-006 5.75950506e-006 5.24735696e-006 
2.00000000e+000 2.84375000e+001 0.00000000e+000 6.08427395e-006 1.34176208e-005 1.32033707e-005 1.29983181e-005 1.24420492e-005 1.22008614e-005 1.20860261e-005 1.09516203e-005 9.22485708e-006 
2.00000000e+000 3.28125000e+001 0.00000000e+000 5.57470153e-005 5.43539824e-005 4.02796844e-005 3.70129047e-005 3.08059734e-005 2.90074191e-005 2.82512760e-005 2.31711014e-005 1.76914932e-005 
2.25000000e+000 2.18750000e+000 0.00000000e+000 1.80061675e-010 3.51759865e-008 1.46733342e-007 2.01724250e-007 3.70720392e-007 4.36554442e-007 4.66447523e-007 6.53786537e-007 8.35499031e-007 
2.25000000e+000 6.56250000e+000 0.00000000e+000 5.37022232e-010 5.69504544e-008 2.00196662e-007 2.65360280e-007 4.56303947e-007 5.28116063e-007 5.60358248e-007 7.56049538e-007 9.34400439e-007 
2.25000000e+000 1.09375000e+001 0.00000000e+000 2.62851612e-009 1.28136084e-007 3.50603748e-007 4.39258958e-007 6.79238045e-007 7.63956868e-007 8.01194715e-007 1.01255678e-006 1.17840722e-006 
2.25000000e+000 1.53125000e+001 0.00000000e+000 1.43344965e-008 3.30816347e-007 7.07790105e-007 8.37746639e-007 1.15980089e-006 1.26475319e-006 1.30957196e-006 1.53772739e-006 1.66776830e-006 
2.25000000e+000 1.96875000e+001 0.00000000e+000 8.61530564e-008 9.50718344e-007 1.60152744e-006 1.79270427e-006 2.22223904e-006 2.34818354e-006 2.39975423e-006 2.61082857e-006 2.62987692e-006 
2.25000000e+000 2.40625000e+001 0.00000000e+000 5.71729429e-007 3.01852508e-006 3.99444832e-006 4.22319724e-006 4.66967219e-006 4.77462343e-006 4.81299790e-006 4.83230308e-006 4.50165325e-006 
2.25000000e+000 2.84375000e+001 0.00000000e+000 4.42942001e-006 1.08977206e-005 1.11481687e-005 1.10790701e-005 1.08095663e-005 1.06589435e-005 1.05831070e-005 9.72147675e-006 8.30076956e-006 
2.25000000e+000 3.28125000e+001 0.00000000e+000 5.09790374e-005 5.06696632e-005 3.78766877e-005 3.48828641e-005 2.91687096e-005 2.75034778e-005 2.68019568e-005 2.20571520e-005 1.68976309e-005 
2.50000000e+000 2.18750000e+000 0.00000000e+000 4.24543184e-011 1.51826240e-008 7.76455888e-008 1.12039359e-007 2.26744091e-007 2.74461061e-007 2.96628972e-007 4.44411378e-007 6.06096554e-007 
2.50000000e+000 6.56250000e+000 0.00000000e+000 1.50088340e-010 2.67060602e-008 1.11909604e-007 1.54708117e-007 2.89448101e-007 3.43227814e-007 3.67883974e-007 5.26669302e-007 6.90169662e-007 
2.50000000e+000 1.09375000e+001 0.00000000e+000 8.95868665e-010 6.73797881e-008 2.13038866e-007 2.76230748e-007 4.57517704e-007 5.24855884e-007 5.54998624e-007 7.36300075e-007 8.99475677e-007 
2.50000000e+000 1.53125000e+001 0.00000000e+000 5.91933837e-009 1.94364200e-007 4.67681033e-007 5.69108807e-007 8.32598369e-007 9.22422158e-007 9.61431521e-007 1.17357785e-006 1.32317098e-006 
2.50000000e+000 1.96875000e+001 0.00000000e+000 4.30657681e-008 6.22409554e-007 1.14786987e-006 1.31276461e-006 1.69852452e-006 1.81699240e-006 1.86644144e-006 2.09270574e-006 2.17231559e-006 
2.50000000e+000 2.40625000e+001 0.00000000e+000 3.45693532e-007 2.20210336e-006 3.10735028e-006 3.33620287e-006 3.80464565e-006 3.92496754e-006 3.97125128e-006 4.07529692e-006 3.87999613e-006 
2.50000000e+000 2.84375000e+001 0.00000000e+000 3.25170644e-006 8.90475819e-006 9.46315673e-006 9.49206159e-006 9.43671147e-006 9.35602885e-006 9.31062179e-006 8.66784101e-006 7.50012042e-006 
2.50000000e+000 3.28125000e+001 0.00000000e+000 4.69047099e-005 4.74313991e-005 3.57463047e-005 3.29912961e-005 2.77109812e-005 2.61637796e-005 2.55106919e-005 2.10640952e-005 1.61898274e-005 
0.00000000e+000 2.18750000e+000 1.00000000e+001 1.22589280e-004 8.32859708e-005 5.23381755e-005 4.59919287e-005 3.47533509e-005 3.17751081e-005 3.05633826e-005 2.32472731e-005 1.63962372e-005 
0.00000000e+000 6.56250000e+000 1.00000000e+001 1.23797915e-004 8.40882935e-005 5.28452007e-005 4.64435169e-005 3.51238458e-005 3.21266469e-005 3.09070911e-005 2.35341457e-005 1.66099294e-005 
0.00000000e+000 1.09375000e+001 1.00000000e+001 1.26200308e-004 8.57023422e-005 5.39517560e-005 4.74665727e-005 3.60180605e-005 3.29837977e-005 3.17477442e-005 2.42410456e-005 1.71352073e-005 
0.00000000e+000 1.53125000e+001 1.00000000e+001 1.32444858e-004 8.98356987e-005 5.67984109e-005 5.00698384e-005 3.81799184e-005 3.50153642e-005 3.37235000e-005 2.58290541e-005 1.82865702e-005 
0.00000000e+000 1.96875000e+001 1.00000000e+001 1.45999960e-004 9.87681139e-005 6.26377359e-005 5.52853641e-005 4.22718357e-005 3.87974228e-005 3.73772715e-005 2.86711690e-005 2.03195468e-005 
0.00000000e+000 2.40625000e+001 1.00000000e+001 1.65561071e-004 1.11734246e-004 7.09431313e-005 6.26421307e-005 4.79340627e-005 4.40019185e-005 4.23940109e-005 3.25303479e-005 2.30676037e-005 
0.00000000e+000 2.84375000e+001 1.00000000e+001 1.88790869e-004 1.27120491e-004 8.07205963e-005 7.12760717e-005 5.45319787e-005 5.00535972e-005 4.82222767e-005 3.69925577e-005 2.62342208e-005 
0.00000000e+000 3.28125000e+001 1.00000000e+001 2.10977753e-004 1.41789376e-004 9.00018856e-005 7.94639150e-005 6.07821737e-005 5.57860739e-005 5.37431657e-005 4.12195508e-005 2.92299517e-005 
2.50000000e-001 2.18750000e+000 1.00000000e+001 2.62284496e-005 3.45655387e-005 2.70333947e-005 2.50108875e-005 2.09281676e-005 1.96968581e-005 1.91747599e-005 1.56384884e-005 1.18024109e-005 
2.50000000e-001 6.56250000e+000 1.00000000e+001 2.75520487e-005 3.55472319e-005 2.76476008e-005 2.55513039e-005 2.13488862e-005 2.00881835e-005 1.95542000e-005 1.59419767e-005 1.20235023e-005 
2.50000000e-001 1.09375000e+001 1.00000000e+001 3.04817077e-005 3.76651355e-005 2.90038876e-005 2.67645213e-005 2.23285487e-005 2.10070365e-005 2.04478111e-005 1.66651592e-005 1.25525534e-005 
2.50000000e-001 1.53125000e+001 1.00000000e+001 3.59388095e-005 4.17906312e-005 3.17796581e-005 2.92743494e-005 2.43682870e-005 2.29153989e-005 2.23010286e-005 1.81496027e-005 1.36352851e-005 
2.50000000e-001 1.96875000e+001 1.00000000e+001 4.57924873e-005 4.94440852e-005 3.69267760e-005 3.38965218e-005 2.80369539e-005 2.63193723e-005 2.55951534e-005 2.07409081e-005 1.55132009e-005 
2.50000000e-001 2.40625000e+001 1.00000000e+001 6.17612805e-005 6.12523776e-005 4.46552156e-005 4.07733316e-005 3.33792161e-005 3.12435752e-005 3.03473595e-005 2.44225617e-005 1.81524519e-005 
2.50000000e-001 2.84375000e+001 1.00000000e+001 8.68712476e-005 7.80050810e-005 5.51631131e-005 5.00167553e-005 4.03861899e-005 3.76549817e-005 3.65157532e-005 2.91149130e-005 2.14567378e-005 
2.50000000e-001 3.28125000e+001 1.00000000e+001 1.27991279e-004 1.01237848e-004 6.87423901e-005 6.17462745e-005 4.89479243e-005 4.54020227e-005 4.39342005e-005 3.46001372e-005 2.52024546e-005 
5.00000000e-001 2.18750000e+000 1.00000000e+001 5.67207236e-006 1.43954132e-005 1.39905047e-005 1.36238429e-005 1.26173041e-005 1.22222758e-005 1.20415262e-005 1.05274542e-005 8.49977640e-006 
5.00000000e-001 6.56250000e+000 1.00000000e+001 6.39738220e-006 1.52433879e-005 1.45829167e-005 1.41550829e-005 1.30389619e-005 1.26147816e-005 1.24220668e-005 1.08310226e-005 8.72124139e-006 
5.00000000e-001 1.09375000e+001 1.00000000e+001 8.11464654e-006 1.71404496e-005 1.59098762e-005 1.53538038e-005 1.40098534e-005 1.35235649e-005 1.33050175e-005 1.15422381e-005 9.24276790e-006 
5.00000000e-001 1.53125000e+001 1.00000000e+001 1.13812074e-005 2.06359238e-005 1.84196554e-005 1.76418914e-005 1.58884550e-005 1.52851955e-005 1.50174217e-005 1.29235534e-005 1.02611685e-005 
5.00000000e-001 1.96875000e+001 1.00000000e+001 1.75585207e-005 2.69094790e-005 2.29008441e-005 2.17118947e-005 1.91850334e-005 1.83607792e-005 1.80005285e-005 1.53016393e-005 1.20076913e-005 
5.00000000e-001 2.40625000e+001 1.00000000e+001 2.90779626e-005 3.72538831e-005 2.99891842e-005 2.80765265e-005 2.42106879e-005 2.30130688e-005 2.24981327e-005 1.88194884e-005 1.45499219e-005 
5.00000000e-001 2.84375000e+001 1.00000000e+001 5.13293182e-005 5.39772225e-005 4.07279301e-005 3.75592180e-005 3.14387429e-005 2.96335176e-005 2.88698346e-005 2.36708310e-005 1.79608778e-005 
5.00000000e-001 3.28125000e+001 1.00000000e+001 9.99399610e-005 8.25754863e-005 5.74005914e-005 5.19193472e-005 4.18248390e-005 3.89974435e-005 3.78218035e-005 3.02136499e-005 2.23606465e-005 
7.50000000e-001 2.18750000e+000 1.00000000e+001 1.23976573e-006 6.01605476e-006 7.25464273e-006 7.43348539e-006 7.61557032e-006 7.59192878e-006 7.56930410e-006 7.09181882e-006 6.12427142e-006 
7.50000000e-001 6.56250000e+000 1.00000000e+001 1.54225156e-006 6.62612390e-006 7.75270305e-006 7.89473084e-006 8.00127874e-006 7.95508578e-006 7.92291351e-006 7.38006576e-006 6.33868201e-006 
7.50000000e-001 1.09375000e+001 1.00000000e+001 2.32221671e-006 8.04179329e-006 8.88987231e-006 8.94931363e-006 8.89057724e-006 8.79477957e-006 8.74146912e-006 8.05110908e-006 6.83950692e-006 
7.50000000e-001 1.53125000e+001 1.00000000e+001 3.95959122e-006 1.06789062e-005 1.10006187e-005 1.09132782e-005 1.05585055e-005 1.03719060e-005 1.02796481e-005 9.31529999e-006 7.78894567e-006 
7.50000000e-001 1.96875000e+001 1.00000000e+001 7.45809184e-006 1.55282299e-005 1.47749174e-005 1.44021001e-005 1.34755684e-005 1.31162681e-005 1.29505474e-005 1.14852325e-005 9.41034519e-006 
7.50000000e-001 2.40625000e+001 1.00000000e+001 1.51495028e-005 2.41723399e-005 2.10897682e-005 2.01495403e-005 1.81279512e-005 1.74512625e-005 1.71524886e-005 1.48194577e-005 1.18490023e-005 
7.50000000e-001 2.84375000e+001 1.00000000e+001 3.32560093e-005 3.98820338e-005 3.15944326e-005 2.95035421e-005 2.53642676e-005 2.41037330e-005 2.35642797e-005 1.97368490e-005 1.53219219e-005 
7.50000000e-001 3.28125000e+001 1.00000000e+001 8.39375871e-005 7.15588367e-005 5.03517191e-005 4.57017846e-005 3.71180930e-005 3.47039581e-005 3.36983867e-005 2.71339604e-005 2.02740571e-005 
1.00000000e+000 2.18750000e+000 1.00000000e+001 2.73845369e-007 2.52291927e-006 3.76918602e-006 4.06262746e-006 4.60191332e-006 4.72059568e-006 4.76269679e-006 4.78076546e-006 4.41480405e-006 
1.00000000e+000 6.56250000e+000 1.00000000e+001 3.83809954e-007 2.91710855e-006 4.15278853e-006 4.43179053e-006 4.93249736e-006 5.03719937e-006 5.07306300e-006 5.04301082e-006 4.61615111e-006 
1.00000000e+000 1.09375000e+001 1.00000000e+001 6.98913754e-007 3.87136147e-006 5.05002221e-006 5.29208250e-006 5.70151122e-006 5.77390759e-006 5.79537265e-006 5.65388766e-006 5.08527529e-006 
1.00000000e+000 1.53125000e+001 1.00000000e+001 1.45531575e-006 5.72373224e-006 6.73313654e-006 6.90035539e-006 7.13384623e-006 7.14500343e-006 7.13925597e-006 6.78917232e-006 5.95984668e-006 
1.00000000e+000 1.96875000e+001 1.00000000e+001 3.34255065e-006 9.32058387e-006 9.81988552e-006 9.81493526e-006 9.66903579e-006 9.55545676e-006 9.49530098e-006 8.74973521e-006 7.45663106e-006 
1.00000000e+000 2.40625000e+001 1.00000000e+001 8.29750236e-006 1.63190284e-005 1.53115773e-005 1.48934270e-005 1.39054241e-005 1.35349958e-005 1.33654548e-005 1.18772746e-005 9.78035078e-006 
1.00000000e+000 2.84375000e+001 1.00000000e+001 2.24977628e-005 3.05666391e-005 2.52870834e-005 2.38680296e-005 2.09836895e-005 2.00757354e-005 1.96826659e-005 1.67766024e-005 1.32708531e-005 
1.00000000e+000 3.28125000e+001 1.00000000e+001 7.27262936e-005 6.38758386e-005 4.54003365e-005 4.13115399e-005 3.37375895e-005 3.15990731e-005 3.07070913e-005 2.48497224e-005 1.86811841e-005 
1.25000000e+000 2.18750000e+000 1.00000000e+001 6.11062421e-008 1.06168008e-006 1.96212601e-006 2.22403893e-006 2.78403201e-006 2.93823034e-006 2.99966130e-006 3.22509589e-006 3.18403936e-006 
1.25000000e+000 6.56250000e+000 1.00000000e+001 9.80485119e-008 1.29932140e-006 2.24045204e-006 2.50328619e-006 3.05420228e-006 3.20226641e-006 3.26061453e-006 3.45565034e-006 3.36826679e-006 
1.25000000e+000 1.09375000e+001 1.00000000e+001 2.17762400e-007 1.90358220e-006 2.91058586e-006 3.16984940e-006 3.69169463e-006 3.82388114e-006 3.87445046e-006 3.99566825e-006 3.79818669e-006 
1.25000000e+000 1.53125000e+001 1.00000000e+001 5.53173753e-007 3.14787415e-006 4.20311561e-006 4.44202443e-006 4.88886525e-006 4.98684121e-006 5.02116697e-006 4.99731872e-006 4.59388510e-006 
1.25000000e+000 1.96875000e+001 1.00000000e+001 1.54646829e-006 5.74516785e-006 6.67199477e-006 6.82763721e-006 7.05720653e-006 7.07336559e-006 7.07062204e-006 6.75040412e-006 5.96610215e-006 
1.25000000e+000 2.40625000e+001 1.00000000e+001 4.68124398e-006 1.12993854e-005 1.13651036e-005 1.12419530e-005 1.08622254e-005 1.06801135e-005 1.05912389e-005 9.65524901e-006 8.16463941e-006 
1.25000000e+000 2.84375000e+001 1.00000000e+001 1.56151701e-005 2.39534360e-005 2.06545179e-005 1.96914355e-005 1.76694639e-005 1.70073637e-005 1.67169230e-005 1.44698890e-005 1.16341949e-005 
1.25000000e+000 3.28125000e+001 1.00000000e+001 6.41695584e-005 5.79732987e-005 4.16097082e-005 3.79502763e-005 3.11402033e-005 2.92079899e-005 2.84007832e-005 2.30709222e-005 1.74203694e-005 
1.50000000e+000 2.18750000e+000 1.00000000e+001 1.37663382e-008 4.48303024e-007 1.02341597e-006 1.21954421e-006 1.68620120e-006 1.83070732e-006 1.89109582e-006 2.17717364e-006 2.29749901e-006 
1.50000000e+000 6.56250000e+000 1.00000000e+001 2.55863681e-008 5.84899471e-007 1.21689724e-006 1.42229261e-006 1.89922378e-006 2.04356164e-006 2.10337000e-006 2.37436533e-006 2.46241645e-006 
1.50000000e+000 1.09375000e+001 1.00000000e+001 6.95157139e-008 9.52212287e-007 1.69866255e-006 1.92020520e-006 2.41124271e-006 2.55268476e-006 2.61014228e-006 2.84052099e-006 2.84910933e-006 
1.50000000e+000 1.53125000e+001 1.00000000e+001 2.15017789e-007 1.76426482e-006 2.66507309e-006 2.90136095e-006 3.39080157e-006 3.51972833e-006 3.56999638e-006 3.71078752e-006 3.56473442e-006 
1.50000000e+000 1.96875000e+001 1.00000000e+001 7.30867885e-007 3.60729591e-006 4.60805343e-006 4.82421564e-006 5.22132157e-006 5.30390706e-006 5.33173759e-006 5.26350104e-006 4.81401952e-006 
1.50000000e+000 2.40625000e+001 1.00000000e+001 2.69465517e-006 7.95910699e-006 8.56947700e-006 8.61561207e-006 8.60245629e-006 8.53948985e-006 8.50245837e-006 7.93864404e-006 6.88039473e-006 
1.50000000e+000 2.84375000e+001 1.00000000e+001 1.10309419e-005 1.90507649e-005 1.71065809e-005 1.64678379e-005 1.50689983e-005 1.45872820e-005 1.43725131e-005 1.26195997e-005 1.02978367e-005 
1.50000000e+000 3.28125000e+001 1.00000000e+001 5.73416497e-005 5.31795382e-005 3.85380438e-005 3.52292786e-005 2.90402192e-005 2.72745009e-005 2.65355117e-005 2.16280142e-005 1.63897102e-005 
1.75000000e+000 2.18750000e+000 1.00000000e+001 3.12869126e-009 1.89940121e-007 5.34835311e-007 6.69839113e-007 1.02245296e-006 1.14181464e-006 1.19337382e-006 1.47078293e-006 1.65860157e-006 
1.75000000e+000 6.56250000e+000 1.00000000e+001 6.79361606e-009 2.65814005e-007 6.65115723e-007 8.12573444e-007 1.18582119e-006 1.30891738e-006 1.36162272e-006 1.63571480e-006 1.80354304e-006 
1.75000000e+000 1.09375000e+001 1.00000000e+001 2.25869845e-008 4.82952072e-007 1.00205901e-006 1.17467206e-006 1.58725549e-006 1.71640440e-006 1.77067286e-006 2.03041469e-006 2.14589105e-006 
1.75000000e+000 1.53125000e+001 1.00000000e+001 8.49362011e-008 1.00283221e-006 1.71087069e-006 1.91739408e-006 2.37557412e-006 2.50795886e-006 2.56184002e-006 2.77678703e-006 2.78289896e-006 
1.75000000e+000 1.96875000e+001 1.00000000e+001 3.50825455e-007 2.29547901e-006 3.22214609e-006 3.44963627e-006 3.90501801e-006 4.01860459e-006 4.06168206e-006 4.14075656e-006 3.91294229e-006 
1.75000000e+000 2.40625000e+001 1.00000000e+001 1.57439067e-006 5.67609926e-006 6.53665605e-006 6.67779023e-006 6.88487933e-006 6.89809939e-006 6.89484672e-006 6.58705304e-006 5.84380517e-006 
1.75000000e+000 2.84375000e+001 1.00000000e+001 7.89649928e-006 1.53138743e-005 1.43106213e-005 1.39081410e-005 1.29725444e-005 1.26274699e-005 1.24703505e-005 1.11003029e-005 9.18508141e-006 
1.75000000e+000 3.28125000e+001 1.00000000e+001 5.17413662e-005 4.91524600e-005 3.59544655e-005 3.29420018e-005 2.72782157e-005 2.56530360e-005 2.49715447e-005 2.04185182e-005 1.55235814e-005 
2.00000000e+000 2.18750000e+000 1.00000000e+001 7.16707505e-010 8.07414064e-008 2.80042931e-007 3.68517177e-007 6.20690354e-007 7.12877984e-007 7.53807624e-007 9.94280548e-007 1.19794961e-006 
2.00000000e+000 6.56250000e+000 1.00000000e+001 1.82966587e-009 1.21831869e-007 3.65649303e-007 4.66632229e-007 7.43258093e-007 8.41315694e-007 8.84416194e-007 1.12972218e-006 1.32337038e-006 
2.00000000e+000 1.09375000e+001 1.00000000e+001 7.43828340e-009 2.47699834e-007 5.96553094e-007 7.24717159e-007 1.05214270e-006 1.16159792e-006 1.20875325e-006 1.45868895e-006 1.62242618e-006 
2.00000000e+000 1.53125000e+001 1.00000000e+001 3.39709442e-008 5.76189980e-007 1.10917377e-006 1.27918179e-006 1.67838879e-006 1.80145481e-006 1.85290770e-006 2.09192128e-006 2.18437008e-006 
2.00000000e+000 1.96875000e+001 1.00000000e+001 1.70451710e-007 1.47558764e-006 2.27462436e-006 2.48978677e-006 2.94596433e-006 3.07046832e-006 3.11990523e-006 3.28181362e-006 3.20068830e-006 
2.00000000e+000 2.40625000e+001 1.00000000e+001 9.30687643e-007 4.08627974e-006 5.03019418e-006 5.22077738e-006 5.55564991e-006 5.61716767e-006 5.63586586e-006 5.50601562e-006 4.99592406e-006 
2.00000000e+000 2.84375000e+001 1.00000000e+001 5.71267063e-006 1.24107728e-005 1.20626801e-005 1.18341354e-005 1.12480712e-005 1.10084720e-005 1.08961598e-005 9.82936394e-006 8.24318275e-006 
2.00000000e+000 3.28125000e+001 1.00000000e+001 4.70594856e-005 4.56936967e-005 3.37261806e-005 3.09690200e-005 2.57597004e-005 2.42563332e-005 2.36246735e-005 1.93782468e-005 1.47787341e-005 
2.25000000e+000 2.18750000e+000 1.00000000e+001 1.65341678e-010 3.44322969e-008 1.46911745e-007 2.03073655e-007 3.77226890e-007 4.45529557e-007 4.76611599e-007 6.72626256e-007 8.65654641e-007 
2.25000000e+000 6.56250000e+000 1.00000000e+001 4.98629974e-010 5.62627747e-008 2.02096343e-007 2.69257736e-007 4.67570856e-007 5.42566924e-007 5.76297247e-007 7.82166835e-007 9.72757989e-007 
2.25000000e+000 1.09375000e+001 1.00000000e+001 2.47582148e-009 1.28201638e-007 3.57915638e-007 4.50395954e-007 7.01751104e-007 7.90696192e-007 8.29820435e-007 1.05281021e-006 1.23104545e-006 
2.25000000e+000 1.53125000e+001 1.00000000e+001 1.37240998e-008 3.33867564e-007 7.24803692e-007 8.59998159e-007 1.19420579e-006 1.30280202e-006 1.34914034e-006 1.58525173e-006 1.72292810e-006 
2.25000000e+000 1.96875000e+001 1.00000000e+001 8.36350787e-008 9.56139050e-007 1.61786464e-006 1.81034856e-006 2.23809370e-006 2.36217714e-006 2.41281191e-006 2.61731412e-006 2.63239110e-006 
2.25000000e+000 2.40625000e+001 1.00000000e+001 5.55464975e-007 2.96385190e-006 3.89792231e-006 4.10963487e-006 4.51245377e-006 4.60360865e-006 4.63626644e-006 4.63016521e-006 4.29447378e-006 
2.25000000e+000 2.84375000e+001 1.00000000e+001 4.16906825e-006 1.01238621e-005 1.02287808e-005 1.01285996e-005 9.80797407e-006 9.65063874e-006 9.57355761e-006 8.75041273e-006 7.43499410e-006 
2.25000000e+000 3.28125000e+001 1.00000000e+001 4.30888625e-005 4.26765515e-005 3.17702063e-005 2.92358206e-005 2.44252860e-005 2.30292382e-005 2.24415182e-005 1.84654929e-005 1.41259639e-005 
2.50000000e+000 2.18750000e+000 1.00000000e+001 3.83828069e-011 1.47289177e-008 7.72151723e-008 1.12085591e-007 2.29521614e-007 2.78726158e-007 3.01638790e-007 4.55347195e-007 6.25835564e-007 
2.50000000e+000 6.56250000e+000 1.00000000e+001 1.37250153e-010 2.61572373e-008 1.12250398e-007 1.56059208e-007 2.95156074e-007 3.51009791e-007 3.76665753e-007 5.42811325e-007 7.16265762e-007 
2.50000000e+000 1.09375000e+001 1.00000000e+001 8.31333112e-010 6.68508434e-008 2.16165507e-007 2.81679023e-007 4.70611757e-007 5.41014402e-007 5.72559596e-007 7.63085877e-007 9.37195228e-007 
2.50000000e+000 1.53125000e+001 1.00000000e+001 5.59125987e-009 1.94782180e-007 4.76700849e-007 5.81850432e-007 8.54751174e-007 9.47621378e-007 9.87933997e-007 1.20745491e-006 1.36488036e-006 
2.50000000e+000 1.96875000e+001 1.00000000e+001 4.13777655e-008 6.23586199e-007 1.15776449e-006 1.32424169e-006 1.71012743e-006 1.82758348e-006 1.87647303e-006 2.09835546e-006 2.17520876e-006 
2.50000000e+000 2.40625000e+001 1.00000000e+001 3.34210738e-007 2.16298285e-006 3.03763034e-006 3.25295792e-006 3.68468843e-006 3.79277618e-006 3.83388761e-006 3.91303239e-006 3.70853603e-006 
2.50000000e+000 2.84375000e+001 1.00000000e+001 3.06529297e-006 8.30307196e-006 8.71605023e-006 8.71025697e-006 8.59135456e-006 8.49848485e-006 8.44927120e-006 7.82367782e-006 6.73372007e-006 
2.50000000e+000 3.28125000e+001 1.00000000e+001 3.96828314e-005 4.00141527e-005 3.00310264e-005 2.76927955e-005 2.32355749e-005 2.19351058e-005 2.13865728e-005 1.76521460e-005 1.35450489e-005 
0.00000000e+000 2.18750000e+000 2.00000000e+001 1.35579411e-004 9.18361785e-005 5.77167653e-005 5.07245028e-005 3.83285072e-005 3.50367002e-005 3.36964941e-005 2.56047946e-005 1.80519630e-005 
0.00000000e+000 6.56250000e+000 2.00000000e+001 1.36901638e-004 9.27060861e-005 5.82658702e-005 5.12097256e-005 3.87066273e-005 3.53875534e-005 3.40362440e-005 2.58739791e-005 1.82470069e-005 
0.00000000e+000 1.09375000e+001 2.00000000e+001 1.40074569e-004 9.48010610e-005 5.95952449e-005 5.23890550e-005 3.96327523e-005 3.62478273e-005 3.48695126e-005 2.65341296e-005 1.87250311e-005 
0.00000000e+000 1.53125000e+001 2.00000000e+001 1.45100873e-004 9.81191600e-005 6.17277340e-005 5.42906447e-005 4.11364623e-005 3.76449986e-005 3.62226573e-005 2.76032900e-005 1.94967224e-005 
0.00000000e+000 1.96875000e+001 2.00000000e+001 1.52792317e-004 1.03171305e-004 6.49810626e-005 5.71884169e-005 4.34090267e-005 3.97483508e-005 3.82561537e-005 2.91931073e-005 2.06363278e-005 
0.00000000e+000 2.40625000e+001 2.00000000e+001 1.63795548e-004 1.10357722e-004 6.95593106e-005 6.12454354e-005 4.65452757e-005 4.26368887e-005 4.10429556e-005 3.13467456e-005 2.21690297e-005 
0.00000000e+000 2.84375000e+001 2.00000000e+001 1.78402331e-004 1.19878766e-004 7.55572242e-005 6.65338032e-005 5.05801624e-005 4.63373419e-005 4.46067323e-005 3.40741904e-005 2.40986571e-005 
0.00000000e+000 3.28125000e+001 2.00000000e+001 1.96898521e-004 1.31988256e-004 8.31341681e-005 7.31907990e-005 5.56097722e-005 5.09349161e-005 4.90283490e-005 3.74326158e-005 2.64647627e-005 
2.50000000e-001 2.18750000e+000 2.00000000e+001 2.76411807e-005 3.70796482e-005 2.92016938e-005 2.70638348e-005 2.27178060e-005 2.13961943e-005 2.08343482e-005 1.70121182e-005 1.28613062e-005 
2.50000000e-001 6.56250000e+000 2.00000000e+001 2.90878060e-005 3.81642115e-005 2.98813700e-005 2.76597429e-005 2.31686255e-005 2.18095328e-005 2.12325071e-005 1.73179762e-005 1.30777295e-005 
2.50000000e-001 1.09375000e+001 2.00000000e+001 3.24096649e-005 4.06462047e-005 3.14464230e-005 2.90367415e-005 2.42198119e-005 2.27758099e-005 2.21642583e-005 1.80377048e-005 1.35896471e-005 
2.50000000e-001 1.53125000e+001 2.00000000e+001 3.79827271e-005 4.46899143e-005 3.39900738e-005 3.12769435e-005 2.59325937e-005 2.43499240e-005 2.36818268e-005 1.92072724e-005 1.44190999e-005 
2.50000000e-001 1.96875000e+001 2.00000000e+001 4.68772194e-005 5.09170998e-005 3.78817313e-005 3.46983585e-005 2.85324114e-005 2.67329317e-005 2.59764482e-005 2.09619879e-005 1.56556421e-005 
2.50000000e-001 2.40625000e+001 2.00000000e+001 6.08377323e-005 6.01794989e-005 4.35612748e-005 3.96630366e-005 3.22516003e-005 3.01256916e-005 2.92366293e-005 2.34243401e-005 1.73726206e-005 
2.50000000e-001 2.84375000e+001 2.00000000e+001 8.32590259e-005 7.39269945e-005 5.17353440e-005 4.67454662e-005 3.74508027e-005 3.48381626e-005 3.37525613e-005 2.67799289e-005 1.96779110e-005 
2.50000000e-001 3.28125000e+001 2.00000000e+001 1.23183392e-004 9.57646364e-005 6.41497318e-005 5.73708949e-005 4.50409265e-005 4.16592314e-005 4.02654104e-005 3.15144759e-005 2.28621839e-005 
5.00000000e-001 2.18750000e+000 2.00000000e+001 5.69729809e-006 1.50244568e-005 1.48041439e-005 1.44643755e-005 1.34810223e-005 1.30799170e-005 1.28945929e-005 1.13111867e-005 9.16770573e-006 
5.00000000e-001 6.56250000e+000 2.00000000e+001 6.44890091e-006 1.59381877e-005 1.54503733e-005 1.50442295e-005 1.39354415e-005 1.34994464e-005 1.32997174e-005 1.16257804e-005 9.39209804e-006 
5.00000000e-001 1.09375000e+001 2.00000000e+001 8.26157151e-006 1.80442533e-005 1.69314541e-005 1.63737901e-005 1.49809173e-005 1.44659714e-005 1.42336167e-005 1.23537854e-005 9.91372731e-006 
5.00000000e-001 1.53125000e+001 2.00000000e+001 1.15989836e-005 2.16118296e-005 1.93949442e-005 1.85788932e-005 1.67061881e-005 1.60584462e-005 1.57712632e-005 1.35470035e-005 1.07647201e-005 
5.00000000e-001 1.96875000e+001 2.00000000e+001 1.75951871e-005 2.73686171e-005 2.32681476e-005 2.20267318e-005 1.93724858e-005 1.85104551e-005 1.81350971e-005 1.53637778e-005 1.20493846e-005 
5.00000000e-001 2.40625000e+001 2.00000000e+001 2.85456865e-005 3.65464514e-005 2.92013397e-005 2.72576873e-005 2.33359852e-005 2.21327886e-005 2.16179644e-005 1.79987949e-005 1.38855452e-005 
5.00000000e-001 2.84375000e+001 2.00000000e+001 4.98049601e-005 5.16276591e-005 3.84343819e-005 3.52884700e-005 2.92494726e-005 2.74908358e-005 2.67509649e-005 2.17985953e-005 1.64778426e-005 
5.00000000e-001 3.28125000e+001 2.00000000e+001 9.81776142e-005 7.94095477e-005 5.42437958e-005 4.87900296e-005 3.88154447e-005 3.60579717e-005 3.49179014e-005 2.76673604e-005 2.03630142e-005 
7.50000000e-001 2.18750000e+000 2.00000000e+001 1.18717579e-006 6.10944838e-006 7.52016251e-006 7.74369904e-006 8.00923436e-006 8.00439250e-006 7.98854509e-006 7.52610952e-006 6.53809380e-006 
7.50000000e-001 6.56250000e+000 2.00000000e+001 1.48453139e-006 6.74751729e-006 8.05216496e-006 8.23814011e-006 8.42168615e-006 8.39112603e-006 8.36429139e-006 7.82739613e-006 6.75882545e-006 
7.50000000e-001 1.09375000e+001 2.00000000e+001 2.26270275e-006 8.25764489e-006 9.28589863e-006 9.38132544e-006 9.37214005e-006 9.28198296e-006 9.22976323e-006 8.52156059e-006 7.26828074e-006 
7.50000000e-001 1.53125000e+001 2.00000000e+001 3.88513238e-006 1.09508985e-005 1.14042207e-005 1.13298972e-005 1.09713254e-005 1.07756370e-005 1.06787484e-005 9.67401735e-006 8.10749297e-006 
7.50000000e-001 1.96875000e+001 2.00000000e+001 7.28522920e-006 1.55944104e-005 1.48752174e-005 1.44885593e-005 1.35106118e-005 1.31335290e-005 1.29605709e-005 1.14635264e-005 9.39423436e-006 
7.50000000e-001 2.40625000e+001 2.00000000e+001 1.47067131e-005 2.36570700e-005 2.05116647e-005 1.95401646e-005 1.74505040e-005 1.67602362e-005 1.64575392e-005 1.41484079e-005 1.12865954e-005 
7.50000000e-001 2.84375000e+001 2.00000000e+001 3.23296227e-005 3.84059026e-005 3.00016925e-005 2.78801933e-005 2.37022435e-005 2.24490077e-005 2.19163824e-005 1.82219863e-005 1.40790353e-005 
7.50000000e-001 3.28125000e+001 2.00000000e+001 8.32719274e-005 6.96234790e-005 4.80928006e-005 4.33824790e-005 3.47388261e-005 3.23407572e-005 3.13481070e-005 2.49985324e-005 1.85502967e-005 
1.00000000e+000 2.18750000e+000 2.00000000e+001 2.50053556e-007 2.49312002e-006 3.82771165e-006 4.15274441e-006 4.76398809e-006 4.90350356e-006 4.95404453e-006 5.01124193e-006 4.66505174e-006 
1.00000000e+000 6.56250000e+000 2.00000000e+001 3.52786561e-007 2.89319138e-006 4.22838401e-006 4.54061498e-006 5.11300520e-006 5.23734331e-006 5.28101474e-006 5.28515154e-006 4.87354336e-006 
1.00000000e+000 1.09375000e+001 2.00000000e+001 6.51488075e-007 3.87698689e-006 5.17727533e-006 5.45292294e-006 5.92522341e-006 6.01243311e-006 6.03948942e-006 5.91799649e-006 5.35431373e-006 
1.00000000e+000 1.53125000e+001 2.00000000e+001 1.37282487e-006 5.74483579e-006 6.87171624e-006 7.06195491e-006 7.32613356e-006 7.34144490e-006 7.33689255e-006 6.98605376e-006 6.15598359e-006 
1.00000000e+000 1.96875000e+001 2.00000000e+001 3.17046407e-006 9.23178373e-006 9.79403051e-006 9.79040794e-006 9.62732339e-006 9.50564013e-006 9.44209069e-006 8.68445854e-006 7.40791273e-006 
1.00000000e+000 2.40625000e+001 2.00000000e+001 7.91635763e-006 1.58951898e-005 1.48629147e-005 1.44208794e-005 1.33707079e-005 1.29846070e-005 1.28096346e-005 1.13255358e-005 9.30381530e-006 
1.00000000e+000 2.84375000e+001 2.00000000e+001 2.17623853e-005 2.95306556e-005 2.41235687e-005 2.26596726e-005 1.96905530e-005 1.87706791e-005 1.83755868e-005 1.55349658e-005 1.22210147e-005 
1.00000000e+000 3.28125000e+001 2.00000000e+001 7.24907216e-005 6.26247522e-005 4.37149553e-005 3.95278201e-005 3.18048595e-005 2.96523694e-005 2.87602183e-005 2.30280981e-005 1.71762274e-005 
1.25000000e+000 2.18750000e+000 2.00000000e+001 5.32188097e-008 1.02098037e-006 1.95217319e-006 2.23079307e-006 2.83701442e-006 3.00703942e-006 3.07527584e-006 3.33912412e-006 3.33024781e-006 
1.25000000e+000 6.56250000e+000 2.00000000e+001 8.60627019e-008 1.25513402e-006 2.23641818e-006 2.51823828e-006 3.11805233e-006 3.28195157e-006 3.34699945e-006 3.57860011e-006 3.52101647e-006 
1.25000000e+000 1.09375000e+001 2.00000000e+001 1.94145277e-007 1.85897087e-006 2.92847318e-006 3.21033766e-006 3.78218151e-006 3.92870094e-006 3.98513091e-006 4.13606762e-006 3.96237879e-006 
1.25000000e+000 1.53125000e+001 2.00000000e+001 5.01186734e-007 3.09091292e-006 4.22210406e-006 4.48080685e-006 4.96187267e-006 5.06762001e-006 5.10493720e-006 5.09550235e-006 4.70904468e-006 
1.25000000e+000 1.96875000e+001 2.00000000e+001 1.42057305e-006 5.60468765e-006 6.58802287e-006 6.74999548e-006 6.97749245e-006 6.99035885e-006 6.98616010e-006 6.66355571e-006 5.89967371e-006 
1.25000000e+000 2.40625000e+001 2.00000000e+001 4.37185968e-006 1.09269884e-005 1.09962683e-005 1.08577044e-005 1.04285269e-005 1.02318406e-005 1.01375023e-005 9.19635348e-006 7.75865659e-006 
1.25000000e+000 2.84375000e+001 2.00000000e+001 1.49674799e-005 2.31462801e-005 1.97573137e-005 1.87517278e-005 1.66355643e-005 1.59536388e-005 1.56570840e-005 1.34370205e-005 1.07390592e-005 
1.25000000e+000 3.28125000e+001 2.00000000e+001 6.41008945e-005 5.71198351e-005 4.03021436e-005 3.65302850e-005 2.95297551e-005 2.75671334e-005 2.67522770e-005 2.14912292e-005 1.60910213e-005 
1.50000000e+000 2.18750000e+000 2.00000000e+001 1.14378745e-008 4.19578539e-007 9.97614679e-007 1.20038246e-006 1.69146588e-006 1.84597564e-006 1.91090871e-006 2.22654758e-006 2.37854484e-006 
1.50000000e+000 6.56250000e+000 2.00000000e+001 2.14482174e-008 5.50314253e-007 1.19085815e-006 1.40485640e-006 1.90960458e-006 2.06452726e-006 2.12905180e-006 2.42969376e-006 2.54872911e-006 
1.50000000e+000 1.09375000e+001 2.00000000e+001 5.92728282e-008 9.06686850e-007 1.67723014e-006 1.91138041e-006 2.43529079e-006 2.58762294e-006 2.64976131e-006 2.90783554e-006 2.94499546e-006 
1.50000000e+000 1.53125000e+001 2.00000000e+001 1.86998473e-007 1.69401171e-006 2.63430600e-006 2.88411148e-006 3.40086346e-006 3.53723059e-006 3.59055610e-006 3.74937123e-006 3.62652821e-006 
1.50000000e+000 1.96875000e+001 2.00000000e+001 6.49081837e-007 3.46179771e-006 4.50126120e-006 4.72405172e-006 5.12456457e-006 5.20612572e-006 5.23344359e-006 5.16736839e-006 4.73877485e-006 
1.50000000e+000 2.40625000e+001 2.00000000e+001 2.45711061e-006 7.62610219e-006 8.25312046e-006 8.29047332e-006 8.24074384e-006 8.16551360e-006 8.12364975e-006 7.55149644e-006 6.53171093e-006 
1.50000000e+000 2.84375000e+001 2.00000000e+001 1.04500668e-005 1.83701372e-005 1.63789238e-005 1.57057086e-005 1.42195970e-005 1.37161267e-005 1.34937848e-005 1.17470773e-005 9.52683476e-006 
1.50000000e+000 3.28125000e+001 2.00000000e+001 5.73264913e-005 5.25651460e-005 3.74872647e-005 3.40634431e-005 2.76674447e-005 2.58626270e-005 2.51117845e-005 2.02372548e-005 1.52023773e-005 
1.75000000e+000 2.18750000e+000 2.00000000e+001 2.48044441e-009 1.73025255e-007 5.10821477e-007 6.47014771e-007 1.00965994e-006 1.13440094e-006 1.18857643e-006 1.48574221e-006 1.69965494e-006 
1.75000000e+000 6.56250000e+000 2.00000000e+001 5.43923124e-009 2.43596317e-007 6.38112433e-007 7.88074280e-007 1.17428339e-006 1.30349071e-006 1.35908411e-006 1.65400367e-006 1.84838652e-006 
1.75000000e+000 1.09375000e+001 2.00000000e+001 1.84192932e-008 4.48347206e-007 9.70905018e-007 1.14916153e-006 1.58029624e-006 1.71662109e-006 1.77412470e-006 2.05555965e-006 2.19777048e-006 
1.75000000e+000 1.53125000e+001 2.00000000e+001 7.08831463e-008 9.41256681e-007 1.66364484e-006 1.87784748e-006 2.35423266e-006 2.49234233e-006 2.54868800e-006 2.78014454e-006 2.80983299e-006 
1.75000000e+000 1.96875000e+001 2.00000000e+001 3.00899193e-007 2.16482707e-006 3.11140274e-006 3.34377172e-006 3.80306430e-006 3.91647606e-006 3.95942318e-006 4.04236336e-006 3.83424940e-006 
1.75000000e+000 2.40625000e+001 2.00000000e+001 1.39934206e-006 5.38006780e-006 6.25848866e-006 6.39500675e-006 6.57579542e-006 6.57917455e-006 6.57190028e-006 6.25558060e-006 5.54150928e-006 
1.75000000e+000 2.84375000e+001 2.00000000e+001 7.38081114e-006 1.47104457e-005 1.36948304e-005 1.32667850e-005 1.22568008e-005 1.18909687e-005 1.17261912e-005 1.03520297e-005 8.51410649e-006 
1.75000000e+000 3.28125000e+001 2.00000000e+001 5.17296629e-005 4.86849454e-005 3.50831809e-005 3.19585618e-005 2.60845851e-005 2.44160663e-005 2.37204493e-005 1.91774366e-005 1.44521689e-005 
2.00000000e+000 2.18750000e+000 2.00000000e+001 5.42300640e-010 7.15933714e-008 2.62078335e-007 3.49332718e-007 6.03387175e-007 6.97846967e-007 7.40022542e-007 9.92125847e-007 1.21513553e-006 
2.00000000e+000 6.56250000e+000 2.00000000e+001 1.39933141e-009 1.08749158e-007 3.43924774e-007 4.44370569e-007 7.24909709e-007 8.25888909e-007 8.70501095e-007 1.12883192e-006 1.34293510e-006 
2.00000000e+000 1.09375000e+001 2.00000000e+001 5.80193108e-009 2.24181426e-007 5.67161577e-007 6.96749573e-007 1.03260662e-006 1.14617608e-006 1.19530182e-006 1.46042384e-006 1.64641825e-006 
2.00000000e+000 1.53125000e+001 2.00000000e+001 2.72007150e-008 5.28506569e-007 1.06077580e-006 1.23402663e-006 1.64324669e-006 1.77006784e-006 1.82322381e-006 2.07529468e-006 2.18889959e-006 
2.00000000e+000 1.96875000e+001 2.00000000e+001 1.41093181e-007 1.36645565e-006 2.16981412e-006 2.38745911e-006 2.84565764e-006 2.97004150e-006 3.01940897e-006 3.18524766e-006 3.12182044e-006 
2.00000000e+000 2.40625000e+001 2.00000000e+001 8.05414229e-007 3.82674445e-006 4.78282047e-006 4.97084273e-006 5.28649991e-006 5.34021997e-006 5.35564504e-006 5.21825113e-006 4.73128285e-006 
2.00000000e+000 2.84375000e+001 2.00000000e+001 5.26221099e-006 1.18609877e-005 1.15240619e-005 1.12778142e-005 1.06312222e-005 1.03731112e-005 1.02537117e-005 9.17845318e-006 7.65331359e-006 
2.00000000e+000 3.28125000e+001 2.00000000e+001 4.70302262e-005 4.53172609e-005 3.29834085e-005 3.01196085e-005 2.47039039e-005 2.31555551e-005 2.25086534e-005 1.82574883e-005 1.38029029e-005 
2.25000000e+000 2.18750000e+000 2.00000000e+001 1.19427264e-010 2.97206266e-008 1.34722188e-007 1.88924791e-007 3.61014175e-007 4.29739791e-007 4.61203281e-007 6.62981662e-007 8.69166737e-007 
2.25000000e+000 6.56250000e+000 2.00000000e+001 3.64340884e-010 4.89180685e-008 1.86363552e-007 2.51773043e-007 4.49144513e-007 5.25033071e-007 5.59353043e-007 7.72305733e-007 9.77436831e-007 
2.25000000e+000 1.09375000e+001 2.00000000e+001 1.84742228e-009 1.13114592e-007 3.33882072e-007 4.25527422e-007 6.78888144e-007 7.69722848e-007 8.09855788e-007 1.04239581e-006 1.23779757e-006 
2.25000000e+000 1.53125000e+001 2.00000000e+001 1.05429987e-008 2.99206934e-007 6.81602949e-007 8.17042764e-007 1.15491845e-006 1.26550914e-006 1.31283374e-006 1.55815519e-006 1.71345344e-006 
2.25000000e+000 1.96875000e+001 2.00000000e+001 6.67861408e-008 8.68881535e-007 1.52371433e-006 1.71636172e-006 2.14334202e-006 2.26694580e-006 2.31739635e-006 2.52496402e-006 2.55535650e-006 
2.25000000e+000 2.40625000e+001 2.00000000e+001 4.67677396e-007 2.73972613e-006 3.67730623e-006 3.88702019e-006 4.27489856e-006 4.35977341e-006 4.38974989e-006 4.37728718e-006 4.06060824e-006 
2.25000000e+000 2.84375000e+001 2.00000000e+001 3.78161479e-006 9.61664405e-006 9.74623429e-006 9.63456861e-006 9.26603492e-006 9.09279552e-006 9.00945697e-006 8.17677100e-006 6.91139001e-006 
2.25000000e+000 3.28125000e+001 2.00000000e+001 4.30348667e-005 4.23564321e-005 3.11213217e-005 2.84869393e-005 2.34775446e-005 2.20364081e-005 2.14330324e-005 1.74428371e-005 1.32297602e-005 
2.50000000e+000 2.18750000e+000 2.00000000e+001 2.64711758e-011 1.23768281e-008 6.93872536e-008 1.02342197e-007 2.16250365e-007 2.64911469e-007 2.87718497e-007 4.43350447e-007 6.22007644e-007 
2.50000000e+000 6.56250000e+000 2.00000000e+001 9.58294699e-011 2.21532116e-008 1.01484547e-007 1.43286628e-007 2.79246977e-007 3.34831903e-007 3.60517147e-007 5.29632016e-007 7.12641495e-007 
2.50000000e+000 1.09375000e+001 2.00000000e+001 5.93529729e-010 5.75016274e-008 1.97851119e-007 2.61515061e-007 4.48765344e-007 5.19578245e-007 5.51463627e-007 7.47164815e-007 9.33693460e-007 
2.50000000e+000 1.53125000e+001 2.00000000e+001 4.12111500e-009 1.70526621e-007 4.40721468e-007 5.44295941e-007 8.16408862e-007 9.09876090e-007 9.50583121e-007 1.17577562e-006 1.34706306e-006 
2.50000000e+000 1.96875000e+001 2.00000000e+001 3.18677556e-008 5.55821450e-007 1.07600871e-006 1.24073729e-006 1.62302520e-006 1.73946756e-006 1.78797577e-006 2.01158396e-006 2.10123502e-006 
2.50000000e+000 2.40625000e+001 2.00000000e+001 2.73627335e-007 1.97210842e-006 2.84123622e-006 3.05421481e-006 3.47315209e-006 3.57597569e-006 3.61482484e-006 3.68854510e-006 3.50007187e-006 
2.50000000e+000 2.84375000e+001 2.00000000e+001 2.73634826e-006 7.83325063e-006 8.27657448e-006 8.26384769e-006 8.10759209e-006 8.00134120e-006 7.94674721e-006 7.31219980e-006 6.26471867e-006 
2.50000000e+000 3.28125000e+001 2.00000000e+001 3.96035040e-005 3.97282859e-005 2.94519211e-005 2.70206773e-005 2.23739789e-005 2.10292247e-005 2.04650546e-005 1.67105458e-005 1.27158567e-005 
END