TITLE="3SCB_EB_E_WD280.dat"
VARIABLES= "Density" "Radius" "Height" "0.1053" "0.356" "0.6617" "0.7889" "1.1732" "1.3325" "1.408" "2" "3" 
ZONE T="3D Data" I=11 J=8 K=3 F=POINT
0.00000000e+000 8.75000000e+000 0.00000000e+000 1.09122106e-004 7.43421618e-005 4.69149288e-005 4.13374960e-005 3.15288730e-005 2.89320123e-005 2.78730980e-005 2.13945424e-005 1.51567498e-005 
0.00000000e+000 1.51554446e+001 0.00000000e+000 1.28096244e-004 8.67210919e-005 5.52463475e-005 4.88647570e-005 3.75749968e-005 3.45508003e-005 3.33118638e-005 2.56542724e-005 1.82011852e-005 
0.00000000e+000 1.95655948e+001 0.00000000e+000 1.57174679e-004 1.06057288e-004 6.75479585e-005 5.97219397e-005 4.58467966e-005 4.21273478e-005 4.06042377e-005 3.12193870e-005 2.21520035e-005 
0.00000000e+000 2.31503240e+001 0.00000000e+000 1.86724994e-004 1.25724075e-004 7.99473910e-005 7.06245426e-005 5.40826249e-005 4.96529117e-005 4.78406739e-005 3.67167297e-005 2.60481518e-005 
0.00000000e+000 2.62500000e+001 0.00000000e+000 2.15074510e-004 1.44605860e-004 9.17828934e-005 8.10111729e-005 6.18963633e-005 5.67845900e-005 5.46951759e-005 4.19109874e-005 2.97220285e-005 
0.00000000e+000 2.90204669e+001 0.00000000e+000 2.38469742e-004 1.60112155e-004 1.01520657e-004 8.95671485e-005 6.83552034e-005 6.26865961e-005 6.03706105e-005 4.62226878e-005 3.27730058e-005 
0.00000000e+000 3.15485737e+001 0.00000000e+000 2.57604221e-004 1.72811483e-004 1.09534611e-004 9.66230950e-005 7.37098791e-005 6.75879318e-005 6.50871115e-005 4.98189659e-005 3.53208906e-005 
0.00000000e+000 3.38886043e+001 0.00000000e+000 2.71858790e-004 1.82305972e-004 1.15595647e-004 1.01986269e-004 7.78313691e-005 7.13754114e-005 6.87377012e-005 5.26256781e-005 3.73145863e-005 
2.50000000e-001 8.75000000e+000 0.00000000e+000 2.53595723e-005 3.21153879e-005 2.49294971e-005 2.30669683e-005 1.93868112e-005 1.82879883e-005 1.78217561e-005 1.46215693e-005 1.10513558e-005 
2.50000000e-001 1.51554446e+001 0.00000000e+000 3.44374706e-005 4.02211075e-005 3.08625989e-005 2.85334630e-005 2.39653652e-005 2.25988758e-005 2.20179505e-005 1.80232746e-005 1.35714060e-005 
2.50000000e-001 1.95655948e+001 0.00000000e+000 4.84122964e-005 5.27497570e-005 3.96827523e-005 3.65125017e-005 3.03568541e-005 2.85385750e-005 2.77694396e-005 2.25684762e-005 1.69065056e-005 
2.50000000e-001 2.31503240e+001 0.00000000e+000 6.58072810e-005 6.71423783e-005 4.94611705e-005 4.52700264e-005 3.72234836e-005 3.48803973e-005 3.38946503e-005 2.73407309e-005 2.03675806e-005 
2.50000000e-001 2.62500000e+001 0.00000000e+000 8.73264577e-005 8.33161785e-005 6.00168807e-005 5.46271187e-005 4.44072041e-005 4.14747144e-005 4.02475683e-005 3.22175758e-005 2.38535157e-005 
2.50000000e-001 2.90204669e+001 0.00000000e+000 1.12468467e-004 1.00046346e-004 7.04452693e-005 6.37702795e-005 5.12756987e-005 4.77406035e-005 4.62683991e-005 3.67673486e-005 2.70485718e-005 
2.50000000e-001 3.15485737e+001 0.00000000e+000 1.42040322e-004 1.17664658e-004 8.09570350e-005 7.28892499e-005 5.79817323e-005 5.38205863e-005 5.20954126e-005 4.11011453e-005 3.00371214e-005 
2.50000000e-001 3.38886043e+001 0.00000000e+000 1.80507747e-004 1.37589683e-004 9.21704379e-005 8.24772551e-005 6.48281071e-005 5.99739191e-005 5.79709251e-005 4.53707392e-005 3.28997971e-005 
5.00000000e-001 8.75000000e+000 0.00000000e+000 6.29712798e-006 1.41889123e-005 1.34174362e-005 1.30125857e-005 1.20111660e-005 1.16378015e-005 1.14680352e-005 1.00390442e-005 8.08365415e-006 
5.00000000e-001 1.51554446e+001 0.00000000e+000 1.06973640e-005 1.97025830e-005 1.78021180e-005 1.71248044e-005 1.55825049e-005 1.50377640e-005 1.47932350e-005 1.28143641e-005 1.02035932e-005 
5.00000000e-001 1.95655948e+001 0.00000000e+000 1.79377145e-005 2.82697137e-005 2.43828465e-005 2.32036530e-005 2.06623672e-005 1.98167011e-005 1.94444019e-005 1.66004480e-005 1.30607555e-005 
5.00000000e-001 2.31503240e+001 0.00000000e+000 2.85403851e-005 3.91759640e-005 3.23125949e-005 3.04212382e-005 2.65077350e-005 2.52652622e-005 2.47269378e-005 2.08063658e-005 1.61715510e-005 
5.00000000e-001 2.62500000e+001 0.00000000e+000 4.42446452e-005 5.30310090e-005 4.17825357e-005 3.89051215e-005 3.31560317e-005 3.14024580e-005 3.06529930e-005 2.54125075e-005 1.94969379e-005 
5.00000000e-001 2.90204669e+001 0.00000000e+000 6.67103694e-005 6.97201677e-005 5.24362297e-005 4.82864983e-005 4.02515270e-005 3.78843184e-005 3.68843253e-005 3.01281640e-005 2.28033821e-005 
5.00000000e-001 3.15485737e+001 0.00000000e+000 9.85764804e-005 8.99648178e-005 6.45822948e-005 5.88158077e-005 4.79607113e-005 4.48589548e-005 4.35619776e-005 3.50564785e-005 2.61641061e-005 
5.00000000e-001 3.38886043e+001 0.00000000e+000 1.50087847e-004 1.17263361e-004 7.97936654e-005 7.17549221e-005 5.70640969e-005 5.29959612e-005 5.13124313e-005 4.05951368e-005 2.98017357e-005 
7.50000000e-001 8.75000000e+000 0.00000000e+000 1.65677012e-006 6.40319788e-006 7.31096270e-006 7.41837109e-006 7.49655853e-006 7.45462450e-006 7.42571874e-006 6.92407857e-006 5.93148111e-006 
7.50000000e-001 1.51554446e+001 0.00000000e+000 3.65129721e-006 1.00897252e-005 1.05582360e-005 1.05291959e-005 1.03102938e-005 1.01647035e-005 1.00891822e-005 9.21278096e-006 7.73190406e-006 
7.50000000e-001 1.95655948e+001 0.00000000e+000 7.36837177e-006 1.60040883e-005 1.55329361e-005 1.52223048e-005 1.43993362e-005 1.40574331e-005 1.38965122e-005 1.24008555e-005 1.02021260e-005 
7.50000000e-001 2.31503240e+001 0.00000000e+000 1.37156780e-005 2.42603868e-005 2.19905437e-005 2.12004820e-005 1.94049781e-005 1.87670066e-005 1.84801437e-005 1.61302570e-005 1.30142733e-005 
7.50000000e-001 2.62500000e+001 0.00000000e+000 2.47063575e-005 3.58879301e-005 3.03914115e-005 2.88220076e-005 2.55234910e-005 2.44523181e-005 2.39845105e-005 2.04712817e-005 1.61854399e-005 
7.50000000e-001 2.90204669e+001 0.00000000e+000 4.31959634e-005 5.16304244e-005 4.08432548e-005 3.81027176e-005 3.26484881e-005 3.09854234e-005 3.02742773e-005 2.52655064e-005 1.95607222e-005 
7.50000000e-001 3.15485737e+001 0.00000000e+000 7.37688644e-005 7.28861461e-005 5.39067313e-005 4.94792627e-005 4.10371239e-005 3.85852086e-005 3.75538584e-005 3.06447894e-005 2.32217983e-005 
7.50000000e-001 3.38886043e+001 0.00000000e+000 1.32432014e-004 1.05351148e-004 7.21704953e-005 6.50314581e-005 5.19774408e-005 4.83568117e-005 4.68573169e-005 3.72669106e-005 2.75409677e-005 
1.00000000e+000 8.75000000e+000 0.00000000e+000 4.57494522e-007 2.94698323e-006 4.03062961e-006 4.27200930e-006 4.71231393e-006 4.80559071e-006 4.83751502e-006 4.79688094e-006 4.36574762e-006 
1.00000000e+000 1.51554446e+001 0.00000000e+000 1.32201753e-006 5.34895341e-006 6.41060440e-006 6.60965150e-006 6.92848188e-006 6.96811392e-006 6.97434092e-006 6.69147993e-006 5.90211154e-006 
1.00000000e+000 1.95655948e+001 0.00000000e+000 3.20939909e-006 9.41999066e-006 1.01783778e-005 1.02433843e-005 1.02344760e-005 1.01539159e-005 1.01059478e-005 9.39004693e-006 8.04904366e-006 
1.00000000e+000 2.31503240e+001 0.00000000e+000 6.96523049e-006 1.56273442e-005 1.54213544e-005 1.51847517e-005 1.45196802e-005 1.42253401e-005 1.40844832e-005 1.27014316e-005 1.05968928e-005 
1.00000000e+000 2.62500000e+001 0.00000000e+000 1.44992256e-005 2.52245229e-005 2.27835889e-005 2.19572186e-005 2.01045302e-005 1.94531741e-005 1.91611847e-005 1.67722461e-005 1.36123722e-005 
1.00000000e+000 2.90204669e+001 0.00000000e+000 2.91685058e-005 3.95864485e-005 3.27546672e-005 3.09009764e-005 2.71029801e-005 2.59027921e-005 2.53832229e-005 2.15663952e-005 1.70149384e-005 
1.00000000e+000 3.15485737e+001 0.00000000e+000 5.70772641e-005 6.08721449e-005 4.62259254e-005 4.27085800e-005 3.59121464e-005 3.39071610e-005 3.30592319e-005 2.72712087e-005 2.09100615e-005 
1.00000000e+000 3.38886043e+001 0.00000000e+000 1.19586913e-004 9.70038403e-005 6.68330497e-005 6.03053897e-005 4.83467168e-005 4.50236411e-005 4.36465469e-005 3.48147158e-005 2.58255385e-005 
1.25000000e+000 8.75000000e+000 0.00000000e+000 1.31409722e-007 1.38082569e-006 2.24683735e-006 2.48377448e-006 2.98252043e-006 3.11700243e-006 3.16994570e-006 3.33758624e-006 3.22305327e-006 
1.25000000e+000 1.51554446e+001 0.00000000e+000 4.97275340e-007 2.91169037e-006 3.96853911e-006 4.22239362e-006 4.71948649e-006 4.83653573e-006 4.87916715e-006 4.90552927e-006 4.53615426e-006 
1.25000000e+000 1.95655948e+001 0.00000000e+000 1.44975187e-006 5.70009392e-006 6.81648656e-006 7.03253435e-006 7.39345284e-006 7.44594363e-006 7.45754982e-006 7.19416315e-006 6.40711548e-006 
1.25000000e+000 2.31503240e+001 0.00000000e+000 3.65916986e-006 1.03388932e-005 1.10549252e-005 1.11015522e-005 1.10527448e-005 1.09582971e-005 1.09042077e-005 1.01318290e-005 8.71609029e-006 
1.25000000e+000 2.62500000e+001 0.00000000e+000 8.77026677e-006 1.81715200e-005 1.74443183e-005 1.70646054e-005 1.61113758e-005 1.57310207e-005 1.55539676e-005 1.39283814e-005 1.15728620e-005 
1.25000000e+000 2.90204669e+001 0.00000000e+000 2.01935677e-005 3.10102732e-005 2.67792727e-005 2.55285530e-005 2.28743577e-005 2.19994955e-005 2.16154168e-005 1.86593217e-005 1.49664811e-005 
1.25000000e+000 3.15485737e+001 0.00000000e+000 4.50188183e-005 5.17470381e-005 4.03107200e-005 3.74732050e-005 3.19074283e-005 3.02373427e-005 2.95270014e-005 2.45860991e-005 1.90378562e-005 
1.25000000e+000 3.38886043e+001 0.00000000e+000 1.09349240e-004 9.04958968e-005 6.27308205e-005 5.66810070e-005 4.55630306e-005 4.24644327e-005 4.11792209e-005 3.29141034e-005 2.44746828e-005 
1.50000000e+000 8.75000000e+000 0.00000000e+000 3.89643750e-008 6.57518126e-007 1.26547905e-006 1.45715740e-006 1.90010943e-006 2.03371268e-006 2.08895278e-006 2.33198711e-006 2.38649206e-006 
1.50000000e+000 1.51554446e+001 0.00000000e+000 1.92034772e-007 1.61726275e-006 2.49605326e-006 2.73696703e-006 3.25271980e-006 3.39370375e-006 3.44945750e-006 3.62644148e-006 3.50829645e-006 
1.50000000e+000 1.95655948e+001 0.00000000e+000 6.71347062e-007 3.51908164e-006 4.64245322e-006 4.90490271e-006 5.41267250e-006 5.52897847e-006 5.57065831e-006 5.56765706e-006 5.14049012e-006 
1.50000000e+000 2.31503240e+001 0.00000000e+000 1.96748191e-006 6.97066400e-006 8.05553548e-006 8.24338977e-006 8.52824683e-006 8.55085887e-006 8.54883775e-006 8.16914600e-006 7.23136914e-006 
1.50000000e+000 2.62500000e+001 0.00000000e+000 5.41626998e-006 1.33156604e-005 1.35605714e-005 1.34568561e-005 1.30810176e-005 1.28814781e-005 1.27820845e-005 1.16919863e-005 9.92750791e-006 
1.50000000e+000 2.90204669e+001 0.00000000e+000 1.42202051e-005 2.46446665e-005 2.21878572e-005 2.13655281e-005 1.95385912e-005 1.89032176e-005 1.86194535e-005 1.63122076e-005 1.32824711e-005 
1.50000000e+000 3.15485737e+001 0.00000000e+000 3.59709334e-005 4.44976613e-005 3.55452394e-005 3.32423373e-005 2.86490392e-005 2.72445158e-005 2.66433684e-005 2.23775944e-005 1.74811583e-005 
1.50000000e+000 3.38886043e+001 0.00000000e+000 1.00817355e-004 8.51009787e-005 5.93737724e-005 5.37256949e-005 4.33072557e-005 4.03929036e-005 3.91827226e-005 3.13755508e-005 2.33744119e-005 
1.75000000e+000 8.75000000e+000 0.00000000e+000 1.18529329e-008 3.17637767e-007 7.19609770e-007 8.62109504e-007 1.21809227e-006 1.33440988e-006 1.38403531e-006 1.63598255e-006 1.77216343e-006 
1.75000000e+000 1.51554446e+001 0.00000000e+000 7.56084266e-008 9.12361520e-007 1.59036983e-006 1.79568646e-006 2.26451981e-006 2.40387252e-006 2.46112777e-006 2.70098935e-006 2.72900700e-006 
1.75000000e+000 1.95655948e+001 0.00000000e+000 3.16592593e-007 2.20546273e-006 3.20358326e-006 3.46396193e-006 4.00601498e-006 4.14832936e-006 4.20356783e-006 4.34622859e-006 4.15302548e-006 
1.75000000e+000 2.31503240e+001 0.00000000e+000 1.07614079e-006 4.76605327e-006 5.94355909e-006 6.19478069e-006 6.65136310e-006 6.74142913e-006 6.77038696e-006 6.64534433e-006 6.04405520e-006 
1.75000000e+000 2.62500000e+001 0.00000000e+000 3.39693248e-006 9.88029453e-006 1.06615202e-005 1.07287948e-005 1.07280264e-005 1.06513932e-005 1.06055376e-005 9.89987583e-006 8.57961049e-006 
1.75000000e+000 2.90204669e+001 0.00000000e+000 1.01414292e-005 1.97906060e-005 1.85625148e-005 1.80516176e-005 1.68392940e-005 1.63855338e-005 1.61783251e-005 1.43753166e-005 1.18725273e-005 
1.75000000e+000 3.15485737e+001 0.00000000e+000 2.90189463e-005 3.85754356e-005 3.15892595e-005 2.97186912e-005 2.59186647e-005 2.47322302e-005 2.42209080e-005 2.05129877e-005 1.61577027e-005 
1.75000000e+000 3.38886043e+001 0.00000000e+000 9.35205495e-005 8.04619534e-005 5.65106984e-005 5.12130910e-005 4.14028628e-005 3.86475413e-005 3.75019047e-005 3.00848920e-005 2.24514013e-005 
2.00000000e+000 8.75000000e+000 0.00000000e+000 3.68126674e-009 1.55420296e-007 4.12831694e-007 5.14072808e-007 7.85495107e-007 8.80270736e-007 9.21715921e-007 1.15219301e-006 1.31966653e-006 
2.00000000e+000 1.51554446e+001 0.00000000e+000 3.02198997e-008 5.21019225e-007 1.02409881e-006 1.19000152e-006 1.59020910e-006 1.71669258e-006 1.76999405e-006 2.02514002e-006 2.13399282e-006 
2.00000000e+000 1.95655948e+001 0.00000000e+000 1.51410089e-007 1.39834658e-006 2.23380782e-006 2.47093731e-006 2.99164509e-006 3.13935245e-006 3.19887978e-006 3.41787581e-006 3.37580573e-006 
2.00000000e+000 2.31503240e+001 0.00000000e+000 5.96474361e-007 3.29413820e-006 4.42825984e-006 4.69936616e-006 5.23246005e-006 5.35940467e-006 5.40614738e-006 5.44577240e-006 5.08368877e-006 
2.00000000e+000 2.62500000e+001 0.00000000e+000 2.15633889e-006 7.40228156e-006 8.45591217e-006 8.62682411e-006 8.86820342e-006 8.87557700e-006 8.86694159e-006 8.44135364e-006 7.46074213e-006 
2.00000000e+000 2.90204669e+001 0.00000000e+000 7.30498676e-006 1.60194342e-005 1.56441322e-005 1.53620022e-005 1.46129255e-005 1.42993858e-005 1.41517201e-005 1.27487650e-005 1.06737901e-005 
2.00000000e+000 3.15485737e+001 0.00000000e+000 2.35883869e-005 3.36465230e-005 2.82372732e-005 2.67219918e-005 2.35812415e-005 2.25777943e-005 2.21420374e-005 1.89062032e-005 1.50116597e-005 
2.00000000e+000 3.38886043e+001 0.00000000e+000 8.71733502e-005 7.63789730e-005 5.40006760e-005 4.90150569e-005 3.97466245e-005 3.71326296e-005 3.60442573e-005 2.89710687e-005 2.16574703e-005 
2.25000000e+000 8.75000000e+000 0.00000000e+000 1.16291392e-009 7.69118203e-008 2.38763207e-007 3.08774415e-007 5.09356580e-007 5.83644444e-007 6.16829909e-007 8.14513836e-007 9.85382565e-007 
2.25000000e+000 1.51554446e+001 0.00000000e+000 1.22265927e-008 3.00465640e-007 6.65239373e-007 7.95235127e-007 1.12497238e-006 1.23462256e-006 1.28175238e-006 1.52739447e-006 1.67669119e-006 
2.25000000e+000 1.95655948e+001 0.00000000e+000 7.32328924e-008 8.94852448e-007 1.57075064e-006 1.77698650e-006 2.25080753e-006 2.39292431e-006 2.45160829e-006 2.70484412e-006 2.75879462e-006 
2.25000000e+000 2.31503240e+001 0.00000000e+000 3.34161022e-007 2.29656207e-006 3.32519778e-006 3.59210448e-006 4.14528510e-006 4.28993270e-006 4.34604545e-006 4.49034154e-006 4.29911436e-006 
2.25000000e+000 2.62500000e+001 0.00000000e+000 1.38231426e-006 5.58872827e-006 6.75357170e-006 6.98392938e-006 7.37759862e-006 7.44199213e-006 7.45916915e-006 7.23914650e-006 6.52149779e-006 
2.25000000e+000 2.90204669e+001 0.00000000e+000 5.30491128e-006 1.30492896e-005 1.32612845e-005 1.31475715e-005 1.27498622e-005 1.25456800e-005 1.24448474e-005 1.13636737e-005 9.64152843e-006 
2.25000000e+000 3.15485737e+001 0.00000000e+000 1.92935909e-005 2.94897083e-005 2.53553543e-005 2.41349529e-005 2.15484567e-005 2.07006264e-005 2.03293480e-005 1.74993906e-005 1.40042231e-005 
2.25000000e+000 3.38886043e+001 0.00000000e+000 8.15850611e-005 7.27282836e-005 5.17580086e-005 4.70535784e-005 3.82747872e-005 3.57885886e-005 3.47519750e-005 2.79883349e-005 2.09602434e-005 
2.50000000e+000 8.75000000e+000 0.00000000e+000 3.72569433e-010 3.84428478e-008 1.39116948e-007 1.86710737e-007 3.32024188e-007 3.88832838e-007 4.14704336e-007 5.77869016e-007 7.37713935e-007 
2.50000000e+000 1.51554446e+001 0.00000000e+000 4.99728767e-009 1.74674042e-007 4.35285362e-007 5.35171846e-007 8.00910345e-007 8.93351428e-007 9.33758260e-007 1.15802738e-006 1.32309529e-006 
2.50000000e+000 1.95655948e+001 0.00000000e+000 3.57525706e-008 5.77004219e-007 1.11217534e-006 1.28654765e-006 1.70400819e-006 1.83504226e-006 1.89015713e-006 2.15220439e-006 2.26520232e-006 
2.50000000e+000 2.31503240e+001 0.00000000e+000 1.88870311e-007 1.61248869e-006 2.51299971e-006 2.76293010e-006 3.30317740e-006 3.45344403e-006 3.51351395e-006 3.72184385e-006 3.65258087e-006 
2.50000000e+000 2.62500000e+001 0.00000000e+000 8.93416792e-007 4.24641257e-006 5.42489725e-006 5.68544649e-006 6.16968388e-006 6.27197209e-006 6.30680363e-006 6.23782619e-006 5.72549161e-006 
2.50000000e+000 2.90204669e+001 0.00000000e+000 3.87894431e-006 1.06854268e-005 1.12946017e-005 1.13043681e-005 1.11733210e-005 1.10548261e-005 1.09910477e-005 1.01710014e-005 8.74317432e-006 
2.50000000e+000 3.15485737e+001 0.00000000e+000 1.58638974e-005 2.59491643e-005 2.28506997e-005 2.18766262e-005 1.97595864e-005 1.90452663e-005 1.87295218e-005 1.62522845e-005 1.31077546e-005 
2.50000000e+000 3.38886043e+001 0.00000000e+000 7.66196650e-005 6.94270802e-005 4.97268666e-005 4.52780083e-005 3.69458963e-005 3.45765417e-005 3.35872648e-005 2.71062240e-005 2.03374578e-005 
0.00000000e+000 8.75000000e+000 1.00000000e+001 1.18152343e-004 8.07903020e-005 5.10196964e-005 4.49366061e-005 3.42018032e-005 3.13551531e-005 3.01947534e-005 2.31207786e-005 1.63697214e-005 
0.00000000e+000 1.51554446e+001 1.00000000e+001 1.31495874e-004 8.95267967e-005 5.69001215e-005 5.02567055e-005 3.85003958e-005 3.53594786e-005 3.40748365e-005 2.61779371e-005 1.85621065e-005 
0.00000000e+000 1.95655948e+001 1.00000000e+001 1.49795286e-004 1.01594699e-004 6.46519234e-005 5.71323863e-005 4.38064767e-005 4.02391754e-005 3.87792791e-005 2.97982243e-005 2.11391517e-005 
0.00000000e+000 2.31503240e+001 1.00000000e+001 1.67668817e-004 1.13414615e-004 7.21800302e-005 6.37853825e-005 4.88976885e-005 4.49101956e-005 4.32783207e-005 3.32449087e-005 2.35882570e-005 
0.00000000e+000 2.62500000e+001 1.00000000e+001 1.83899015e-004 1.24117931e-004 7.89685553e-005 6.97767984e-005 5.34710637e-005 4.91036024e-005 4.73164071e-005 3.63347296e-005 2.57805527e-005 
0.00000000e+000 2.90204669e+001 1.00000000e+001 1.96778413e-004 1.32612390e-004 8.43428539e-005 7.45196351e-005 5.70957417e-005 5.24295494e-005 5.05202566e-005 3.87912215e-005 2.75242471e-005 
0.00000000e+000 3.15485737e+001 1.00000000e+001 2.08821055e-004 1.40621394e-004 8.94084043e-005 7.89875602e-005 6.05068061e-005 5.55588749e-005 5.35345031e-005 4.11016693e-005 2.91635301e-005 
0.00000000e+000 3.38886043e+001 1.00000000e+001 2.19091738e-004 1.47496214e-004 9.37585477e-005 8.28245925e-005 6.34380723e-005 5.82491975e-005 5.61264386e-005 4.30909611e-005 3.05747410e-005 
2.50000000e-001 8.75000000e+000 1.00000000e+001 2.71035040e-005 3.46404247e-005 2.69574057e-005 2.49441589e-005 2.09377723e-005 1.97370293e-005 1.92275837e-005 1.57460063e-005 1.19009046e-005 
2.50000000e-001 1.51554446e+001 1.00000000e+001 3.51877855e-005 4.13798534e-005 3.16935673e-005 2.92638566e-005 2.44922073e-005 2.30697542e-005 2.24664122e-005 1.83495770e-005 1.38134170e-005 
2.50000000e-001 1.95655948e+001 1.00000000e+001 4.61501551e-005 5.04373361e-005 3.78958652e-005 3.48479604e-005 2.89356285e-005 2.71933932e-005 2.64571721e-005 2.14910313e-005 1.60998582e-005 
2.50000000e-001 2.31503240e+001 1.00000000e+001 5.90351522e-005 6.03513718e-005 4.44771718e-005 4.07211124e-005 3.35204468e-005 3.14243623e-005 3.05422681e-005 2.46647644e-005 1.83840364e-005 
2.50000000e-001 2.62500000e+001 1.00000000e+001 7.42300279e-005 7.09886783e-005 5.12707086e-005 4.67241541e-005 3.81130488e-005 3.56378258e-005 3.46005519e-005 2.77724410e-005 2.05872416e-005 
2.50000000e-001 2.90204669e+001 1.00000000e+001 9.15198265e-005 8.18217742e-005 5.78655788e-005 5.24814983e-005 4.24112708e-005 3.95535841e-005 3.83610309e-005 3.06017545e-005 2.25543272e-005 
2.50000000e-001 3.15485737e+001 1.00000000e+001 1.12529829e-004 9.40103170e-005 6.50501369e-005 5.87002423e-005 4.69713567e-005 4.36858412e-005 4.23205397e-005 3.35409805e-005 2.45691101e-005 
2.50000000e-001 3.38886043e+001 1.00000000e+001 1.41059046e-004 1.08780850e-004 7.33230072e-005 6.57629173e-005 5.19989426e-005 4.82008129e-005 4.66302143e-005 3.66657056e-005 2.66556751e-005 
5.00000000e-001 8.75000000e+000 1.00000000e+001 6.64271733e-006 1.51902693e-005 1.44271420e-005 1.39982650e-005 1.29152952e-005 1.25078819e-005 1.23226033e-005 1.07734656e-005 8.67977546e-006 
5.00000000e-001 1.51554446e+001 1.00000000e+001 1.09079252e-005 2.02296095e-005 1.82461260e-005 1.75293753e-005 1.58945670e-005 1.53218193e-005 1.50658346e-005 1.30224802e-005 1.03683785e-005 
5.00000000e-001 1.95655948e+001 1.00000000e+001 1.72455621e-005 2.71044344e-005 2.33017198e-005 2.21517355e-005 1.96841259e-005 1.88684901e-005 1.85102890e-005 1.57897096e-005 1.24219712e-005 
5.00000000e-001 2.31503240e+001 1.00000000e+001 2.59399192e-005 3.53596582e-005 2.90856120e-005 2.73729665e-005 2.38498911e-005 2.27358168e-005 2.22534441e-005 1.87379384e-005 1.45693219e-005 
5.00000000e-001 2.62500000e+001 1.00000000e+001 3.81160873e-005 4.53349696e-005 3.56866652e-005 3.32455060e-005 2.83949398e-005 2.69173647e-005 2.62853857e-005 2.18418658e-005 1.67761243e-005 
5.00000000e-001 2.90204669e+001 1.00000000e+001 5.47928553e-005 5.70346190e-005 4.29497198e-005 3.96008728e-005 3.31460377e-005 3.12434575e-005 3.04384796e-005 2.49547914e-005 1.89249151e-005 
5.00000000e-001 3.15485737e+001 1.00000000e+001 7.82751033e-005 7.15806445e-005 5.15675693e-005 4.70518817e-005 3.85779599e-005 3.61524374e-005 3.51362076e-005 2.84088607e-005 2.12609224e-005 
5.00000000e-001 3.38886043e+001 1.00000000e+001 1.16708569e-004 9.19503767e-005 6.28930416e-005 5.66803778e-005 4.53467191e-005 4.22015119e-005 4.08973946e-005 3.25212967e-005 2.39514870e-005 
7.50000000e-001 8.75000000e+000 1.00000000e+001 1.72453205e-006 6.80365086e-006 7.81684884e-006 7.93880071e-006 8.02571816e-006 7.97891423e-006 7.94693229e-006 7.40490612e-006 6.35047826e-006 
7.50000000e-001 1.51554446e+001 1.00000000e+001 3.71242299e-006 1.03448051e-005 1.08072553e-005 1.07635111e-005 1.05018597e-005 1.03417564e-005 1.02601650e-005 9.34859610e-006 7.84585614e-006 
7.50000000e-001 1.95655948e+001 1.00000000e+001 7.13944126e-006 1.54167171e-005 1.48818678e-005 1.45606504e-005 1.37287584e-005 1.33916267e-005 1.32340886e-005 1.17928215e-005 9.69781117e-006 
7.50000000e-001 2.31503240e+001 1.00000000e+001 1.26331927e-005 2.20608353e-005 1.98729538e-005 1.91347194e-005 1.74828442e-005 1.69033743e-005 1.66436109e-005 1.45244672e-005 1.17165321e-005 
7.50000000e-001 2.62500000e+001 1.00000000e+001 2.16059312e-005 3.09197257e-005 2.60554057e-005 2.46970260e-005 2.18764592e-005 2.09668720e-005 2.05699380e-005 1.75804135e-005 1.39067092e-005 
7.50000000e-001 2.90204669e+001 1.00000000e+001 3.59222285e-005 4.24706305e-005 3.35152313e-005 3.12770489e-005 2.68628909e-005 2.55216699e-005 2.49478708e-005 2.08799357e-005 1.61891330e-005 
7.50000000e-001 3.15485737e+001 1.00000000e+001 5.89612940e-005 5.80770860e-005 4.29887548e-005 3.95057416e-005 3.29040071e-005 3.09883588e-005 3.01815761e-005 2.47318128e-005 1.87879281e-005 
7.50000000e-001 3.38886043e+001 1.00000000e+001 1.02937013e-004 8.23862802e-005 5.66471842e-005 5.11360303e-005 4.10898012e-005 3.83014291e-005 3.71448906e-005 2.96874635e-005 2.20098382e-005 
1.00000000e+000 8.75000000e+000 1.00000000e+001 4.69728470e-007 3.10755976e-006 4.28518116e-006 4.54790797e-006 5.02299791e-006 5.12241888e-006 5.15627811e-006 5.11230939e-006 4.66068332e-006 
1.00000000e+000 1.51554446e+001 1.00000000e+001 1.33755149e-006 5.47589631e-006 6.55481615e-006 6.74971587e-006 7.04950559e-006 7.08151768e-006 7.08446516e-006 6.78197958e-006 5.98208665e-006 
1.00000000e+000 1.95655948e+001 1.00000000e+001 3.12366004e-006 9.11877176e-006 9.78451211e-006 9.82594121e-006 9.77431848e-006 9.68610867e-006 9.63596789e-006 8.93420184e-006 7.65133220e-006 
1.00000000e+000 2.31503240e+001 1.00000000e+001 6.48089530e-006 1.43256924e-005 1.40107834e-005 1.37668660e-005 1.31173068e-005 1.28415008e-005 1.27107499e-005 1.14482761e-005 9.54224690e-006 
1.00000000e+000 2.62500000e+001 1.00000000e+001 1.28414953e-005 2.19266174e-005 1.96427032e-005 1.89022191e-005 1.72775959e-005 1.67153999e-005 1.64641829e-005 1.44136979e-005 1.16935970e-005 
1.00000000e+000 2.90204669e+001 1.00000000e+001 2.45358055e-005 3.27951912e-005 2.69857911e-005 2.54448299e-005 2.23295408e-005 2.13527835e-005 2.09302837e-005 1.78148414e-005 1.40644471e-005 
1.00000000e+000 3.15485737e+001 1.00000000e+001 4.59376741e-005 4.86681439e-005 3.69036963e-005 3.41148146e-005 2.87694037e-005 2.71975505e-005 2.65324630e-005 2.19618384e-005 1.68717216e-005 
1.00000000e+000 3.38886043e+001 1.00000000e+001 9.30109602e-005 7.58005812e-005 5.23597597e-005 4.73153624e-005 3.81087061e-005 3.55509362e-005 3.44897708e-005 2.76343397e-005 2.05583485e-005 
1.25000000e+000 8.75000000e+000 1.00000000e+001 1.33039736e-007 1.44489129e-006 2.37516334e-006 2.63036952e-006 3.16533385e-006 3.30885567e-006 3.36528184e-006 3.54483211e-006 3.43091781e-006 
1.25000000e+000 1.51554446e+001 1.00000000e+001 4.99632326e-007 2.97489653e-006 4.05344089e-006 4.30766968e-006 4.79750168e-006 4.91064078e-006 4.95151626e-006 4.96688478e-006 4.59303598e-006 
1.25000000e+000 1.95655948e+001 1.00000000e+001 1.41267673e-006 5.54087856e-006 6.57557164e-006 6.76693672e-006 7.07621557e-006 7.11599771e-006 7.12294042e-006 6.85180466e-006 6.09336115e-006 
1.25000000e+000 2.31503240e+001 1.00000000e+001 3.42796210e-006 9.54867880e-006 1.01009541e-005 1.01155587e-005 1.00200561e-005 9.92218403e-006 9.86852079e-006 9.14830188e-006 7.85579297e-006 
1.25000000e+000 2.62500000e+001 1.00000000e+001 7.84564884e-006 1.59318810e-005 1.51330081e-005 1.47699744e-005 1.38964281e-005 1.35593004e-005 1.34035334e-005 1.19901432e-005 9.94875718e-006 
1.25000000e+000 2.90204669e+001 1.00000000e+001 1.71555056e-005 2.58766043e-005 2.21701572e-005 2.11076551e-005 1.88927614e-005 1.81718122e-005 1.78560124e-005 1.54247901e-005 1.23690809e-005 
1.25000000e+000 3.15485737e+001 1.00000000e+001 3.64733016e-005 4.15363306e-005 3.22501065e-005 2.99803630e-005 2.55714585e-005 2.42552884e-005 2.36955549e-005 1.97821324e-005 1.53374506e-005 
1.25000000e+000 3.38886043e+001 1.00000000e+001 8.51293527e-005 7.07143555e-005 4.91064465e-005 4.44245732e-005 3.58556239e-005 3.34692918e-005 3.24785927e-005 2.60652197e-005 1.94302983e-005 
1.50000000e+000 8.75000000e+000 1.00000000e+001 3.88839934e-008 6.82669171e-007 1.33009798e-006 1.53505380e-006 2.00779469e-006 2.15001719e-006 2.20878704e-006 2.46829448e-006 2.53313234e-006 
1.50000000e+000 1.51554446e+001 1.00000000e+001 1.91287077e-007 1.64804761e-006 2.54620089e-006 2.78923113e-006 3.30358769e-006 3.44272512e-006 3.49758688e-006 3.66856760e-006 3.54920596e-006 
1.50000000e+000 1.95655948e+001 1.00000000e+001 6.53151901e-007 3.43137900e-006 4.49269608e-006 4.73378241e-006 5.19236000e-006 5.29482900e-006 5.33106399e-006 5.30965911e-006 4.89260053e-006 
1.50000000e+000 2.31503240e+001 1.00000000e+001 1.85045782e-006 6.47918417e-006 7.40078617e-006 7.54890038e-006 7.76070075e-006 7.76859493e-006 7.76176525e-006 7.39270142e-006 6.52682751e-006 
1.50000000e+000 2.62500000e+001 1.00000000e+001 4.88233574e-006 1.17657180e-005 1.18365831e-005 1.17121571e-005 1.13288306e-005 1.11434686e-005 1.10527587e-005 1.00884453e-005 8.54602299e-006 
1.50000000e+000 2.90204669e+001 1.00000000e+001 1.21832179e-005 2.07065058e-005 1.84621486e-005 1.77444493e-005 1.61874159e-005 1.56558521e-005 1.54193830e-005 1.35044916e-005 1.09837960e-005 
1.50000000e+000 3.15485737e+001 1.00000000e+001 2.93227141e-005 3.58627072e-005 2.85108774e-005 2.66518062e-005 2.29853114e-005 2.18718588e-005 2.13956276e-005 1.80039468e-005 1.40731538e-005 
1.50000000e+000 3.38886043e+001 1.00000000e+001 7.85696588e-005 6.65202756e-005 4.64656278e-005 4.20882990e-005 3.40485703e-005 3.18021665e-005 3.08686250e-005 2.48091992e-005 1.85217683e-005 
1.75000000e+000 8.75000000e+000 1.00000000e+001 1.16562400e-008 3.27182760e-007 7.51986484e-007 9.03391241e-007 1.28150378e-006 1.40491477e-006 1.45755710e-006 1.72567179e-006 1.87568086e-006 
1.75000000e+000 1.51554446e+001 1.00000000e+001 7.45700014e-008 9.26669146e-007 1.61975534e-006 1.82760793e-006 2.29779262e-006 2.43645035e-006 2.49330994e-006 2.73012585e-006 2.75867672e-006 
1.75000000e+000 1.95655948e+001 1.00000000e+001 3.06862284e-007 2.15469418e-006 3.10857768e-006 3.35194847e-006 3.85157593e-006 3.98083833e-006 4.03073512e-006 4.15090545e-006 3.95670777e-006 
1.75000000e+000 2.31503240e+001 1.00000000e+001 1.01376024e-006 4.45328020e-006 5.48780259e-006 5.69956226e-006 6.07570125e-006 6.14596883e-006 6.16754747e-006 6.02878084e-006 5.46473263e-006 
1.75000000e+000 2.62500000e+001 1.00000000e+001 3.07924358e-006 8.79034288e-006 9.36054867e-006 9.38808355e-006 9.33006864e-006 9.24944549e-006 9.20418390e-006 8.56507786e-006 7.39905968e-006 
1.75000000e+000 2.90204669e+001 1.00000000e+001 8.75077004e-006 1.67341892e-005 1.55225206e-005 1.50594989e-005 1.39975544e-005 1.36109543e-005 1.34355175e-005 1.19238658e-005 9.82870748e-006 
1.75000000e+000 3.15485737e+001 1.00000000e+001 2.37897521e-005 3.12141677e-005 2.54073810e-005 2.38828177e-005 2.08253082e-005 1.98788924e-005 1.94715231e-005 1.65110365e-005 1.30055982e-005 
1.75000000e+000 3.38886043e+001 1.00000000e+001 7.29599284e-005 6.29249646e-005 4.42251938e-005 4.01137162e-005 3.25341449e-005 3.04083516e-005 2.95238772e-005 2.37647228e-005 1.77666783e-005 
2.00000000e+000 8.75000000e+000 1.00000000e+001 3.56668411e-009 1.58807796e-007 4.28889405e-007 5.35815727e-007 8.22761944e-007 9.22953671e-007 9.66772167e-007 1.21119206e-006 1.39276541e-006 
2.00000000e+000 1.51554446e+001 1.00000000e+001 2.94813132e-008 5.27109270e-007 1.04099795e-006 1.20925132e-006 1.61187474e-006 1.73828339e-006 1.79146893e-006 2.04532529e-006 2.15562327e-006 
2.00000000e+000 1.95655948e+001 1.00000000e+001 1.45959794e-007 1.36734540e-006 2.17208939e-006 2.39624306e-006 2.88219269e-006 3.01842292e-006 3.07311850e-006 3.26917905e-006 3.21985084e-006 
2.00000000e+000 2.31503240e+001 1.00000000e+001 5.61725521e-007 3.09069978e-006 4.10673497e-006 4.34207794e-006 4.79694121e-006 4.90254520e-006 4.94090632e-006 4.95334624e-006 4.60539740e-006 
2.00000000e+000 2.62500000e+001 1.00000000e+001 1.96225935e-006 6.62504209e-006 7.46414698e-006 7.58694991e-006 7.74441016e-006 7.73671284e-006 7.72356969e-006 7.32404471e-006 6.44755927e-006 
2.00000000e+000 2.90204669e+001 1.00000000e+001 6.34084941e-006 1.36245464e-005 1.31444345e-005 1.28715966e-005 1.21880296e-005 1.19145847e-005 1.17870896e-005 1.05976138e-005 8.84907654e-006 
2.00000000e+000 3.15485737e+001 1.00000000e+001 1.94379951e-005 2.73311793e-005 2.27746299e-005 2.15270095e-005 1.89787926e-005 1.81731893e-005 1.78239877e-005 1.52292273e-005 1.20857706e-005 
2.00000000e+000 3.38886043e+001 1.00000000e+001 6.80771280e-005 5.97663003e-005 4.22679043e-005 3.83933047e-005 3.12239579e-005 2.92053610e-005 2.83644089e-005 2.28693937e-005 1.71220929e-005 
2.25000000e+000 8.75000000e+000 1.00000000e+001 1.10988385e-009 7.79499257e-008 2.46588406e-007 3.20102309e-007 5.31170126e-007 6.09407114e-007 6.44369135e-007 8.53282151e-007 1.03699740e-006 
2.25000000e+000 1.51554446e+001 1.00000000e+001 1.17894863e-008 3.02607117e-007 6.74653459e-007 8.06580561e-007 1.13890803e-006 1.24878716e-006 1.29594916e-006 1.54131599e-006 1.69248787e-006 
2.25000000e+000 1.95655948e+001 1.00000000e+001 7.01191929e-008 8.74923398e-007 1.52959799e-006 1.72614618e-006 2.17229030e-006 2.30470458e-006 2.35920998e-006 2.59093151e-006 2.63445194e-006 
2.25000000e+000 2.31503240e+001 1.00000000e+001 3.14102702e-007 2.16146088e-006 3.09545395e-006 3.33143689e-006 3.81304387e-006 3.93675161e-006 3.98437864e-006 4.09486080e-006 3.90265321e-006 
2.25000000e+000 2.62500000e+001 1.00000000e+001 1.26093345e-006 5.02755061e-006 5.99070926e-006 6.17073899e-006 6.46810325e-006 6.51099275e-006 6.52055417e-006 6.29913969e-006 5.64849413e-006 
2.25000000e+000 2.90204669e+001 1.00000000e+001 4.62737720e-006 1.11574540e-005 1.11924599e-005 1.10620415e-005 1.06696259e-005 1.04854599e-005 1.03960775e-005 9.46782335e-006 8.00650337e-006 
2.25000000e+000 3.15485737e+001 1.00000000e+001 1.59739025e-005 2.40434153e-005 2.05067015e-005 1.94906451e-005 1.73733224e-005 1.66880835e-005 1.63887470e-005 1.41094277e-005 1.12800627e-005 
2.25000000e+000 3.38886043e+001 1.00000000e+001 6.37736378e-005 5.69448497e-005 4.05232702e-005 3.68623778e-005 3.00640983e-005 2.81424876e-005 2.73408872e-005 2.20835162e-005 1.65594712e-005 
2.50000000e+000 8.75000000e+000 1.00000000e+001 3.50224955e-010 3.86414364e-008 1.42820832e-007 1.92509331e-007 3.44707639e-007 4.04304622e-007 4.31461691e-007 6.03291161e-007 7.74139825e-007 
2.50000000e+000 1.51554446e+001 1.00000000e+001 4.76007157e-009 1.75036916e-007 4.40264392e-007 5.41617843e-007 8.09685920e-007 9.02473115e-007 9.42980102e-007 1.16752020e-006 1.33460750e-006 
2.50000000e+000 1.95655948e+001 1.00000000e+001 3.39646530e-008 5.63612866e-007 1.08398246e-006 1.25118576e-006 1.64694686e-006 1.76996743e-006 1.82156379e-006 2.06434296e-006 2.16565804e-006 
2.50000000e+000 2.31503240e+001 1.00000000e+001 1.76969653e-007 1.52098808e-006 2.34682431e-006 2.57072110e-006 3.04770928e-006 3.17843538e-006 3.23040658e-006 3.40251289e-006 3.32266265e-006 
2.50000000e+000 2.62500000e+001 1.00000000e+001 8.15907224e-007 3.83663631e-006 4.83336530e-006 5.04483125e-006 5.42916453e-006 5.50657189e-006 5.53201631e-006 5.44333513e-006 4.97050878e-006 
2.50000000e+000 2.90204669e+001 1.00000000e+001 3.39701457e-006 9.18036687e-006 9.57278519e-006 9.54869423e-006 9.38056399e-006 9.26719327e-006 9.20829949e-006 8.49381683e-006 7.27339897e-006 
2.50000000e+000 3.15485737e+001 1.00000000e+001 1.31906137e-005 2.12315809e-005 1.85309914e-005 1.77098051e-005 1.59597698e-005 1.53783338e-005 1.51221515e-005 1.31179437e-005 1.05648459e-005 
2.50000000e+000 3.38886043e+001 1.00000000e+001 5.99449288e-005 5.43946115e-005 3.89457757e-005 3.54793308e-005 2.90198704e-005 2.71869902e-005 2.64213976e-005 2.13809327e-005 1.60593843e-005 
0.00000000e+000 8.75000000e+000 2.00000000e+001 1.33988811e-004 9.11756350e-005 5.74096372e-005 5.04889494e-005 3.82370635e-005 3.49859558e-005 3.36619806e-005 2.56454606e-005 1.81111917e-005 
0.00000000e+000 1.51554446e+001 2.00000000e+001 1.41657414e-004 9.61707871e-005 6.06274560e-005 5.33638888e-005 4.05186401e-005 3.71064196e-005 3.57154742e-005 2.72637340e-005 1.92740170e-005 
0.00000000e+000 1.95655948e+001 2.00000000e+001 1.50771776e-004 1.02082441e-004 6.44124288e-005 5.67281768e-005 4.31407943e-005 3.95275807e-005 3.80537533e-005 2.90800404e-005 2.05696448e-005 
0.00000000e+000 2.31503240e+001 2.00000000e+001 1.60449926e-004 1.08345403e-004 6.83777451e-005 6.02343155e-005 4.58359343e-005 4.20051962e-005 4.04422061e-005 3.09177409e-005 2.18740544e-005 
0.00000000e+000 2.62500000e+001 2.00000000e+001 1.70738990e-004 1.15022338e-004 7.25693512e-005 6.39254840e-005 4.86437155e-005 4.45778963e-005 4.29189704e-005 3.28099813e-005 2.32123255e-005 
0.00000000e+000 2.90204669e+001 2.00000000e+001 1.81482676e-004 1.22029789e-004 7.69518131e-005 6.77756008e-005 5.15522207e-005 4.72365765e-005 4.54759437e-005 3.47529021e-005 2.45825305e-005 
0.00000000e+000 3.15485737e+001 2.00000000e+001 1.94031065e-004 1.30280056e-004 8.21123795e-005 7.23067292e-005 5.49673476e-005 5.03553135e-005 4.84740494e-005 3.70248963e-005 2.61824546e-005 
0.00000000e+000 3.38886043e+001 2.00000000e+001 2.07946998e-004 1.39474385e-004 8.78620378e-005 7.73525118e-005 5.87637705e-005 5.38199809e-005 5.18037563e-005 3.95441664e-005 2.79553114e-005 
2.50000000e-001 8.75000000e+000 2.00000000e+001 2.93371207e-005 3.80601260e-005 2.97275455e-005 2.75090197e-005 2.30469786e-005 2.17017138e-005 2.11308886e-005 1.72535622e-005 1.30341290e-005 
2.50000000e-001 1.51554446e+001 2.00000000e+001 3.66566840e-005 4.35554472e-005 3.32481058e-005 3.06278682e-005 2.54632557e-005 2.39306391e-005 2.32829156e-005 1.89243432e-005 1.42256075e-005 
2.50000000e-001 1.95655948e+001 2.00000000e+001 4.57068312e-005 5.00893949e-005 3.73912952e-005 3.42841675e-005 2.82615249e-005 2.65001948e-005 2.57589276e-005 2.08250121e-005 1.55706686e-005 
2.50000000e-001 2.31503240e+001 2.00000000e+001 5.64707704e-005 5.74593976e-005 4.19654471e-005 3.82939361e-005 3.12813074e-005 2.92588177e-005 2.84112846e-005 2.28352686e-005 1.69785408e-005 
2.50000000e-001 2.62500000e+001 2.00000000e+001 6.99009763e-005 6.61185621e-005 4.72071090e-005 4.28550929e-005 3.46584584e-005 3.23274718e-005 3.13550690e-005 2.50370671e-005 1.85027062e-005 
2.50000000e-001 2.90204669e+001 2.00000000e+001 8.67096403e-005 7.62981369e-005 5.32208169e-005 4.80523572e-005 3.84467855e-005 3.57526513e-005 3.46339007e-005 2.74585402e-005 2.01593697e-005 
2.50000000e-001 3.15485737e+001 2.00000000e+001 1.08491822e-004 8.88970189e-005 6.05639106e-005 5.43778429e-005 4.30251907e-005 3.98830491e-005 3.85840828e-005 3.03592332e-005 2.21338969e-005 
2.50000000e-001 3.38886043e+001 2.00000000e+001 1.39972727e-004 1.05663407e-004 7.00277835e-005 6.24628874e-005 4.87746130e-005 4.50420063e-005 4.35066689e-005 3.39241541e-005 2.45262960e-005 
5.00000000e-001 8.75000000e+000 2.00000000e+001 6.86405119e-006 1.62501191e-005 1.55928292e-005 1.51537162e-005 1.39978426e-005 1.35533699e-005 1.33506861e-005 1.16622597e-005 9.41066328e-006 
5.00000000e-001 1.51554446e+001 2.00000000e+001 1.10051712e-005 2.08902105e-005 1.88636180e-005 1.80996358e-005 1.63358890e-005 1.57209015e-005 1.54473924e-005 1.33060275e-005 1.05940104e-005 
5.00000000e-001 1.95655948e+001 2.00000000e+001 1.68522502e-005 2.66924469e-005 2.28287902e-005 2.16447702e-005 1.91031477e-005 1.82727674e-005 1.79103162e-005 1.52118319e-005 1.19516144e-005 
5.00000000e-001 2.31503240e+001 2.00000000e+001 2.48383889e-005 3.36993322e-005 2.74351167e-005 2.57228682e-005 2.22194836e-005 2.11279193e-005 2.06583971e-005 1.73041185e-005 1.34200635e-005 
5.00000000e-001 2.62500000e+001 2.00000000e+001 3.63070761e-005 4.26002508e-005 3.30494790e-005 3.06410552e-005 2.58933305e-005 2.44706694e-005 2.38664045e-005 1.97044950e-005 1.50768628e-005 
5.00000000e-001 2.90204669e+001 2.00000000e+001 5.28189511e-005 5.39587250e-005 3.99267840e-005 3.66038174e-005 3.02505652e-005 2.84087143e-005 2.76349753e-005 2.24765434e-005 1.69582221e-005 
5.00000000e-001 3.15485737e+001 2.00000000e+001 7.70240580e-005 6.89179220e-005 4.86980291e-005 4.41533005e-005 3.56880429e-005 3.33026450e-005 3.23101551e-005 2.58807198e-005 1.92470029e-005 
5.00000000e-001 3.38886043e+001 2.00000000e+001 1.18234461e-004 9.10786245e-005 6.10553809e-005 5.46571190e-005 4.30589018e-005 3.98851898e-005 3.85777731e-005 3.03542467e-005 2.21927525e-005 
7.50000000e-001 8.75000000e+000 2.00000000e+001 1.70123541e-006 7.08699312e-006 8.28064601e-006 8.43650664e-006 8.56518066e-006 8.52079708e-006 8.48847825e-006 7.91923378e-006 6.81617329e-006 
7.50000000e-001 1.51554446e+001 2.00000000e+001 3.62075738e-006 1.04832765e-005 1.10164829e-005 1.09697643e-005 1.06753383e-005 1.05007943e-005 1.04129890e-005 9.46737886e-006 7.95607876e-006 
7.50000000e-001 1.95655948e+001 2.00000000e+001 6.84440261e-006 1.50568690e-005 1.44904768e-005 1.41451702e-005 1.32529813e-005 1.29014299e-005 1.27391045e-005 1.13056377e-005 9.28905932e-006 
7.50000000e-001 2.31503240e+001 2.00000000e+001 1.19964829e-005 2.10268020e-005 1.87550726e-005 1.79873851e-005 1.62818842e-005 1.56983271e-005 1.54395100e-005 1.33955410e-005 1.07749496e-005 
7.50000000e-001 2.62500000e+001 2.00000000e+001 2.05656327e-005 2.92349846e-005 2.42696612e-005 2.28829512e-005 2.00261315e-005 1.91251578e-005 1.87357973e-005 1.58910488e-005 1.25115709e-005 
7.50000000e-001 2.90204669e+001 2.00000000e+001 3.47512555e-005 4.05693392e-005 3.14432323e-005 2.91603415e-005 2.46876678e-005 2.33545378e-005 2.27891997e-005 1.88937518e-005 1.45566272e-005 
7.50000000e-001 3.15485737e+001 2.00000000e+001 5.84211430e-005 5.65659576e-005 4.10523612e-005 3.74694616e-005 3.07161572e-005 2.87884335e-005 2.79828899e-005 2.26814868e-005 1.70991003e-005 
7.50000000e-001 3.38886043e+001 2.00000000e+001 1.05211072e-004 8.25762882e-005 5.56399752e-005 4.98737832e-005 3.94122994e-005 3.65480986e-005 3.53680863e-005 2.79320199e-005 2.05319287e-005 
1.00000000e+000 8.75000000e+000 2.00000000e+001 4.42364571e-007 3.15197735e-006 4.44947251e-006 4.74462598e-006 5.27875269e-006 5.39142673e-006 5.43018759e-006 5.40173336e-006 4.95242895e-006 
1.00000000e+000 1.51554446e+001 2.00000000e+001 1.25788869e-006 5.44361845e-006 6.58878942e-006 6.79120323e-006 7.08949996e-006 7.11770644e-006 7.11890913e-006 6.80910778e-006 6.02175521e-006 
1.00000000e+000 1.95655948e+001 2.00000000e+001 2.92063730e-006 8.81892635e-006 9.46705614e-006 9.49095212e-006 9.38946398e-006 9.28744565e-006 9.23227612e-006 8.52785831e-006 7.29989561e-006 
1.00000000e+000 2.31503240e+001 2.00000000e+001 6.05552755e-006 1.36165970e-005 1.32184084e-005 1.29402472e-005 1.22147430e-005 1.19231552e-005 1.17876345e-005 1.05510868e-005 8.76688941e-006 
1.00000000e+000 2.62500000e+001 2.00000000e+001 1.21101389e-005 2.07756748e-005 1.83699233e-005 1.75851688e-005 1.58731348e-005 1.52978003e-005 1.50440565e-005 1.30594976e-005 1.05378631e-005 
1.00000000e+000 2.90204669e+001 2.00000000e+001 2.36298190e-005 3.14745832e-005 2.54805396e-005 2.38767964e-005 2.06439579e-005 1.96504980e-005 1.92250215e-005 1.61942692e-005 1.26930907e-005 
1.00000000e+000 3.15485737e+001 2.00000000e+001 4.55264907e-005 4.77076854e-005 3.55169694e-005 3.26106843e-005 2.70549541e-005 2.54465102e-005 2.47714040e-005 2.02637211e-005 1.54349018e-005 
1.00000000e+000 3.38886043e+001 2.00000000e+001 9.54674578e-005 7.65171617e-005 5.18424203e-005 4.65207338e-005 3.68375997e-005 3.41810386e-005 3.30861171e-005 2.61773690e-005 1.92946914e-005 
1.25000000e+000 8.75000000e+000 2.00000000e+001 1.19599561e-007 1.42708284e-006 2.41742897e-006 2.69404709e-006 3.27582405e-006 3.43253917e-006 3.49433727e-006 3.70065647e-006 3.60931431e-006 
1.25000000e+000 1.51554446e+001 2.00000000e+001 4.52127928e-007 2.89911750e-006 4.01708709e-006 4.27849842e-006 4.77369858e-006 4.88644970e-006 4.92709045e-006 4.94476867e-006 4.59048021e-006 
1.25000000e+000 1.95655948e+001 2.00000000e+001 1.28275330e-006 5.29586604e-006 6.31699392e-006 6.49536577e-006 6.76391116e-006 6.79112659e-006 6.79321206e-006 6.51334800e-006 5.79235611e-006 
1.25000000e+000 2.31503240e+001 2.00000000e+001 3.13494068e-006 9.02382473e-006 9.51207758e-006 9.49644310e-006 9.32547488e-006 9.20809170e-006 9.14741675e-006 8.42669732e-006 7.21278351e-006 
1.25000000e+000 2.62500000e+001 2.00000000e+001 7.29096943e-006 1.50725350e-005 1.41780764e-005 1.37723571e-005 1.28009584e-005 1.24420235e-005 1.22792021e-005 1.08879149e-005 8.98176786e-006 
1.25000000e+000 2.90204669e+001 2.00000000e+001 1.63715402e-005 2.48578339e-005 2.10124933e-005 1.98900743e-005 1.75457052e-005 1.67980084e-005 1.64740287e-005 1.40783690e-005 1.12028122e-005 
1.25000000e+000 3.15485737e+001 2.00000000e+001 3.60240421e-005 4.08395535e-005 3.11953662e-005 2.88127868e-005 2.41826959e-005 2.28200284e-005 2.22451535e-005 1.83469169e-005 1.40974948e-005 
1.25000000e+000 3.38886043e+001 2.00000000e+001 8.75581102e-005 7.16991354e-005 4.88891916e-005 4.39275729e-005 3.48626048e-005 3.23670345e-005 3.13375380e-005 2.48283207e-005 1.83318042e-005 
1.50000000e+000 8.75000000e+000 2.00000000e+001 3.33670104e-008 6.56562824e-007 1.32701120e-006 1.54355403e-006 2.04629079e-006 2.19838188e-006 2.26139566e-006 2.54601175e-006 2.63832601e-006 
1.50000000e+000 1.51554446e+001 2.00000000e+001 1.66311932e-007 1.57323682e-006 2.48700328e-006 2.73413774e-006 3.25229212e-006 3.39155906e-006 3.44646820e-006 3.62181196e-006 3.52232228e-006 
1.50000000e+000 1.95655948e+001 2.00000000e+001 5.74300827e-007 3.23509486e-006 4.28082459e-006 4.51167807e-006 4.93677998e-006 5.02814607e-006 5.05991366e-006 5.02678496e-006 4.63472937e-006 
1.50000000e+000 2.31503240e+001 2.00000000e+001 1.65050963e-006 6.07207266e-006 6.94488240e-006 7.06839725e-006 7.21323598e-006 7.20166692e-006 7.18735150e-006 6.80465269e-006 5.98916106e-006 
1.50000000e+000 2.62500000e+001 2.00000000e+001 4.45536937e-006 1.10823203e-005 1.10867891e-005 1.09265191e-005 1.04515967e-005 1.02422938e-005 1.01429336e-005 9.17737663e-006 7.72851456e-006 
1.50000000e+000 2.90204669e+001 2.00000000e+001 1.14867887e-005 1.98561874e-005 1.75255442e-005 1.67577440e-005 1.50794909e-005 1.45186176e-005 1.42720765e-005 1.23661943e-005 9.97977757e-006 
1.50000000e+000 3.15485737e+001 2.00000000e+001 2.87997766e-005 3.52875394e-005 2.76614673e-005 2.57024980e-005 2.18256667e-005 2.06633768e-005 2.01701810e-005 1.67679162e-005 1.29884790e-005 
1.50000000e+000 3.38886043e+001 2.00000000e+001 8.08837639e-005 6.76385096e-005 4.64382094e-005 4.17870736e-005 3.32513482e-005 3.08917129e-005 2.99171169e-005 2.37376775e-005 1.75521947e-005 
1.75000000e+000 8.75000000e+000 2.00000000e+001 9.54778125e-009 3.06413100e-007 7.35424469e-007 8.91851066e-007 1.28625367e-006 1.41594655e-006 1.47143093e-006 1.75878908e-006 1.93417317e-006 
1.75000000e+000 1.51554446e+001 2.00000000e+001 6.22283279e-008 8.65898250e-007 1.55865718e-006 1.76752593e-006 2.23777817e-006 2.37605151e-006 2.43278169e-006 2.67292661e-006 2.71874359e-006 
1.75000000e+000 1.95655948e+001 2.00000000e+001 2.60759387e-007 2.00061526e-006 2.93463120e-006 3.16919306e-006 3.64056332e-006 3.76008089e-006 3.80594951e-006 3.91317986e-006 3.73522602e-006 
1.75000000e+000 2.31503240e+001 2.00000000e+001 8.79782504e-007 4.13009472e-006 5.12372998e-006 5.31564965e-006 5.63463777e-006 5.68699467e-006 5.70140990e-006 5.54320403e-006 5.01118717e-006 
1.75000000e+000 2.62500000e+001 2.00000000e+001 2.75271608e-006 8.22549233e-006 8.74980625e-006 8.74867583e-006 8.61061138e-006 8.50690132e-006 8.45283847e-006 7.80077551e-006 6.70073161e-006 
1.75000000e+000 2.90204669e+001 2.00000000e+001 8.13529995e-006 1.59874741e-005 1.47325755e-005 1.42303487e-005 1.30626759e-005 1.26477821e-005 1.24620659e-005 1.09458432e-005 8.95420710e-006 
1.75000000e+000 3.15485737e+001 2.00000000e+001 2.32011604e-005 3.06887996e-005 2.46875501e-005 2.30784353e-005 1.98305193e-005 1.88367548e-005 1.84123462e-005 1.54283391e-005 1.20447377e-005 
1.75000000e+000 3.38886043e+001 2.00000000e+001 7.51238565e-005 6.41013599e-005 4.43205184e-005 3.99447649e-005 3.18785529e-005 2.96389182e-005 2.87126346e-005 2.28199485e-005 1.68991152e-005 
2.00000000e+000 8.75000000e+000 2.00000000e+001 2.78883210e-009 1.44823170e-007 4.11163226e-007 5.19344928e-007 8.13296560e-007 9.16901032e-007 9.62365935e-007 1.21975072e-006 1.42196537e-006 
2.00000000e+000 1.51554446e+001 2.00000000e+001 2.35976378e-008 4.81824151e-007 9.86466617e-007 1.15342690e-006 1.55257309e-006 1.67784613e-006 1.73060274e-006 1.98574910e-006 2.10970194e-006 
2.00000000e+000 1.95655948e+001 2.00000000e+001 1.19706412e-007 1.24865826e-006 2.02955417e-006 2.24551355e-006 2.70672609e-006 2.83432672e-006 2.88539344e-006 3.06818760e-006 3.02891387e-006 
2.00000000e+000 2.31503240e+001 2.00000000e+001 4.73514957e-007 2.83194316e-006 3.80974904e-006 4.02861593e-006 4.43489378e-006 4.52452197e-006 4.55632785e-006 4.54733428e-006 4.21941900e-006 
2.00000000e+000 2.62500000e+001 2.00000000e+001 1.71553565e-006 6.14838567e-006 6.95277476e-006 7.05277590e-006 7.14201517e-006 7.11323573e-006 7.09178175e-006 6.67399059e-006 5.84503836e-006 
2.00000000e+000 2.90204669e+001 2.00000000e+001 5.80438086e-006 1.29496105e-005 1.24565085e-005 1.21541799e-005 1.13816225e-005 1.10824211e-005 1.09452376e-005 9.74493213e-006 8.07900687e-006 
2.00000000e+000 3.15485737e+001 2.00000000e+001 1.88044977e-005 2.68195938e-005 2.21379428e-005 2.08209521e-005 1.81052352e-005 1.72556163e-005 1.68902023e-005 1.42664814e-005 1.12247629e-005 
2.00000000e+000 3.38886043e+001 2.00000000e+001 7.00794348e-005 6.09565131e-005 4.24432748e-005 3.83154204e-005 3.06732938e-005 2.85420613e-005 2.76593753e-005 2.20236446e-005 1.63363851e-005 
2.25000000e+000 8.75000000e+000 2.00000000e+001 8.28477055e-010 6.92198445e-008 2.31731259e-007 3.04618982e-007 5.17110853e-007 5.96765660e-007 6.32500649e-007 8.49106674e-007 1.04826561e-006 
2.25000000e+000 1.51554446e+001 2.00000000e+001 9.04756685e-009 2.70449558e-007 6.29312140e-007 7.58498801e-007 1.08473033e-006 1.19280298e-006 1.23925360e-006 1.48380043e-006 1.64494136e-006 
2.25000000e+000 1.95655948e+001 2.00000000e+001 5.54506258e-008 7.84989176e-007 1.41332064e-006 1.60191386e-006 2.02566369e-006 2.15031216e-006 2.20151899e-006 2.42003286e-006 2.46916200e-006 
2.25000000e+000 2.31503240e+001 2.00000000e+001 2.56878124e-007 1.95414910e-006 2.84993717e-006 3.07161304e-006 3.51133047e-006 3.62088870e-006 3.66260919e-006 3.75149418e-006 3.57136403e-006 
2.25000000e+000 2.62500000e+001 2.00000000e+001 1.07677727e-006 4.62146843e-006 5.55411715e-006 5.71559310e-006 5.95493857e-006 5.97900004e-006 5.98096470e-006 5.73935497e-006 5.12370972e-006 
2.25000000e+000 2.90204669e+001 2.00000000e+001 4.16655428e-006 1.05385921e-005 1.05792187e-005 1.04271474e-005 9.96113167e-006 9.75421213e-006 9.65605515e-006 8.71473125e-006 7.32153733e-006 
2.25000000e+000 3.15485737e+001 2.00000000e+001 1.53174807e-005 2.35285440e-005 1.99241565e-005 1.88526705e-005 1.65907863e-005 1.58656510e-005 1.55513652e-005 1.32420067e-005 1.05005136e-005 
2.25000000e+000 3.38886043e+001 2.00000000e+001 6.56148875e-005 5.81218556e-005 4.07504297e-005 3.68478165e-005 2.95927569e-005 2.75607138e-005 2.67179259e-005 2.13165386e-005 1.58403575e-005 
2.50000000e+000 8.75000000e+000 2.00000000e+001 2.49597149e-010 3.34132058e-008 1.31567223e-007 1.79866386e-007 3.30507811e-007 3.90269975e-007 4.17623879e-007 5.93220054e-007 7.74823683e-007 
2.50000000e+000 1.51554446e+001 2.00000000e+001 3.50151909e-009 1.52887587e-007 4.04099811e-007 5.01977922e-007 7.62350277e-007 8.52845915e-007 8.92426651e-007 1.11434957e-006 1.28806732e-006 
2.50000000e+000 1.95655948e+001 2.00000000e+001 2.58823559e-008 4.96405183e-007 9.89664989e-007 1.14906120e-006 1.52407367e-006 1.63999041e-006 1.68855260e-006 1.91832420e-006 2.02198056e-006 
2.50000000e+000 2.31503240e+001 2.00000000e+001 1.40287834e-007 1.35540614e-006 2.14230583e-006 2.35323711e-006 2.79331676e-006 2.91144190e-006 2.95809348e-006 3.10921194e-006 3.03603681e-006 
2.50000000e+000 2.62500000e+001 2.00000000e+001 6.79934239e-007 3.48962593e-006 4.45570536e-006 4.65144877e-006 4.98585690e-006 5.04653373e-006 5.06511442e-006 4.95597853e-006 4.50943003e-006 
2.50000000e+000 2.90204669e+001 2.00000000e+001 3.00632839e-006 8.60971271e-006 9.01714196e-006 8.97732201e-006 8.74867493e-006 8.61549661e-006 8.54881594e-006 7.82112303e-006 6.65854917e-006 
2.50000000e+000 3.15485737e+001 2.00000000e+001 1.25303749e-005 2.07066096e-005 1.79842732e-005 1.71199608e-005 1.52469425e-005 1.46299463e-005 1.43602557e-005 1.23274266e-005 9.85250501e-006 
2.50000000e+000 3.38886043e+001 2.00000000e+001 6.16317734e-005 5.55416816e-005 3.92054109e-005 3.55088082e-005 2.86094888e-005 2.66689342e-005 2.58629742e-005 2.06776501e-005 1.53951683e-005 
END