TITLE="3SCB_EB_E_WD070.dat"
VARIABLES= "Density" "Radius" "Height" "0.1053" "0.356" "0.6617" "0.7889" "1.1732" "1.3325" "1.408" "2" "3" 
ZONE T="3D Data" I=11 J=8 K=3 F=POINT
0.00000000e+000 8.75000000e+000 0.00000000e+000 2.62776998e-004 1.77775328e-004 1.14483803e-004 1.01559362e-004 7.84846073e-005 7.22398605e-005 6.96741264e-005 5.37554414e-005 3.82959533e-005 
0.00000000e+000 1.51554446e+001 0.00000000e+000 2.35023658e-004 1.59455132e-004 1.02587678e-004 9.09929519e-005 7.03581191e-005 6.47883119e-005 6.25006526e-005 4.82881683e-005 3.44207288e-005 
0.00000000e+000 1.95655948e+001 0.00000000e+000 2.15831858e-004 1.46492189e-004 9.44330359e-005 8.38277961e-005 6.49414187e-005 5.98356109e-005 5.77368657e-005 4.46613667e-005 3.18346451e-005 
0.00000000e+000 2.31503240e+001 0.00000000e+000 2.03462788e-004 1.38297181e-004 8.92355248e-005 7.92629581e-005 6.15124083e-005 5.67086910e-005 5.47326002e-005 4.23869908e-005 3.02150687e-005 
0.00000000e+000 2.62500000e+001 0.00000000e+000 2.02386332e-004 1.37580059e-004 8.84531861e-005 7.84778733e-005 6.07740574e-005 5.60005043e-005 5.40391646e-005 4.18150583e-005 2.97907151e-005 
0.00000000e+000 2.90204669e+001 0.00000000e+000 2.09040649e-004 1.41940568e-004 9.09474965e-005 8.05797208e-005 6.21982779e-005 5.72581488e-005 5.52315049e-005 4.26547690e-005 3.03566877e-005 
0.00000000e+000 3.15485737e+001 0.00000000e+000 2.19626438e-004 1.48956236e-004 9.52340729e-005 8.43005757e-005 6.49131582e-005 5.97104280e-005 5.75781389e-005 4.43897828e-005 3.15605405e-005 
0.00000000e+000 3.38886043e+001 0.00000000e+000 2.32918432e-004 1.57745643e-004 1.00689675e-004 8.90740092e-005 6.84732936e-005 6.29493714e-005 6.06868223e-005 4.67251298e-005 3.31958289e-005 
2.50000000e-001 8.75000000e+000 0.00000000e+000 6.14334458e-005 7.70123540e-005 6.09517886e-005 5.67708145e-005 4.83265330e-005 4.57218981e-005 4.46045407e-005 3.67751632e-005 2.79454320e-005 
2.50000000e-001 1.51554446e+001 0.00000000e+000 6.51672918e-005 7.49111748e-005 5.77987735e-005 5.35383367e-005 4.51392721e-005 4.26067615e-005 4.15272305e-005 3.40660039e-005 2.57474935e-005 
2.50000000e-001 1.95655948e+001 0.00000000e+000 7.06929828e-005 7.46880363e-005 5.63544897e-005 5.19628530e-005 4.34480729e-005 4.09198449e-005 3.98469612e-005 3.25145894e-005 2.44257081e-005 
2.50000000e-001 2.31503240e+001 0.00000000e+000 7.77053160e-005 7.62155432e-005 5.62822471e-005 5.16674340e-005 4.28609575e-005 4.02827595e-005 3.91930170e-005 3.18197489e-005 2.37657103e-005 
2.50000000e-001 2.62500000e+001 0.00000000e+000 8.91956564e-005 8.17762765e-005 5.89267058e-005 5.37764846e-005 4.41072015e-005 4.13273134e-005 4.01593162e-005 3.23794640e-005 2.40306992e-005 
2.50000000e-001 2.90204669e+001 0.00000000e+000 1.05603583e-004 9.09760280e-005 6.40446721e-005 5.80968672e-005 4.70660871e-005 4.39452739e-005 4.26418016e-005 3.41059860e-005 2.51378566e-005 
2.50000000e-001 3.15485737e+001 0.00000000e+000 1.27102738e-004 1.03124301e-004 7.10105926e-005 6.40569619e-005 5.12945260e-005 4.77313980e-005 4.62506375e-005 3.66991601e-005 2.68615535e-005 
2.50000000e-001 3.38886043e+001 0.00000000e+000 1.58105918e-004 1.19694359e-004 8.03824332e-005 7.20652247e-005 5.69820760e-005 5.28296685e-005 5.11127901e-005 4.02052014e-005 2.91975986e-005 
5.00000000e-001 8.75000000e+000 0.00000000e+000 1.53706308e-005 3.41402479e-005 3.28813067e-005 3.20926465e-005 2.99903436e-005 2.91402430e-005 2.87448184e-005 2.52795738e-005 2.04599581e-005 
5.00000000e-001 1.51554446e+001 0.00000000e+000 2.12482778e-005 3.74997396e-005 3.38198652e-005 3.25430283e-005 2.96355742e-005 2.86035446e-005 2.81395089e-005 2.43812817e-005 1.94538934e-005 
5.00000000e-001 1.95655948e+001 0.00000000e+000 2.87954396e-005 4.18939991e-005 3.56718670e-005 3.38992584e-005 3.01568444e-005 2.89232616e-005 2.83805560e-005 2.42300598e-005 1.90512128e-005 
5.00000000e-001 2.31503240e+001 0.00000000e+000 3.80777768e-005 4.73043767e-005 3.82883251e-005 3.59800033e-005 3.13395651e-005 2.98854124e-005 2.92555292e-005 2.46398416e-005 1.91095861e-005 
5.00000000e-001 2.62500000e+001 0.00000000e+000 5.10678503e-005 5.55181324e-005 4.28294640e-005 3.97855100e-005 3.38807398e-005 3.21072485e-005 3.13499343e-005 2.60219709e-005 1.99076748e-005 
5.00000000e-001 2.90204669e+001 0.00000000e+000 6.92442012e-005 6.70015667e-005 4.95075872e-005 4.54936871e-005 3.78958151e-005 3.56859400e-005 3.47532729e-005 2.84202466e-005 2.14478663e-005 
5.00000000e-001 3.15485737e+001 0.00000000e+000 9.45784750e-005 8.21070644e-005 5.82756675e-005 5.30146096e-005 4.32549497e-005 4.04878857e-005 3.93310226e-005 3.17026670e-005 2.36072278e-005 
5.00000000e-001 3.38886043e+001 0.00000000e+000 1.35724076e-004 1.04209441e-004 7.06746038e-005 6.35748815e-005 5.06913080e-005 4.71327342e-005 4.56588811e-005 3.62156788e-005 2.65630288e-005 
7.50000000e-001 8.75000000e+000 0.00000000e+000 4.07821858e-006 1.54665918e-005 1.79641804e-005 1.83396408e-005 1.87534108e-005 1.86985741e-005 1.86442120e-005 1.74593373e-005 1.50284119e-005 
7.50000000e-001 1.51554446e+001 0.00000000e+000 7.60914985e-006 1.97121512e-005 2.04262722e-005 2.03383371e-005 1.98575919e-005 1.95593649e-005 1.94063735e-005 1.76813571e-005 1.48368845e-005 
7.50000000e-001 1.95655948e+001 0.00000000e+000 1.28796055e-005 2.49968436e-005 2.35862806e-005 2.29938704e-005 2.15626364e-005 2.10053678e-005 2.07468004e-005 1.84208048e-005 1.50768184e-005 
7.50000000e-001 2.31503240e+001 0.00000000e+000 2.03098978e-005 3.13711316e-005 2.73848925e-005 2.62222520e-005 2.37515598e-005 2.29158092e-005 2.25439277e-005 1.95627068e-005 1.56536752e-005 
7.50000000e-001 2.62500000e+001 0.00000000e+000 3.15662747e-005 4.02551558e-005 3.28042538e-005 3.08907018e-005 2.70647039e-005 2.58681070e-005 2.53496133e-005 2.15110426e-005 1.68486623e-005 
7.50000000e-001 2.90204669e+001 0.00000000e+000 4.86571726e-005 5.25229101e-005 4.02972806e-005 3.73796410e-005 3.17566520e-005 3.00835031e-005 2.93715435e-005 2.43954823e-005 1.87238571e-005 
7.50000000e-001 3.15485737e+001 0.00000000e+000 7.47801205e-005 6.92244088e-005 5.02253417e-005 4.59453075e-005 3.79321789e-005 3.56345292e-005 3.46700214e-005 2.82167638e-005 2.12402775e-005 
7.50000000e-001 3.38886043e+001 0.00000000e+000 1.22321193e-004 9.53858730e-005 6.49853745e-005 5.85283826e-005 4.68027615e-005 4.35608187e-005 4.22175829e-005 3.35898284e-005 2.47397124e-005 
1.00000000e+000 8.75000000e+000 0.00000000e+000 1.13586394e-006 7.14838362e-006 9.93303287e-006 1.05893460e-005 1.18132402e-005 1.20775201e-005 1.21687993e-005 1.21137879e-005 1.10741435e-005 
1.00000000e+000 1.51554446e+001 0.00000000e+000 2.86963351e-006 1.07372401e-005 1.26555013e-005 1.30047580e-005 1.35410310e-005 1.35907565e-005 1.35911057e-005 1.29752614e-005 1.14135429e-005 
1.00000000e+000 1.95655948e+001 0.00000000e+000 6.00418939e-006 1.54864018e-005 1.60796154e-005 1.60442109e-005 1.57772689e-005 1.55855543e-005 1.54842984e-005 1.42392907e-005 1.20827997e-005 
1.00000000e+000 2.31503240e+001 0.00000000e+000 1.11966810e-005 2.15489759e-005 2.02103623e-005 1.96871215e-005 1.84649049e-005 1.79985887e-005 1.77830010e-005 1.58363882e-005 1.30195055e-005 
1.00000000e+000 2.62500000e+001 0.00000000e+000 2.00877211e-005 3.01388153e-005 2.58944902e-005 2.46911450e-005 2.21856371e-005 2.13614548e-005 2.09981800e-005 1.81530505e-005 1.44995371e-005 
1.00000000e+000 2.90204669e+001 0.00000000e+000 3.51168401e-005 4.23784141e-005 3.37280366e-005 3.15582707e-005 2.72807676e-005 2.59739475e-005 2.54128850e-005 2.13764306e-005 1.66272878e-005 
1.00000000e+000 3.15485737e+001 0.00000000e+000 6.05355409e-005 5.98549282e-005 4.43829992e-005 4.08093912e-005 3.40381281e-005 3.20707216e-005 3.12411962e-005 2.56144913e-005 1.94333715e-005 
1.00000000e+000 3.38886043e+001 0.00000000e+000 1.12224308e-004 8.91100566e-005 6.10336309e-005 5.50323565e-005 4.41023175e-005 4.10720120e-005 3.98154479e-005 3.17267529e-005 2.34106119e-005 
1.25000000e+000 8.75000000e+000 0.00000000e+000 3.28977997e-007 3.36430650e-006 5.55460730e-006 6.17443644e-006 7.49405855e-006 7.85044216e-006 7.99047670e-006 8.44248253e-006 8.18589838e-006 
1.25000000e+000 1.51554446e+001 0.00000000e+000 1.11562099e-006 5.99834001e-006 7.99919263e-006 8.46951550e-006 9.37093851e-006 9.57333249e-006 9.64485050e-006 9.62196653e-006 8.84916295e-006 
1.25000000e+000 1.95655948e+001 0.00000000e+000 2.86115760e-006 9.81641191e-006 1.11943391e-005 1.14215060e-005 1.17474388e-005 1.17570914e-005 1.17447383e-005 1.11573129e-005 9.78785424e-006 
1.25000000e+000 2.31503240e+001 0.00000000e+000 6.27900779e-006 1.50914353e-005 1.52085546e-005 1.50658033e-005 1.46110946e-005 1.43798984e-005 1.42649702e-005 1.30106340e-005 1.09620281e-005 
1.25000000e+000 2.62500000e+001 0.00000000e+000 1.29821773e-005 2.29510968e-005 2.08029302e-005 2.00846290e-005 1.84948521e-005 1.79326241e-005 1.76790339e-005 1.55480829e-005 1.26381980e-005 
1.25000000e+000 2.90204669e+001 0.00000000e+000 2.57180415e-005 3.47168854e-005 2.86775025e-005 2.70667728e-005 2.38006361e-005 2.27699088e-005 2.23226106e-005 1.89974172e-005 1.49515321e-005 
1.25000000e+000 3.15485737e+001 0.00000000e+000 4.96516989e-005 5.24408280e-005 3.97615229e-005 3.67511040e-005 3.09668814e-005 2.92600599e-005 2.85366957e-005 2.35559421e-005 1.79914482e-005 
1.25000000e+000 3.38886043e+001 0.00000000e+000 1.03966752e-004 8.41014308e-005 5.79576046e-005 5.23298483e-005 4.20404770e-005 3.91764932e-005 3.79874076e-005 3.03100363e-005 2.23912304e-005 
1.50000000e+000 8.75000000e+000 0.00000000e+000 9.83017752e-008 1.60928213e-006 3.13891378e-006 3.63338797e-006 4.78608550e-006 5.13380487e-006 5.27728378e-006 5.90929713e-006 6.06944188e-006 
1.50000000e+000 1.51554446e+001 0.00000000e+000 4.42414702e-007 3.41178741e-006 5.13479652e-006 5.59654273e-006 6.56488094e-006 6.82131684e-006 6.92118970e-006 7.20084736e-006 6.90955216e-006 
1.50000000e+000 1.95655948e+001 0.00000000e+000 1.38267796e-006 6.31322130e-006 7.90635718e-006 8.24638329e-006 8.86193390e-006 8.98161123e-006 9.01945674e-006 8.83829253e-006 8.00073367e-006 
1.50000000e+000 2.31503240e+001 0.00000000e+000 3.56021317e-006 1.06922193e-005 1.15871026e-005 1.16737921e-005 1.17042319e-005 1.16283151e-005 1.15807666e-005 1.08084939e-005 9.31989044e-006 
1.50000000e+000 2.62500000e+001 0.00000000e+000 8.47518929e-006 1.76558506e-005 1.68941683e-005 1.65176988e-005 1.55902436e-005 1.52216459e-005 1.50496261e-005 1.34588338e-005 1.11228692e-005 
1.50000000e+000 2.90204669e+001 0.00000000e+000 1.90170363e-005 2.87049368e-005 2.46185119e-005 2.34413011e-005 2.09712318e-005 2.01601561e-005 1.98035757e-005 1.70483117e-005 1.35682185e-005 
1.50000000e+000 3.15485737e+001 0.00000000e+000 4.10813217e-005 4.63192983e-005 3.59184245e-005 3.33757793e-005 2.84166594e-005 2.69281235e-005 2.62936328e-005 2.18514274e-005 1.67962141e-005 
1.50000000e+000 3.38886043e+001 0.00000000e+000 9.69393950e-005 7.98618931e-005 5.53935118e-005 5.00899502e-005 4.03547404e-005 3.76331732e-005 3.65015620e-005 2.91684246e-005 2.15723963e-005 
1.75000000e+000 8.75000000e+000 0.00000000e+000 3.01151461e-008 7.80948147e-007 1.79105476e-006 2.15644673e-006 3.07614093e-006 3.37665941e-006 3.50465205e-006 4.15345274e-006 4.51358372e-006 
1.75000000e+000 1.51554446e+001 0.00000000e+000 1.77984341e-007 1.96609135e-006 3.33565091e-006 3.74062863e-006 4.64555677e-006 4.90711258e-006 5.01329967e-006 5.43176355e-006 5.42920992e-006 
1.75000000e+000 1.95655948e+001 0.00000000e+000 6.75046773e-007 4.10007467e-006 5.64074903e-006 6.01426086e-006 6.75085728e-006 6.92741412e-006 6.99259451e-006 7.06249854e-006 6.58936212e-006 
1.75000000e+000 2.31503240e+001 0.00000000e+000 2.03503886e-006 7.63348306e-006 8.90090702e-006 9.12170900e-006 9.45674682e-006 9.48455211e-006 9.48282309e-006 9.05427370e-006 7.98478422e-006 
1.75000000e+000 2.62500000e+001 0.00000000e+000 5.57393557e-006 1.36749180e-005 1.38177863e-005 1.36831136e-005 1.32413022e-005 1.30191584e-005 1.29093793e-005 1.17395716e-005 9.86114714e-006 
1.75000000e+000 2.90204669e+001 0.00000000e+000 1.41608803e-005 2.38847048e-005 2.12692926e-005 2.04327922e-005 1.86014655e-005 1.79697284e-005 1.76875612e-005 1.54040063e-005 1.23958853e-005 
1.75000000e+000 3.15485737e+001 0.00000000e+000 3.42077020e-005 4.11423307e-005 3.26273681e-005 3.04802376e-005 2.62263894e-005 2.49259801e-005 2.43682193e-005 2.03913041e-005 1.57744157e-005 
1.75000000e+000 3.38886043e+001 0.00000000e+000 9.08181973e-005 7.61528354e-005 5.31671949e-005 4.81520993e-005 3.89112549e-005 3.63165976e-005 3.52361175e-005 2.82061070e-005 2.08882173e-005 
2.00000000e+000 8.75000000e+000 0.00000000e+000 9.41301041e-009 3.83820608e-007 1.03108461e-006 1.29004024e-006 1.98900849e-006 2.23309237e-006 2.33967280e-006 2.93102160e-006 3.36624942e-006 
2.00000000e+000 1.51554446e+001 0.00000000e+000 7.24123684e-008 1.14412107e-006 2.18708569e-006 2.52283060e-006 3.31456744e-006 3.55817524e-006 3.65972605e-006 4.12528678e-006 4.28997357e-006 
2.00000000e+000 1.95655948e+001 0.00000000e+000 3.32234638e-007 2.68155551e-006 4.05382119e-006 4.41873639e-006 5.18074913e-006 5.38230444e-006 5.46087495e-006 5.68277726e-006 5.46098632e-006 
2.00000000e+000 2.31503240e+001 0.00000000e+000 1.17071477e-006 5.47975715e-006 6.87701887e-006 7.16976477e-006 7.68824988e-006 7.78451607e-006 7.81379581e-006 7.63267098e-006 6.88243103e-006 
2.00000000e+000 2.62500000e+001 0.00000000e+000 3.68717798e-006 1.06442591e-005 1.13584320e-005 1.13928386e-005 1.13063037e-005 1.11956607e-005 1.11338208e-005 1.02972342e-005 8.79135031e-006 
2.00000000e+000 2.90204669e+001 0.00000000e+000 1.06022264e-005 1.99671589e-005 1.84598950e-005 1.78922625e-005 1.65771513e-005 1.60935235e-005 1.58732019e-005 1.39868814e-005 1.13815439e-005 
2.00000000e+000 3.15485737e+001 0.00000000e+000 2.86258087e-005 3.66971037e-005 2.97570144e-005 2.79475303e-005 2.43032147e-005 2.31672051e-005 2.26767062e-005 1.91095406e-005 1.48795663e-005 
2.00000000e+000 3.38886043e+001 0.00000000e+000 8.54044667e-005 7.28402627e-005 5.11843572e-005 4.64295384e-005 3.76365969e-005 3.51572218e-005 3.41231983e-005 2.73673695e-005 2.02979950e-005 
2.25000000e+000 8.75000000e+000 0.00000000e+000 2.99070128e-009 1.90759318e-007 5.98412894e-007 7.77385307e-007 1.29334000e-006 1.48444626e-006 1.56970449e-006 2.07630421e-006 2.51757782e-006 
2.25000000e+000 1.51554446e+001 0.00000000e+000 2.97347752e-008 6.70866843e-007 1.44452809e-006 1.71377275e-006 2.38095615e-006 2.59706584e-006 2.68899208e-006 3.15137603e-006 3.40659471e-006 
2.25000000e+000 1.95655948e+001 0.00000000e+000 1.64611116e-007 1.76325986e-006 2.92932297e-006 3.26450770e-006 3.99833980e-006 4.20554919e-006 4.28886628e-006 4.59800206e-006 4.54931899e-006 
2.25000000e+000 2.31503240e+001 0.00000000e+000 6.77082344e-007 3.95032180e-006 5.33607699e-006 5.66009904e-006 6.27916654e-006 6.41898440e-006 6.46872838e-006 6.46528859e-006 5.96069487e-006 
2.25000000e+000 2.62500000e+001 0.00000000e+000 2.45075092e-006 8.31723821e-006 9.37194726e-006 9.52185683e-006 9.69197626e-006 9.66593985e-006 9.64100375e-006 9.06983314e-006 7.87119162e-006 
2.25000000e+000 2.90204669e+001 0.00000000e+000 7.97294519e-006 1.67532892e-005 1.60773364e-005 1.57218490e-005 1.48247066e-005 1.44639513e-005 1.42953208e-005 1.27465451e-005 1.04897470e-005 
2.25000000e+000 3.15485737e+001 0.00000000e+000 2.40515297e-005 3.28397799e-005 2.72227519e-005 2.57033302e-005 2.25892675e-005 2.15980189e-005 2.11669696e-005 1.79645123e-005 1.40813311e-005 
2.25000000e+000 3.38886043e+001 0.00000000e+000 8.05645519e-005 6.98401295e-005 4.93882577e-005 4.48705519e-005 3.64873606e-005 3.41138372e-005 3.31225118e-005 2.66183897e-005 1.97759242e-005 
2.50000000e+000 8.75000000e+000 0.00000000e+000 9.63103834e-010 9.57429477e-008 3.49875019e-007 4.71606844e-007 8.45429334e-007 9.91580292e-007 1.05805926e-006 1.47621516e-006 1.88794650e-006 
2.50000000e+000 1.51554446e+001 0.00000000e+000 1.23068600e-008 3.95777891e-007 9.59697058e-007 1.17094991e-006 1.71987224e-006 1.90595103e-006 1.98646376e-006 2.41943442e-006 2.71692650e-006 
2.50000000e+000 1.95655948e+001 0.00000000e+000 8.20284451e-008 1.16444719e-006 2.12578024e-006 2.42216147e-006 3.09943550e-006 3.30069884e-006 3.38341967e-006 3.73690774e-006 3.80613785e-006 
2.50000000e+000 2.31503240e+001 0.00000000e+000 3.93384872e-007 2.85748938e-006 4.15418663e-006 4.48332122e-006 5.14631776e-006 5.31185728e-006 5.37442784e-006 5.49691992e-006 5.18208436e-006 
2.50000000e+000 2.62500000e+001 0.00000000e+000 1.63556936e-006 6.51927769e-006 7.75575554e-006 7.98161999e-006 8.33313304e-006 8.37064280e-006 8.37391502e-006 8.01427062e-006 7.07083815e-006 
2.50000000e+000 2.90204669e+001 0.00000000e+000 6.01795020e-006 1.40984403e-005 1.40409824e-005 1.38524113e-005 1.32933778e-005 1.30346756e-005 1.29093329e-005 1.16487058e-005 9.69604404e-006 
2.50000000e+000 3.15485737e+001 0.00000000e+000 2.02767415e-005 2.94665355e-005 2.49656058e-005 2.36964963e-005 2.10458077e-005 2.01826461e-005 1.98044094e-005 1.69286910e-005 1.33592979e-005 
2.50000000e+000 3.38886043e+001 0.00000000e+000 7.62025496e-005 6.70954880e-005 4.77418021e-005 4.34416942e-005 3.54360156e-005 3.31603891e-005 3.22086005e-005 2.59376786e-005 1.93051632e-005 
0.00000000e+000 8.75000000e+000 1.00000000e+001 1.66814732e-004 1.14187239e-004 7.46960947e-005 6.66962297e-005 5.24037032e-005 4.84899248e-005 4.68705901e-005 3.65792715e-005 2.61786208e-005 
0.00000000e+000 1.51554446e+001 1.00000000e+001 1.55508851e-004 1.06948947e-004 6.96846267e-005 6.21307165e-005 4.86913360e-005 4.50333814e-005 4.35228526e-005 3.39525447e-005 2.42948590e-005 
0.00000000e+000 1.95655948e+001 1.00000000e+001 1.49902505e-004 1.03330909e-004 6.71325027e-005 5.97895759e-005 4.67447128e-005 4.32058318e-005 4.17464988e-005 3.25298231e-005 2.32582397e-005 
0.00000000e+000 2.31503240e+001 1.00000000e+001 1.49972222e-004 1.03483215e-004 6.69271561e-005 5.95060802e-005 4.63515908e-005 4.27987592e-005 4.13364198e-005 3.21456649e-005 2.29567774e-005 
0.00000000e+000 2.62500000e+001 1.00000000e+001 1.56887528e-004 1.08132757e-004 6.95102395e-005 6.16529011e-005 4.77497749e-005 4.40154269e-005 4.24824840e-005 3.29227839e-005 2.34709880e-005 
0.00000000e+000 2.90204669e+001 1.00000000e+001 1.68739143e-004 1.15944220e-004 7.41130261e-005 6.55878794e-005 5.05116807e-005 4.64789969e-005 4.48274908e-005 3.46076974e-005 2.46245450e-005 
0.00000000e+000 3.15485737e+001 1.00000000e+001 1.83360722e-004 1.25649004e-004 8.00303910e-005 7.07138256e-005 5.42279350e-005 4.98272458e-005 4.80278044e-005 3.69574384e-005 2.62506724e-005 
0.00000000e+000 3.38886043e+001 1.00000000e+001 2.00725108e-004 1.37175996e-004 8.71503394e-005 7.69234031e-005 5.88110518e-005 5.39803627e-005 5.20069499e-005 3.99166606e-005 2.83132274e-005 
2.50000000e-001 8.75000000e+000 1.00000000e+001 3.74459592e-005 4.83522450e-005 3.91072325e-005 3.67153507e-005 3.18670269e-005 3.03336133e-005 2.96671570e-005 2.47879872e-005 1.89543195e-005 
2.50000000e-001 1.51554446e+001 1.00000000e+001 3.96385907e-005 4.79305621e-005 3.79283017e-005 3.54232326e-005 3.04542831e-005 2.89208688e-005 2.82594712e-005 2.34990652e-005 1.78903926e-005 
2.50000000e-001 1.95655948e+001 1.00000000e+001 4.37131797e-005 4.93482961e-005 3.81743732e-005 3.54622401e-005 3.01741985e-005 2.85756857e-005 2.78910381e-005 2.30521545e-005 1.74546786e-005 
2.50000000e-001 2.31503240e+001 1.00000000e+001 5.01464342e-005 5.29226412e-005 3.99253672e-005 3.68558369e-005 3.09726662e-005 2.92326712e-005 2.84931745e-005 2.33751818e-005 1.75899636e-005 
2.50000000e-001 2.62500000e+001 1.00000000e+001 6.05695137e-005 5.96642254e-005 4.37815581e-005 4.01165720e-005 3.31975739e-005 3.11964376e-005 3.03533031e-005 2.46626668e-005 1.84219361e-005 
2.50000000e-001 2.90204669e+001 1.00000000e+001 7.59808850e-005 6.96193880e-005 4.96354297e-005 4.51324842e-005 3.67451656e-005 3.43670174e-005 3.33730320e-005 2.68267566e-005 1.98727674e-005 
2.50000000e-001 3.15485737e+001 1.00000000e+001 9.70332028e-005 8.26219498e-005 5.73105755e-005 5.17353935e-005 4.14728663e-005 3.86105951e-005 3.74222130e-005 2.97600045e-005 2.18545752e-005 
2.50000000e-001 3.38886043e+001 1.00000000e+001 1.29073133e-004 1.00768836e-004 6.77597852e-005 6.06913484e-005 4.78563065e-005 4.43358216e-005 4.28834906e-005 3.37075080e-005 2.45084461e-005 
5.00000000e-001 8.75000000e+000 1.00000000e+001 9.00434660e-006 2.09540973e-005 2.07462317e-005 2.04394119e-005 1.95303938e-005 1.91079079e-005 1.89024926e-005 1.68781577e-005 1.37689489e-005 
5.00000000e-001 1.51554446e+001 1.00000000e+001 1.20167065e-005 2.29307409e-005 2.14527954e-005 2.08734496e-005 1.94959938e-005 1.89630535e-005 1.87153845e-005 1.65006784e-005 1.33069976e-005 
5.00000000e-001 1.95655948e+001 1.00000000e+001 1.62298592e-005 2.60395328e-005 2.30606055e-005 2.21610120e-005 2.02181007e-005 1.95421127e-005 1.92377650e-005 1.67239921e-005 1.33163361e-005 
5.00000000e-001 2.31503240e+001 1.00000000e+001 2.21636376e-005 3.06497749e-005 2.57417584e-005 2.44235909e-005 2.17350364e-005 2.08661332e-005 2.04844559e-005 1.75377043e-005 1.37786853e-005 
5.00000000e-001 2.62500000e+001 1.00000000e+001 3.13262476e-005 3.78353426e-005 3.01597855e-005 2.82359592e-005 2.44542037e-005 2.32972590e-005 2.27993388e-005 1.91824106e-005 1.48513928e-005 
5.00000000e-001 2.90204669e+001 1.00000000e+001 4.56661755e-005 4.83553314e-005 3.66044357e-005 3.38163249e-005 2.84883641e-005 2.69244838e-005 2.62621835e-005 2.16902620e-005 1.65318013e-005 
5.00000000e-001 3.15485737e+001 1.00000000e+001 6.76700642e-005 6.29299365e-005 4.53462118e-005 4.13632568e-005 3.39287421e-005 3.18156884e-005 3.09319749e-005 2.50762136e-005 1.88046473e-005 
5.00000000e-001 3.38886043e+001 1.00000000e+001 1.07241282e-004 8.55893070e-005 5.83013952e-005 5.24358535e-005 4.17664780e-005 3.88279789e-005 3.76134175e-005 2.98639828e-005 2.19771523e-005 
7.50000000e-001 8.75000000e+000 1.00000000e+001 2.30102704e-006 9.28324514e-006 1.11473562e-005 1.15035954e-005 1.20615036e-005 1.21188717e-005 1.21221107e-005 1.15466686e-005 1.00348040e-005 
7.50000000e-001 1.51554446e+001 1.00000000e+001 4.06170238e-006 1.15680483e-005 1.25477079e-005 1.26643797e-005 1.27479050e-005 1.26729962e-005 1.26221984e-005 1.17441733e-005 9.99258436e-006 
7.50000000e-001 1.95655948e+001 1.00000000e+001 6.78028378e-006 1.47407177e-005 1.46116307e-005 1.44467604e-005 1.39824754e-005 1.37535936e-005 1.36394157e-005 1.23888095e-005 1.03126399e-005 
7.50000000e-001 2.31503240e+001 1.00000000e+001 1.09628061e-005 1.91735499e-005 1.75484357e-005 1.70172380e-005 1.58544182e-005 1.54313349e-005 1.52373295e-005 1.35096258e-005 1.10037442e-005 
7.50000000e-001 2.62500000e+001 1.00000000e+001 1.79498154e-005 2.59103854e-005 2.20299822e-005 2.09654143e-005 1.87964751e-005 1.80954668e-005 1.77874231e-005 1.53740233e-005 1.22441196e-005 
7.50000000e-001 2.90204669e+001 1.00000000e+001 3.00255404e-005 3.61007675e-005 2.85948814e-005 2.67229672e-005 2.30704640e-005 2.19674514e-005 2.14953161e-005 1.81028457e-005 1.40892870e-005 
7.50000000e-001 3.15485737e+001 1.00000000e+001 5.09113380e-005 5.11701035e-005 3.78864900e-005 3.47981030e-005 2.89702818e-005 2.72914509e-005 2.65858711e-005 2.18206463e-005 1.65903384e-005 
7.50000000e-001 3.38886043e+001 1.00000000e+001 9.45194273e-005 7.69241731e-005 5.27119857e-005 4.74841464e-005 3.79659985e-005 3.53418237e-005 3.42567633e-005 2.73119526e-005 2.02111993e-005 
1.00000000e+000 8.75000000e+000 1.00000000e+001 6.18936811e-007 4.19828131e-006 6.06348301e-006 6.54287247e-006 7.50449089e-006 7.73742991e-006 7.82321492e-006 7.93592651e-006 7.33689881e-006 
1.00000000e+000 1.51554446e+001 1.00000000e+001 1.46251586e-006 6.07675521e-006 7.54752866e-006 7.87736317e-006 8.49313578e-006 8.61478474e-006 8.65289561e-006 8.46315005e-006 7.57101054e-006 
1.00000000e+000 1.95655948e+001 1.00000000e+001 2.99771657e-006 8.73776466e-006 9.59313673e-006 9.72827298e-006 9.92196925e-006 9.91202108e-006 9.89406458e-006 9.34411835e-006 8.09412492e-006 
1.00000000e+000 2.31503240e+001 1.00000000e+001 5.69669412e-006 1.25467087e-005 1.24220173e-005 1.22806475e-005 1.19068498e-005 1.17271314e-005 1.16376511e-005 1.06324154e-005 8.93342593e-006 
1.00000000e+000 2.62500000e+001 1.00000000e+001 1.07467715e-005 1.84929340e-005 1.66897315e-005 1.61154410e-005 1.48857061e-005 1.44577161e-005 1.42646430e-005 1.26089440e-005 1.02798942e-005 
1.00000000e+000 2.90204669e+001 1.00000000e+001 2.05111556e-005 2.79505968e-005 2.30971719e-005 2.18075204e-005 1.92260300e-005 1.84206514e-005 1.80719103e-005 1.54614308e-005 1.22347098e-005 
1.00000000e+000 3.15485737e+001 1.00000000e+001 3.95300587e-005 4.29132872e-005 3.26009588e-005 3.01279514e-005 2.53978284e-005 2.40144087e-005 2.34299729e-005 1.94125046e-005 1.49094732e-005 
1.00000000e+000 3.38886043e+001 1.00000000e+001 8.52231843e-005 7.08414100e-005 4.88450763e-005 4.40603108e-005 3.53221683e-005 3.29065393e-005 3.19069470e-005 2.54932664e-005 1.89169757e-005 
1.25000000e+000 8.75000000e+000 1.00000000e+001 1.73602245e-007 1.93483121e-006 3.33664484e-006 3.75890776e-006 4.70282766e-006 4.97194434e-006 5.07992576e-006 5.47899808e-006 5.38130596e-006 
1.25000000e+000 1.51554446e+001 1.00000000e+001 5.47002723e-007 3.28877067e-006 4.64398274e-006 5.00178223e-006 5.75080580e-006 5.94396173e-006 6.01753716e-006 6.16749239e-006 5.78390281e-006 
1.25000000e+000 1.95655948e+001 1.00000000e+001 1.36729074e-006 5.33547138e-006 6.46196545e-006 6.71080112e-006 7.18511487e-006 7.28091282e-006 7.31133301e-006 7.15553229e-006 6.42791005e-006 
1.25000000e+000 2.31503240e+001 1.00000000e+001 3.04109529e-006 8.43334419e-006 9.01567899e-006 9.07823271e-006 9.13533240e-006 9.09559204e-006 9.06736256e-006 8.51173356e-006 7.35284796e-006 
1.25000000e+000 2.62500000e+001 1.00000000e+001 6.59522646e-006 1.35158602e-005 1.29363724e-005 1.26672295e-005 1.20341693e-005 1.17836323e-005 1.16659041e-005 1.05219525e-005 8.75664553e-006 
1.25000000e+000 2.90204669e+001 1.00000000e+001 1.43228251e-005 2.20879026e-005 1.90345829e-005 1.81521221e-005 1.63263481e-005 1.57326159e-005 1.54718356e-005 1.34254442e-005 1.07768459e-005 
1.25000000e+000 3.15485737e+001 1.00000000e+001 3.12544157e-005 3.66037348e-005 2.85330247e-005 2.65294791e-005 2.26361591e-005 2.14770693e-005 2.09844542e-005 1.75329714e-005 1.35803124e-005 
1.25000000e+000 3.38886043e+001 1.00000000e+001 7.78191692e-005 6.60698282e-005 4.58682229e-005 4.14377517e-005 3.33135670e-005 3.10586927e-005 3.01244664e-005 2.41107623e-005 1.79222158e-005 
1.50000000e+000 8.75000000e+000 1.00000000e+001 5.03633251e-008 9.07046113e-007 1.85619145e-006 2.18009396e-006 2.96747960e-006 3.21474868e-006 3.31817738e-006 3.79938597e-006 3.95919286e-006 
1.50000000e+000 1.51554446e+001 1.00000000e+001 2.09733149e-007 1.81909942e-006 2.90938277e-006 3.22951091e-006 3.94784930e-006 4.15402308e-006 4.23704319e-006 4.53963364e-006 4.45223229e-006 
1.50000000e+000 1.95655948e+001 1.00000000e+001 6.36205335e-007 3.32246474e-006 4.43358345e-006 4.71207020e-006 5.28595535e-006 5.42936578e-006 5.48299216e-006 5.54903004e-006 5.15678419e-006 
1.50000000e+000 2.31503240e+001 1.00000000e+001 1.65223219e-006 5.76579745e-006 6.65441013e-006 6.82300430e-006 7.11876787e-006 7.16187326e-006 7.17068503e-006 6.90548233e-006 6.12059271e-006 
1.50000000e+000 2.62500000e+001 1.00000000e+001 4.11482869e-006 1.00279824e-005 1.01777616e-005 1.01054448e-005 9.86927005e-006 9.74026012e-006 9.67460432e-006 8.89470663e-006 7.54457204e-006 
1.50000000e+000 2.90204669e+001 1.00000000e+001 1.01511340e-005 1.76840730e-005 1.58897634e-005 1.53046244e-005 1.40402674e-005 1.36059814e-005 1.34117150e-005 1.17965568e-005 9.59568039e-006 
1.50000000e+000 3.15485737e+001 1.00000000e+001 2.50164100e-005 3.15588779e-005 2.52407361e-005 2.36122046e-005 2.03924257e-005 1.94145548e-005 1.89961199e-005 1.60015040e-005 1.24914435e-005 
1.50000000e+000 3.38886043e+001 1.00000000e+001 7.16624986e-005 6.20987877e-005 4.34200301e-005 3.92905919e-005 3.16861395e-005 2.95660493e-005 2.86863645e-005 2.30014930e-005 1.71239990e-005 
1.75000000e+000 8.75000000e+000 1.00000000e+001 1.50123743e-008 4.31767782e-007 1.04310997e-006 1.27571675e-006 1.88481251e-006 2.09095643e-006 2.17975344e-006 2.64590714e-006 2.92171911e-006 
1.75000000e+000 1.51554446e+001 1.00000000e+001 8.18600902e-008 1.02250018e-006 1.84876984e-006 2.11346792e-006 2.74159760e-006 2.93486544e-006 3.01515231e-006 3.37095729e-006 3.45080768e-006 
1.75000000e+000 1.95655948e+001 1.00000000e+001 3.00300616e-007 2.09720231e-006 3.08269991e-006 3.35221557e-006 3.93648718e-006 4.09676479e-006 4.15996338e-006 4.34795185e-006 4.17311217e-006 
1.75000000e+000 2.31503240e+001 1.00000000e+001 9.09205785e-007 3.98823364e-006 4.96943300e-006 5.18828275e-006 5.61090255e-006 5.70287091e-006 5.73420039e-006 5.66080396e-006 5.14192438e-006 
1.75000000e+000 2.62500000e+001 1.00000000e+001 2.59863789e-006 7.51843503e-006 8.09023567e-006 8.14502964e-006 8.17668135e-006 8.13306783e-006 8.10444990e-006 7.59232033e-006 6.55857747e-006 
1.75000000e+000 2.90204669e+001 1.00000000e+001 7.27384840e-006 1.42889357e-005 1.33828808e-005 1.30186040e-005 1.21812874e-005 1.18708286e-005 1.17285230e-005 1.04550484e-005 8.61421270e-006 
1.75000000e+000 3.15485737e+001 1.00000000e+001 2.02064273e-005 2.74158434e-005 2.24924265e-005 2.11700224e-005 1.85067654e-005 1.76800458e-005 1.73236198e-005 1.47120311e-005 1.15730214e-005 
1.75000000e+000 3.38886043e+001 1.00000000e+001 6.64094120e-005 5.86786754e-005 4.13230865e-005 3.74567838e-005 3.03075924e-005 2.83053842e-005 2.74733191e-005 2.20729393e-005 1.64595192e-005 
2.00000000e+000 8.75000000e+000 1.00000000e+001 4.57404598e-009 2.08336336e-007 5.91693220e-007 7.52725074e-007 1.20462883e-006 1.36772500e-006 1.43969042e-006 1.85020568e-006 2.16246583e-006 
2.00000000e+000 1.51554446e+001 1.00000000e+001 3.23917995e-008 5.81762560e-007 1.18806727e-006 1.39813628e-006 1.92231713e-006 2.09264237e-006 2.16500046e-006 2.52246156e-006 2.69124909e-006 
2.00000000e+000 1.95655948e+001 1.00000000e+001 1.43327697e-007 1.33696699e-006 2.16468737e-006 2.40830691e-006 2.95937012e-006 3.12002050e-006 3.18526991e-006 3.43575905e-006 3.40208218e-006 
2.00000000e+000 2.31503240e+001 1.00000000e+001 5.05321019e-007 2.78238545e-006 3.74282835e-006 3.97899971e-006 4.46013178e-006 4.57958075e-006 4.62421016e-006 4.67821134e-006 4.35213150e-006 
2.00000000e+000 2.62500000e+001 1.00000000e+001 1.65673719e-006 5.68117344e-006 6.47940998e-006 6.61430173e-006 6.82518553e-006 6.84193316e-006 6.83992289e-006 6.52839184e-006 5.74158687e-006 
2.00000000e+000 2.90204669e+001 1.00000000e+001 5.25700703e-006 1.16260384e-005 1.13455133e-005 1.11461393e-005 1.06367039e-005 1.04238157e-005 1.03227731e-005 9.32568222e-006 7.78178952e-006 
2.00000000e+000 3.15485737e+001 1.00000000e+001 1.64383131e-005 2.39532496e-005 2.01516968e-005 1.90821989e-005 1.68851479e-005 1.61866384e-005 1.58829977e-005 1.35995792e-005 1.07801256e-005 
2.00000000e+000 3.38886043e+001 1.00000000e+001 6.18495524e-005 5.56678808e-005 3.94795148e-005 3.58469928e-005 2.91038875e-005 2.72070568e-005 2.64175622e-005 2.12704461e-005 1.58895100e-005 
2.25000000e+000 8.75000000e+000 1.00000000e+001 1.41878129e-009 1.01740329e-007 3.38526283e-007 4.47568406e-007 7.74447169e-007 8.99461699e-007 9.55803999e-007 1.29891663e-006 1.60510259e-006 
2.25000000e+000 1.51554446e+001 1.00000000e+001 1.29610326e-008 3.34142453e-007 7.70345155e-007 9.33018506e-007 1.35869901e-006 1.50367926e-006 1.56640300e-006 1.90019403e-006 2.11055313e-006 
2.25000000e+000 1.95655948e+001 1.00000000e+001 6.90268840e-008 8.58816784e-007 1.53154202e-006 1.74323817e-006 2.24131948e-006 2.39361073e-006 2.45676997e-006 2.73374633e-006 2.79086958e-006 
2.25000000e+000 2.31503240e+001 1.00000000e+001 2.83125509e-007 1.95404993e-006 2.83724909e-006 3.07134652e-006 3.56841279e-006 3.70142266e-006 3.75327957e-006 3.89088119e-006 3.70608214e-006 
2.25000000e+000 2.62500000e+001 1.00000000e+001 1.06440446e-006 4.31938523e-006 5.21937095e-006 5.40207915e-006 5.72950976e-006 5.78852768e-006 5.80555382e-006 5.64542785e-006 5.05435929e-006 
2.25000000e+000 2.90204669e+001 1.00000000e+001 3.82598292e-006 9.51158666e-006 9.66727034e-006 9.59083621e-006 9.33363384e-006 9.19808254e-006 9.13005114e-006 8.35910718e-006 7.06416147e-006 
2.25000000e+000 3.15485737e+001 1.00000000e+001 1.34512476e-005 2.10231114e-005 1.81302826e-005 1.72713381e-005 1.54680804e-005 1.48793746e-005 1.46211357e-005 1.26225184e-005 1.00830325e-005 
2.25000000e+000 3.38886043e+001 1.00000000e+001 5.78421126e-005 5.29771746e-005 3.78297070e-005 3.44072047e-005 2.80304976e-005 2.62290794e-005 2.54781627e-005 2.05603045e-005 1.53887510e-005 
2.50000000e+000 8.75000000e+000 1.00000000e+001 4.46619354e-010 5.02138476e-008 1.95209441e-007 2.68020263e-007 5.00647027e-007 5.94523574e-007 6.37659016e-007 9.15350702e-007 1.19470565e-006 
2.50000000e+000 1.51554446e+001 1.00000000e+001 5.23508520e-009 1.93379113e-007 5.03116865e-007 6.27066923e-007 9.66764075e-007 1.08751778e-006 1.14059990e-006 1.43974644e-006 1.66336227e-006 
2.50000000e+000 1.95655948e+001 1.00000000e+001 3.34964686e-008 5.55035836e-007 1.09001769e-006 1.26931359e-006 1.70750244e-006 1.84710011e-006 1.90597180e-006 2.18751120e-006 2.30156798e-006 
2.50000000e+000 2.31503240e+001 1.00000000e+001 1.59710584e-007 1.37969618e-006 2.16176321e-006 2.38279210e-006 2.86948621e-006 3.00687916e-006 3.06189026e-006 3.25250425e-006 3.17161278e-006 
2.50000000e+000 2.62500000e+001 1.00000000e+001 6.88278660e-007 3.30056753e-006 4.22383801e-006 4.43213822e-006 4.83123468e-006 4.91916228e-006 4.94958848e-006 4.90368897e-006 4.46920383e-006 
2.50000000e+000 2.90204669e+001 1.00000000e+001 2.80083032e-006 7.81688599e-006 8.27108663e-006 8.28571853e-006 8.22203476e-006 8.14784777e-006 8.10628780e-006 7.52152660e-006 6.43748504e-006 
2.50000000e+000 3.15485737e+001 1.00000000e+001 1.10612833e-005 1.85202578e-005 1.63668549e-005 1.56841430e-005 1.42153745e-005 1.37212919e-005 1.35023598e-005 1.17529243e-005 9.46146536e-006 
2.50000000e+000 3.38886043e+001 1.00000000e+001 5.42867871e-005 5.05459844e-005 3.63344237e-005 3.31021730e-005 2.70588038e-005 2.53445260e-005 2.46288832e-005 1.99207772e-005 1.49405646e-005 
0.00000000e+000 8.75000000e+000 2.00000000e+001 1.02399943e-004 7.12496937e-005 4.58501750e-005 4.07213826e-005 3.17310252e-005 2.93274855e-005 2.83399136e-005 2.21157888e-005 1.58135736e-005 
0.00000000e+000 1.51554446e+001 2.00000000e+001 1.19854032e-004 8.28537465e-005 5.29399930e-005 4.68491057e-005 3.61150629e-005 3.32530639e-005 3.20814991e-005 2.48165829e-005 1.76673981e-005 
0.00000000e+000 1.95655948e+001 2.00000000e+001 1.36954412e-004 9.41823701e-005 5.99171246e-005 5.29158890e-005 4.05384469e-005 3.72402832e-005 3.58925250e-005 2.76093022e-005 1.95981022e-005 
0.00000000e+000 2.31503240e+001 2.00000000e+001 1.54079385e-004 1.05474451e-004 6.68941903e-005 5.90010451e-005 4.50239438e-005 4.13003217e-005 3.97801120e-005 3.04864658e-005 2.15966376e-005 
0.00000000e+000 2.62500000e+001 2.00000000e+001 1.72551829e-004 1.17609839e-004 7.44112133e-005 6.55715734e-005 4.99055880e-005 4.57325128e-005 4.40297326e-005 3.36556712e-005 2.38071374e-005 
0.00000000e+000 2.90204669e+001 2.00000000e+001 1.92465537e-004 1.30669226e-004 8.25162884e-005 7.26663975e-005 5.52052505e-005 5.05548690e-005 4.86580002e-005 3.71276246e-005 2.62375072e-005 
0.00000000e+000 3.15485737e+001 2.00000000e+001 2.13413238e-004 1.44398059e-004 9.10536563e-005 8.01474418e-005 6.08139605e-005 5.56663316e-005 5.35671898e-005 4.08265364e-005 2.88342840e-005 
0.00000000e+000 3.38886043e+001 2.00000000e+001 2.36686075e-004 1.59647407e-004 1.00553233e-004 8.84785538e-005 6.70770687e-005 6.13808193e-005 5.90584878e-005 4.49784698e-005 3.17563440e-005 
2.50000000e-001 8.75000000e+000 2.00000000e+001 2.20970060e-005 2.94945499e-005 2.35687809e-005 2.20289126e-005 1.89967206e-005 1.80723937e-005 1.76747659e-005 1.47920375e-005 1.13242161e-005 
2.50000000e-001 1.51554446e+001 2.00000000e+001 3.05107210e-005 3.71810856e-005 2.87742502e-005 2.66459202e-005 2.24864051e-005 2.12485881e-005 2.07227469e-005 1.70781477e-005 1.29432102e-005 
2.50000000e-001 1.95655948e+001 2.00000000e+001 4.09435754e-005 4.58730903e-005 3.45236441e-005 3.17343106e-005 2.63377481e-005 2.47588809e-005 2.40934151e-005 1.96123425e-005 1.47299275e-005 
2.50000000e-001 2.31503240e+001 2.00000000e+001 5.37674353e-005 5.57288758e-005 4.08837883e-005 3.73401066e-005 3.05621550e-005 2.86075268e-005 2.77884989e-005 2.23871110e-005 1.66759123e-005 
2.50000000e-001 2.62500000e+001 2.00000000e+001 7.04743192e-005 6.76554494e-005 4.84004600e-005 4.39352551e-005 3.55004889e-005 3.31013145e-005 3.21011125e-005 2.56172436e-005 1.89297380e-005 
2.50000000e-001 2.90204669e+001 2.00000000e+001 9.24185397e-005 8.22124892e-005 5.73491756e-005 5.17443438e-005 4.12945376e-005 3.83625847e-005 3.71460644e-005 2.93781493e-005 2.15375070e-005 
2.50000000e-001 3.15485737e+001 2.00000000e+001 1.21059721e-004 9.97833728e-005 6.78589666e-005 6.08574664e-005 4.79766208e-005 4.44116910e-005 4.29393282e-005 3.36669439e-005 2.44878375e-005 
2.50000000e-001 3.38886043e+001 2.00000000e+001 1.63593856e-004 1.23458695e-004 8.15148386e-005 7.25938650e-005 5.64318803e-005 5.20284453e-005 5.02191708e-005 3.89931542e-005 2.81057356e-005 
5.00000000e-001 8.75000000e+000 2.00000000e+001 5.09242976e-006 1.24856025e-005 1.22715220e-005 1.20479687e-005 1.14601785e-005 1.12127598e-005 1.10948215e-005 9.94019286e-006 8.13567962e-006 
5.00000000e-001 1.51554446e+001 2.00000000e+001 8.98139025e-006 1.76449754e-005 1.61726850e-005 1.56001896e-005 1.42936730e-005 1.38322712e-005 1.36248602e-005 1.19071709e-005 9.56896476e-006 
5.00000000e-001 1.95655948e+001 2.00000000e+001 1.47860238e-005 2.41926007e-005 2.08971081e-005 1.98660240e-005 1.76548535e-005 1.69311830e-005 1.66146213e-005 1.42144936e-005 1.12289020e-005 
5.00000000e-001 2.31503240e+001 2.00000000e+001 2.31774055e-005 3.23938305e-005 2.65535687e-005 2.49258623e-005 2.15794256e-005 2.05355571e-005 2.00865936e-005 1.68687413e-005 1.31146759e-005 
5.00000000e-001 2.62500000e+001 2.00000000e+001 3.59069522e-005 4.32753868e-005 3.37407039e-005 3.12942827e-005 2.64364369e-005 2.49771382e-005 2.43575654e-005 2.01008565e-005 1.53839940e-005 
5.00000000e-001 2.90204669e+001 2.00000000e+001 5.53313640e-005 5.78449519e-005 4.29513500e-005 3.93735964e-005 3.24823366e-005 3.04779234e-005 2.96361046e-005 2.40479512e-005 1.81194765e-005 
5.00000000e-001 3.15485737e+001 2.00000000e+001 8.49643639e-005 7.72664889e-005 5.46677267e-005 4.95365428e-005 3.99226698e-005 3.72063757e-005 3.60765628e-005 2.87944973e-005 2.13593299e-005 
5.00000000e-001 3.38886043e+001 2.00000000e+001 1.37887073e-004 1.06889346e-004 7.15383989e-005 6.39641941e-005 5.01855731e-005 4.64106950e-005 4.48565186e-005 3.51345430e-005 2.55952004e-005 
7.50000000e-001 8.75000000e+000 2.00000000e+001 1.24265269e-006 5.39784451e-006 6.46865598e-006 6.65926504e-006 6.96529683e-006 7.00322738e-006 7.00869478e-006 6.71070506e-006 5.86365975e-006 
7.50000000e-001 1.51554446e+001 2.00000000e+001 2.89424574e-006 8.75356381e-006 9.35416700e-006 9.36607707e-006 9.25639634e-006 9.15718517e-006 9.10350744e-006 8.40293234e-006 7.13534176e-006 
7.50000000e-001 1.95655948e+001 2.00000000e+001 5.87054640e-006 1.34814059e-005 1.31401080e-005 1.28667608e-005 1.21465963e-005 1.18570329e-005 1.17223293e-005 1.04852633e-005 8.66992908e-006 
7.50000000e-001 2.31503240e+001 2.00000000e+001 1.09377228e-005 1.99736097e-005 1.80031178e-005 1.72985511e-005 1.57102057e-005 1.51627568e-005 1.49196753e-005 1.29853125e-005 1.04782648e-005 
7.50000000e-001 2.62500000e+001 2.00000000e+001 1.98817909e-005 2.93639041e-005 2.46017310e-005 2.32262511e-005 2.03505315e-005 1.94363942e-005 1.90410335e-005 1.61534943e-005 1.27293332e-005 
7.50000000e-001 2.90204669e+001 2.00000000e+001 3.56571698e-005 4.30525990e-005 3.36323133e-005 3.12203408e-005 2.64339646e-005 2.49957084e-005 2.43851421e-005 2.01864835e-005 1.55411507e-005 
7.50000000e-001 3.15485737e+001 2.00000000e+001 6.34778182e-005 6.29934685e-005 4.59519286e-005 4.19562476e-005 3.43541094e-005 3.21703928e-005 3.12571368e-005 2.52643336e-005 1.90062949e-005 
7.50000000e-001 3.38886043e+001 2.00000000e+001 1.22015410e-004 9.67836346e-005 6.52733615e-005 5.84778744e-005 4.60828127e-005 4.26775808e-005 4.12743829e-005 3.24657711e-005 2.37831315e-005 
1.00000000e+000 8.75000000e+000 2.00000000e+001 3.18047166e-007 2.37948941e-006 3.45002968e-006 3.71820784e-006 4.26403174e-006 4.40239799e-006 4.45479660e-006 4.55098176e-006 4.23946022e-006 
1.00000000e+000 1.51554446e+001 2.00000000e+001 9.84970959e-007 4.49152913e-006 5.54028076e-006 5.74401965e-006 6.09294703e-006 6.15333767e-006 6.17042006e-006 5.99581412e-006 5.36337722e-006 
1.00000000e+000 1.95655948e+001 2.00000000e+001 2.44915485e-006 7.79421541e-006 8.50060055e-006 8.55363820e-006 8.53477250e-006 8.46748487e-006 8.42848705e-006 7.85205515e-006 6.77028156e-006 
1.00000000e+000 2.31503240e+001 2.00000000e+001 5.39491148e-006 1.27655933e-005 1.25709434e-005 1.23400222e-005 1.17042714e-005 1.14408715e-005 1.13177284e-005 1.01705563e-005 8.48451706e-006 
1.00000000e+000 2.62500000e+001 2.00000000e+001 1.14481096e-005 2.06004633e-005 1.84596330e-005 1.77121731e-005 1.60374462e-005 1.54649182e-005 1.52116418e-005 1.32213753e-005 1.06869322e-005 
1.00000000e+000 2.90204669e+001 2.00000000e+001 2.37636494e-005 3.30108644e-005 2.70441038e-005 2.53932027e-005 2.20036369e-005 2.09476850e-005 2.04942101e-005 1.72582489e-005 1.35298174e-005 
1.00000000e+000 3.15485737e+001 2.00000000e+001 4.87444003e-005 5.26835481e-005 3.95516391e-005 3.63612602e-005 3.01886686e-005 2.83845535e-005 2.76258545e-005 2.25607864e-005 1.71629259e-005 
1.00000000e+000 3.38886043e+001 2.00000000e+001 1.10123137e-004 8.94195604e-005 6.07524471e-005 5.45192635e-005 4.31070433e-005 3.99608550e-005 3.86630877e-005 3.04920849e-005 2.24112234e-005 
1.25000000e+000 8.75000000e+000 2.00000000e+001 8.46273509e-008 1.06768477e-006 1.86048995e-006 2.09609045e-006 2.62853686e-006 2.78476393e-006 2.84841666e-006 3.09995522e-006 3.07463235e-006 
1.25000000e+000 1.51554446e+001 2.00000000e+001 3.46987831e-007 2.36340777e-006 3.34513845e-006 3.58521216e-006 4.06748243e-006 4.18903222e-006 4.23527755e-006 4.32099685e-006 4.06132306e-006 
1.25000000e+000 1.95655948e+001 2.00000000e+001 1.05235639e-006 4.61906180e-006 5.61538475e-006 5.79928775e-006 6.09818753e-006 6.14309497e-006 6.15401901e-006 5.95553367e-006 5.33946094e-006 
1.25000000e+000 2.31503240e+001 2.00000000e+001 2.73126576e-006 8.34629104e-006 8.95752892e-006 8.97526721e-006 8.87113969e-006 8.77564058e-006 8.72468638e-006 8.07691119e-006 6.94723521e-006 
1.25000000e+000 2.62500000e+001 2.00000000e+001 6.74651246e-006 1.47491645e-005 1.41126934e-005 1.37543738e-005 1.28496894e-005 1.25033741e-005 1.23451409e-005 1.09732487e-005 9.07699660e-006 
1.25000000e+000 2.90204669e+001 2.00000000e+001 1.61552429e-005 2.57602656e-005 2.21105581e-005 2.09918989e-005 1.85967067e-005 1.78173157e-005 1.74780280e-005 1.49521348e-005 1.19139645e-005 
1.25000000e+000 3.15485737e+001 2.00000000e+001 3.80383592e-005 4.47074298e-005 3.45282089e-005 3.19564268e-005 2.68874803e-005 2.53772866e-005 2.47383087e-005 2.03937548e-005 1.56664230e-005 
1.25000000e+000 3.38886043e+001 2.00000000e+001 1.00517434e-004 8.35179708e-005 5.71777411e-005 5.14003138e-005 4.07759804e-005 3.78345602e-005 3.66196962e-005 2.89447889e-005 2.13256605e-005 
1.50000000e+000 8.75000000e+000 2.00000000e+001 2.32355959e-008 4.86774201e-007 1.01369705e-006 1.19236727e-006 1.63112748e-006 1.77209529e-006 1.83174397e-006 2.12061901e-006 2.23659462e-006 
1.50000000e+000 1.51554446e+001 2.00000000e+001 1.25169698e-007 1.26725150e-006 2.05117555e-006 2.27020836e-006 2.74809283e-006 2.88396794e-006 2.93886429e-006 3.14172255e-006 3.09620481e-006 
1.50000000e+000 1.95655948e+001 2.00000000e+001 4.61270980e-007 2.78481709e-006 3.76719831e-006 3.99059801e-006 4.41516240e-006 4.51342030e-006 4.54926843e-006 4.56541199e-006 4.24731313e-006 
1.50000000e+000 2.31503240e+001 2.00000000e+001 1.40743207e-006 5.54110172e-006 6.47450219e-006 6.61934212e-006 6.81085299e-006 6.81574353e-006 6.80888394e-006 6.48508645e-006 5.74131443e-006 
1.50000000e+000 2.62500000e+001 2.00000000e+001 4.03938274e-006 1.07036662e-005 1.09282179e-005 1.08158419e-005 1.04187748e-005 1.02272847e-005 1.01348324e-005 9.20438757e-006 7.78112457e-006 
1.50000000e+000 2.90204669e+001 2.00000000e+001 1.11336314e-005 2.03365155e-005 1.82782938e-005 1.75442395e-005 1.58840827e-005 1.53131869e-005 1.50604675e-005 1.30808409e-005 1.05832616e-005 
1.50000000e+000 3.15485737e+001 2.00000000e+001 3.00134773e-005 3.82993943e-005 3.04213298e-005 2.83433233e-005 2.41640866e-005 2.28925451e-005 2.23509264e-005 1.85941210e-005 1.44148192e-005 
1.50000000e+000 3.38886043e+001 2.00000000e+001 9.24615216e-005 7.85388160e-005 5.41867413e-005 4.87991056e-005 3.88465356e-005 3.60784921e-005 3.49335852e-005 2.76730930e-005 2.04329403e-005 
1.75000000e+000 8.75000000e+000 2.00000000e+001 6.54343996e-009 2.25108600e-007 5.57618555e-007 6.84034787e-007 1.01859191e-006 1.13414560e-006 1.18441700e-006 1.45668335e-006 1.63177598e-006 
1.75000000e+000 1.51554446e+001 2.00000000e+001 4.59533436e-008 6.89291145e-007 1.27340467e-006 1.45449102e-006 1.87559939e-006 2.00463285e-006 2.05845653e-006 2.30225175e-006 2.37495953e-006 
1.75000000e+000 1.95655948e+001 2.00000000e+001 2.05184484e-007 1.70002886e-006 2.55679765e-006 2.77719541e-006 3.23014791e-006 3.34972166e-006 3.39657959e-006 3.53084676e-006 3.40360339e-006 
1.75000000e+000 2.31503240e+001 2.00000000e+001 7.34843246e-007 3.71944610e-006 4.72872139e-006 4.93202134e-006 5.28024448e-006 5.34431294e-006 5.36420656e-006 5.25261657e-006 4.78105843e-006 
1.75000000e+000 2.62500000e+001 2.00000000e+001 2.44734758e-006 7.84372256e-006 8.54044714e-006 8.58256703e-006 8.52208373e-006 8.43814653e-006 8.39201319e-006 7.78369694e-006 6.71952739e-006 
1.75000000e+000 2.90204669e+001 2.00000000e+001 7.75159961e-006 1.61889166e-005 1.52297571e-005 1.47774834e-005 1.36707579e-005 1.32606608e-005 1.30751720e-005 1.15270641e-005 9.46492319e-006 
1.75000000e+000 3.15485737e+001 2.00000000e+001 2.38787518e-005 3.30321100e-005 2.69764677e-005 2.53004058e-005 2.18548895e-005 2.07822861e-005 2.03220545e-005 1.70592448e-005 1.33426105e-005 
1.75000000e+000 3.38886043e+001 2.00000000e+001 8.55522751e-005 7.42092698e-005 5.15943732e-005 4.65492136e-005 3.71876627e-005 3.45719360e-005 3.34884051e-005 2.65891645e-005 1.96748810e-005 
2.00000000e+000 8.75000000e+000 2.00000000e+001 1.88113977e-009 1.05424703e-007 3.09448488e-007 3.95509306e-007 6.39888017e-007 7.29813279e-007 7.69858463e-007 1.00460957e-006 1.19392824e-006 
2.00000000e+000 1.51554446e+001 2.00000000e+001 1.71061108e-008 3.79122878e-007 7.98475347e-007 9.40840818e-007 1.29109981e-006 1.40484484e-006 1.45338424e-006 1.69873883e-006 1.83184794e-006 
2.00000000e+000 1.95655948e+001 2.00000000e+001 9.23348316e-008 1.04768483e-006 1.75084575e-006 1.94974345e-006 2.38286906e-006 2.50629199e-006 2.55636741e-006 2.75082862e-006 2.74482365e-006 
2.00000000e+000 2.31503240e+001 2.00000000e+001 3.87661102e-007 2.51762622e-006 3.48099386e-006 3.70348606e-006 4.12449685e-006 4.22173753e-006 4.25730551e-006 4.28414709e-006 4.00656889e-006 
2.00000000e+000 2.62500000e+001 2.00000000e+001 1.49672691e-006 5.79077689e-006 6.72084671e-006 6.85715592e-006 7.01719282e-006 7.00802357e-006 6.99463682e-006 6.62409459e-006 5.83710356e-006 
2.00000000e+000 2.90204669e+001 2.00000000e+001 5.44068125e-006 1.29694678e-005 1.27651001e-005 1.25200127e-005 1.18331898e-005 1.15485536e-005 1.14159561e-005 1.02142062e-005 8.50960120e-006 
2.00000000e+000 3.15485737e+001 2.00000000e+001 1.91236520e-005 2.86362823e-005 2.40372886e-005 2.26920887e-005 1.98594425e-005 1.89551770e-005 1.85640703e-005 1.57240602e-005 1.24065261e-005 
2.00000000e+000 3.38886043e+001 2.00000000e+001 7.95370090e-005 7.03712362e-005 4.92954580e-005 4.45559557e-005 3.57236250e-005 3.32444984e-005 3.22160067e-005 2.56397193e-005 1.90143326e-005 
2.25000000e+000 8.75000000e+000 2.00000000e+001 5.50062255e-010 4.99285182e-008 1.73119519e-007 2.30352114e-007 4.04250093e-007 4.72053685e-007 5.02884765e-007 6.95489529e-007 8.75998950e-007 
2.25000000e+000 1.51554446e+001 2.00000000e+001 6.44082495e-009 2.10390237e-007 5.04758934e-007 6.13395934e-007 8.95177459e-007 9.91383589e-007 1.03321075e-006 1.26100771e-006 1.41999615e-006 
2.25000000e+000 1.95655948e+001 2.00000000e+001 4.19489350e-008 6.50519360e-007 1.20741352e-006 1.37835155e-006 1.76960139e-006 1.88758173e-006 1.93657192e-006 2.15624207e-006 2.22559218e-006 
2.25000000e+000 2.31503240e+001 2.00000000e+001 2.06249495e-007 1.71548249e-006 2.57839154e-006 2.79798058e-006 3.24088069e-006 3.35460344e-006 3.39862522e-006 3.51396726e-006 3.37511140e-006 
2.25000000e+000 2.62500000e+001 2.00000000e+001 9.22431455e-007 4.30055809e-006 5.31785179e-006 5.50807454e-006 5.80820558e-006 5.85041840e-006 5.86002300e-006 5.66560269e-006 5.09482798e-006 
2.25000000e+000 2.90204669e+001 2.00000000e+001 3.84418101e-006 1.04432274e-005 1.07492989e-005 1.06560851e-005 1.02882392e-005 1.01019792e-005 1.00112490e-005 9.09010875e-006 7.68286491e-006 
2.25000000e+000 3.15485737e+001 2.00000000e+001 1.53993112e-005 2.49277588e-005 2.14994155e-005 2.04284587e-005 1.81117719e-005 1.73512562e-005 1.70194309e-005 1.45454308e-005 1.15771161e-005 
2.25000000e+000 3.38886043e+001 2.00000000e+001 7.42428528e-005 6.69235006e-005 4.72245821e-005 4.27607312e-005 3.44076139e-005 3.20525465e-005 3.10740721e-005 2.47910275e-005 1.84269044e-005 
2.50000000e+000 8.75000000e+000 2.00000000e+001 1.63135055e-010 2.38808829e-008 9.75687925e-008 1.35064288e-007 2.56738193e-007 3.06819390e-007 3.30036202e-007 4.83253157e-007 6.44463417e-007 
2.50000000e+000 1.51554446e+001 2.00000000e+001 2.44874592e-009 1.17611259e-007 3.21231897e-007 4.02536579e-007 6.24463547e-007 7.03768249e-007 7.38818239e-007 9.41016950e-007 1.10567086e-006 
2.50000000e+000 1.95655948e+001 2.00000000e+001 1.92123062e-008 4.06399999e-007 8.37412565e-007 9.79900066e-007 1.32134116e-006 1.42927750e-006 1.47491684e-006 1.69881406e-006 1.81299006e-006 
2.50000000e+000 2.31503240e+001 2.00000000e+001 1.10521678e-007 1.17529759e-006 1.91942043e-006 2.12431110e-006 2.55878111e-006 2.67825745e-006 2.72599803e-006 2.89553442e-006 2.85557252e-006 
2.50000000e+000 2.62500000e+001 2.00000000e+001 5.72214867e-007 3.20948415e-006 4.22644335e-006 4.44367937e-006 4.82771447e-006 4.90437253e-006 4.92983368e-006 4.86547982e-006 4.46435794e-006 
2.50000000e+000 2.90204669e+001 2.00000000e+001 2.73151732e-006 8.44444229e-006 9.08625134e-006 9.10339298e-006 8.97702421e-006 8.86795605e-006 8.81042946e-006 8.11780638e-006 6.95998508e-006 
2.50000000e+000 3.15485737e+001 2.00000000e+001 1.24581457e-005 2.17734121e-005 1.92886401e-005 1.84460096e-005 1.65659278e-005 1.59288979e-005 1.56482332e-005 1.34934797e-005 1.08337115e-005 
2.50000000e+000 3.38886043e+001 2.00000000e+001 6.95442754e-005 6.37963787e-005 4.53380246e-005 4.11246466e-005 3.32088869e-005 3.09674539e-005 3.00348378e-005 2.40208092e-005 1.78961110e-005 
END