TITLE="3SCB_EB_E_WD105.dat"
VARIABLES= "Density" "Radius" "Height" "0.1053" "0.356" "0.6617" "0.7889" "1.1732" "1.3325" "1.408" "2" "3" 
ZONE T="3D Data" I=11 J=8 K=3 F=POINT
0.00000000e+000 8.75000000e+000 0.00000000e+000 2.11460208e-004 1.43497408e-004 9.27736124e-005 8.24599553e-005 6.40770742e-005 5.90904415e-005 5.70374109e-005 4.41952108e-005 3.15383172e-005 
0.00000000e+000 1.51554446e+001 0.00000000e+000 2.30739046e-004 1.56444767e-004 1.00227712e-004 8.87464379e-005 6.83335852e-005 6.28450327e-005 6.05951425e-005 4.66959932e-005 3.32441615e-005 
0.00000000e+000 1.95655948e+001 0.00000000e+000 2.27555370e-004 1.54271413e-004 9.89205835e-005 8.76178874e-005 6.74999650e-005 6.20829701e-005 5.98614565e-005 4.61279104e-005 3.28250589e-005 
0.00000000e+000 2.31503240e+001 0.00000000e+000 2.20330079e-004 1.49229037e-004 9.58515233e-005 8.49748253e-005 6.56075736e-005 6.03813794e-005 5.82357006e-005 4.49276654e-005 3.19702061e-005 
0.00000000e+000 2.62500000e+001 0.00000000e+000 2.14346293e-004 1.45230511e-004 9.33717955e-005 8.28263581e-005 6.40604054e-005 5.89915428e-005 5.69088459e-005 4.39557866e-005 3.12827106e-005 
0.00000000e+000 2.90204669e+001 0.00000000e+000 2.15931392e-004 1.46325256e-004 9.38358637e-005 8.31783990e-005 6.42612686e-005 5.91654822e-005 5.70733171e-005 4.40756612e-005 3.13639561e-005 
0.00000000e+000 3.15485737e+001 0.00000000e+000 2.23949606e-004 1.51629863e-004 9.69703980e-005 8.58615524e-005 6.61696174e-005 6.08814851e-005 5.87132149e-005 4.52862625e-005 3.22067354e-005 
0.00000000e+000 3.38886043e+001 0.00000000e+000 2.36067857e-004 1.59681653e-004 1.01937839e-004 9.01915413e-005 6.93698470e-005 6.37868847e-005 6.14997999e-005 4.73759844e-005 3.36723451e-005 
2.50000000e-001 8.75000000e+000 0.00000000e+000 4.93922683e-005 6.21619383e-005 4.93979304e-005 4.60994125e-005 3.94598839e-005 3.74039044e-005 3.65190735e-005 3.02384375e-005 2.30169365e-005 
2.50000000e-001 1.51554446e+001 0.00000000e+000 6.30873263e-005 7.31288797e-005 5.63067445e-005 5.20887183e-005 4.37661206e-005 4.12665721e-005 4.02035409e-005 3.29084870e-005 2.48491420e-005 
2.50000000e-001 1.95655948e+001 0.00000000e+000 7.30220860e-005 7.80602736e-005 5.87722742e-005 5.41073055e-005 4.50402255e-005 4.23563987e-005 4.12202809e-005 3.35268509e-005 2.51562386e-005 
2.50000000e-001 2.31503240e+001 0.00000000e+000 8.23943397e-005 8.16057900e-005 6.01832483e-005 5.51775530e-005 4.55910557e-005 4.27884527e-005 4.16060747e-005 3.36708297e-005 2.51171865e-005 
2.50000000e-001 2.62500000e+001 0.00000000e+000 9.31545183e-005 8.58694872e-005 6.20066323e-005 5.66010809e-005 4.64016251e-005 4.34587084e-005 4.22216746e-005 3.39960413e-005 2.52135795e-005 
2.50000000e-001 2.90204669e+001 0.00000000e+000 1.08405042e-004 9.35484849e-005 6.59716232e-005 5.98853367e-005 4.85770623e-005 4.53672852e-005 4.40251410e-005 3.52201171e-005 2.59616656e-005 
2.50000000e-001 3.15485737e+001 0.00000000e+000 1.29199436e-004 1.04801463e-004 7.22184492e-005 6.51722122e-005 5.22434957e-005 4.86303266e-005 4.71278557e-005 3.74198104e-005 2.74011783e-005 
2.50000000e-001 3.38886043e+001 0.00000000e+000 1.59980487e-004 1.21018591e-004 8.12995038e-005 7.29030727e-005 5.76854505e-005 5.34960259e-005 5.17634778e-005 4.07446684e-005 2.96059486e-005 
5.00000000e-001 8.75000000e+000 0.00000000e+000 1.23089733e-005 2.75267948e-005 2.66356984e-005 2.60505536e-005 2.44833428e-005 2.38354145e-005 2.35311908e-005 2.07850663e-005 1.68516214e-005 
5.00000000e-001 1.51554446e+001 0.00000000e+000 1.99965036e-005 3.61762006e-005 3.27165746e-005 3.14730125e-005 2.86156916e-005 2.76026954e-005 2.71481780e-005 2.34941117e-005 1.87424553e-005 
5.00000000e-001 1.95655948e+001 0.00000000e+000 2.87046312e-005 4.30514831e-005 3.68130586e-005 3.49786184e-005 3.10605137e-005 2.97662072e-005 2.91976199e-005 2.48838260e-005 1.95650968e-005 
5.00000000e-001 2.31503240e+001 0.00000000e+000 3.90572488e-005 4.97996085e-005 4.04955537e-005 3.80576491e-005 3.31043661e-005 3.15461844e-005 3.08716516e-005 2.59579263e-005 2.01328099e-005 
5.00000000e-001 2.62500000e+001 0.00000000e+000 5.23218263e-005 5.76839926e-005 4.47312874e-005 4.15937573e-005 3.54587819e-005 3.36036725e-005 3.28104021e-005 2.72265406e-005 2.08355846e-005 
5.00000000e-001 2.90204669e+001 0.00000000e+000 7.05847275e-005 6.85967096e-005 5.08187978e-005 4.67404186e-005 3.90045008e-005 3.67456211e-005 3.57909156e-005 2.92898462e-005 2.21181232e-005 
5.00000000e-001 3.15485737e+001 0.00000000e+000 9.59809211e-005 8.33071745e-005 5.91703202e-005 5.38506581e-005 4.39885168e-005 4.11901560e-005 4.00195173e-005 3.22853746e-005 2.40583038e-005 
5.00000000e-001 3.38886043e+001 0.00000000e+000 1.37426881e-004 1.05326937e-004 7.14311170e-005 6.42650088e-005 5.12741548e-005 4.76873582e-005 4.62016655e-005 3.66734302e-005 2.69173178e-005 
7.50000000e-001 8.75000000e+000 0.00000000e+000 3.24572098e-006 1.24448896e-005 1.45372345e-005 1.48747176e-005 1.53024512e-005 1.52884504e-005 1.52569225e-005 1.43520258e-005 1.23765735e-005 
7.50000000e-001 1.51554446e+001 0.00000000e+000 6.95092560e-006 1.87222323e-005 1.95659154e-005 1.95024432e-005 1.90588685e-005 1.87737328e-005 1.86271623e-005 1.69745884e-005 1.42567559e-005 
7.50000000e-001 1.95655948e+001 0.00000000e+000 1.24297715e-005 2.51788566e-005 2.40096697e-005 2.34404750e-005 2.20106795e-005 2.14432924e-005 2.11794953e-005 1.88081404e-005 1.54185156e-005 
7.50000000e-001 2.31503240e+001 0.00000000e+000 2.02573316e-005 3.24199978e-005 2.85761596e-005 2.74026270e-005 2.48570511e-005 2.39850217e-005 2.35963167e-005 2.04806071e-005 1.64161204e-005 
7.50000000e-001 2.62500000e+001 0.00000000e+000 3.18316661e-005 4.13828777e-005 3.39686410e-005 3.20382828e-005 2.81396812e-005 2.69085219e-005 2.63737673e-005 2.24002153e-005 1.75709581e-005 
7.50000000e-001 2.90204669e+001 0.00000000e+000 4.92978164e-005 5.35659551e-005 4.12179478e-005 3.82706500e-005 3.25805195e-005 3.08808239e-005 3.01565035e-005 2.50762660e-005 1.92692456e-005 
7.50000000e-001 3.15485737e+001 0.00000000e+000 7.57860713e-005 7.01734650e-005 5.09364967e-005 4.66109065e-005 3.85211084e-005 3.62008861e-005 3.52265101e-005 2.86961289e-005 2.16208015e-005 
7.50000000e-001 3.38886043e+001 0.00000000e+000 1.23954142e-004 9.64443076e-005 6.56743643e-005 5.91499469e-005 4.73177619e-005 4.40491831e-005 4.26950201e-005 3.39921743e-005 2.50538225e-005 
1.00000000e+000 8.75000000e+000 0.00000000e+000 8.97251088e-007 5.73538620e-006 8.02611379e-006 8.57818561e-006 9.63210883e-006 9.86853929e-006 9.95198284e-006 9.95402846e-006 9.11799469e-006 
1.00000000e+000 1.51554446e+001 0.00000000e+000 2.55347841e-006 1.00278677e-005 1.19840090e-005 1.23448442e-005 1.29007894e-005 1.29585601e-005 1.29629898e-005 1.23980960e-005 1.09302582e-005 
1.00000000e+000 1.95655948e+001 0.00000000e+000 5.64269891e-006 1.52965041e-005 1.61295290e-005 1.61400032e-005 1.59402723e-005 1.57614259e-005 1.56648146e-005 1.44371794e-005 1.22923714e-005 
1.00000000e+000 2.31503240e+001 0.00000000e+000 1.09174336e-005 2.18915043e-005 2.08041341e-005 2.03164968e-005 1.91289606e-005 1.86617372e-005 1.84443843e-005 1.64593010e-005 1.35780025e-005 
1.00000000e+000 2.62500000e+001 0.00000000e+000 1.99791841e-005 3.06889062e-005 2.65937602e-005 2.54082772e-005 2.29095760e-005 2.20770564e-005 2.17088428e-005 1.88035739e-005 1.50579998e-005 
1.00000000e+000 2.90204669e+001 0.00000000e+000 3.53594391e-005 4.30720726e-005 3.43889455e-005 3.22078746e-005 2.79011245e-005 2.65805425e-005 2.60127804e-005 2.19124064e-005 1.70722487e-005 
1.00000000e+000 3.15485737e+001 0.00000000e+000 6.12371416e-005 6.06353218e-005 4.49752063e-005 4.13633051e-005 3.45276045e-005 3.25418253e-005 3.17043884e-005 2.60168626e-005 1.97584455e-005 
1.00000000e+000 3.38886043e+001 0.00000000e+000 1.13771299e-004 9.01443232e-005 6.16938614e-005 5.56223629e-005 4.45800446e-005 4.15220991e-005 4.02543578e-005 3.20926277e-005 2.36957534e-005 
1.25000000e+000 8.75000000e+000 0.00000000e+000 2.57786489e-007 2.68989709e-006 4.47964290e-006 4.99383698e-006 6.10423214e-006 6.40902263e-006 6.52951580e-006 6.93355380e-006 6.73768395e-006 
1.25000000e+000 1.51554446e+001 0.00000000e+000 9.71034120e-007 5.51028539e-006 7.48346516e-006 7.95286270e-006 8.85478979e-006 9.06014044e-006 9.13353941e-006 9.14409089e-006 8.44072582e-006 
1.25000000e+000 1.95655948e+001 0.00000000e+000 2.63071193e-006 9.52420315e-006 1.10684354e-005 1.13379540e-005 1.17419192e-005 1.17719103e-005 1.17677880e-005 1.12256575e-005 9.89898057e-006 
1.25000000e+000 2.31503240e+001 0.00000000e+000 6.00715014e-006 1.51007010e-005 1.54564395e-005 1.53617352e-005 1.49836312e-005 1.47680850e-005 1.46588046e-005 1.34188790e-005 1.13628027e-005 
1.25000000e+000 2.62500000e+001 0.00000000e+000 1.27510978e-005 2.31706024e-005 2.12040054e-005 2.05179227e-005 1.89729862e-005 1.84165625e-005 1.81643522e-005 1.60186767e-005 1.30668644e-005 
1.25000000e+000 2.90204669e+001 0.00000000e+000 2.57303695e-005 3.51687808e-005 2.91549670e-005 2.75444002e-005 2.42717724e-005 2.32350477e-005 2.27845353e-005 1.94216059e-005 1.53157801e-005 
1.25000000e+000 3.15485737e+001 0.00000000e+000 5.01136890e-005 5.30857267e-005 4.02656774e-005 3.72234945e-005 3.13839161e-005 2.96613192e-005 2.89312286e-005 2.38999312e-005 1.82728004e-005 
1.25000000e+000 3.38886043e+001 0.00000000e+000 1.05416625e-004 8.51136822e-005 5.86022132e-005 5.29030228e-005 4.24967642e-005 3.96037752e-005 3.84030126e-005 3.06518131e-005 2.26556631e-005 
1.50000000e+000 8.75000000e+000 0.00000000e+000 7.64074119e-008 1.28161741e-006 2.52571077e-006 2.93308339e-006 3.89365387e-006 4.18669278e-006 4.30804977e-006 4.84982459e-006 4.99348238e-006 
1.50000000e+000 1.51554446e+001 0.00000000e+000 3.78008849e-007 3.08614082e-006 4.74600568e-006 5.19755285e-006 6.14996524e-006 6.40472523e-006 6.50449622e-006 6.80269028e-006 6.56131863e-006 
1.50000000e+000 1.95655948e+001 0.00000000e+000 1.24803223e-006 6.02836876e-006 7.71233053e-006 8.08280399e-006 8.76392871e-006 8.90356916e-006 8.94989891e-006 8.82165747e-006 8.04053600e-006 
1.50000000e+000 2.31503240e+001 0.00000000e+000 3.35051458e-006 1.05563159e-005 1.16391634e-005 1.17714767e-005 1.18867099e-005 1.18325466e-005 1.17936719e-005 1.10621222e-005 9.59974394e-006 
1.50000000e+000 2.62500000e+001 0.00000000e+000 8.22816674e-006 1.76848357e-005 1.71013588e-005 1.67615163e-005 1.58950788e-005 1.55395106e-005 1.53722466e-005 1.37936831e-005 1.14489044e-005 
1.50000000e+000 2.90204669e+001 0.00000000e+000 1.89028722e-005 2.89817006e-005 2.49598326e-005 2.37907994e-005 2.13295899e-005 2.05176533e-005 2.01601669e-005 1.73850426e-005 1.38672436e-005 
1.50000000e+000 3.15485737e+001 0.00000000e+000 4.13582565e-005 4.68472411e-005 3.63502883e-005 3.37825989e-005 2.87772421e-005 2.72751498e-005 2.66348837e-005 2.21497733e-005 1.70426065e-005 
1.50000000e+000 3.38886043e+001 0.00000000e+000 9.82898552e-005 8.08478125e-005 5.60254808e-005 5.06510327e-005 4.07970988e-005 3.80455913e-005 3.69019152e-005 2.94937406e-005 2.18218913e-005 
1.75000000e+000 8.75000000e+000 0.00000000e+000 2.32243435e-008 6.19299930e-007 1.43749008e-006 1.73706018e-006 2.49896108e-006 2.75026343e-006 2.85760126e-006 3.40601466e-006 3.71145819e-006 
1.75000000e+000 1.51554446e+001 0.00000000e+000 1.49698972e-007 1.75350470e-006 3.04737193e-006 3.43670082e-006 4.31413026e-006 4.57032093e-006 4.67479319e-006 5.09949700e-006 5.13089624e-006 
1.75000000e+000 1.95655948e+001 0.00000000e+000 5.99657294e-007 3.85989557e-006 5.43413281e-006 5.82558249e-006 6.60820480e-006 6.80096412e-006 6.87333534e-006 6.99298416e-006 6.57903451e-006 
1.75000000e+000 2.31503240e+001 0.00000000e+000 1.88753326e-006 7.44663583e-006 8.84646305e-006 9.10486050e-006 9.51729520e-006 9.56742756e-006 9.57498907e-006 9.19763393e-006 8.17261803e-006 
1.75000000e+000 2.62500000e+001 0.00000000e+000 5.35313685e-006 1.35965599e-005 1.38981466e-005 1.37995073e-005 1.34231771e-005 1.32173147e-005 1.31139356e-005 1.19717571e-005 1.01060122e-005 
1.75000000e+000 2.90204669e+001 0.00000000e+000 1.39848376e-005 2.40327563e-005 2.15062461e-005 2.06836404e-005 1.88722023e-005 1.82432512e-005 1.79618100e-005 1.56712119e-005 1.26417333e-005 
1.75000000e+000 3.15485737e+001 0.00000000e+000 3.43447216e-005 4.15676608e-005 3.29963458e-005 3.08308433e-005 2.65402938e-005 2.52285515e-005 2.46659271e-005 2.06526770e-005 1.59922789e-005 
1.75000000e+000 3.38886043e+001 0.00000000e+000 9.20717642e-005 7.71083867e-005 5.37861028e-005 4.87018782e-005 3.93429095e-005 3.67179496e-005 3.56252205e-005 2.85194930e-005 2.11266707e-005 
2.00000000e+000 8.75000000e+000 0.00000000e+000 7.20513417e-009 3.03026808e-007 8.25254344e-007 1.03669984e-006 1.61321434e-006 1.81626986e-006 1.90516255e-006 2.40132568e-006 2.76629308e-006 
2.00000000e+000 1.51554446e+001 0.00000000e+000 6.00830529e-008 1.00745754e-006 1.97621348e-006 2.29407398e-006 3.05174788e-006 3.28743183e-006 3.38609782e-006 3.84830737e-006 4.03392431e-006 
2.00000000e+000 1.95655948e+001 0.00000000e+000 2.91015553e-007 2.49259490e-006 3.86102051e-006 4.23359083e-006 5.02246140e-006 5.23547939e-006 5.31940641e-006 5.58289864e-006 5.41671408e-006 
2.00000000e+000 2.31503240e+001 0.00000000e+000 1.07178826e-006 5.28788695e-006 6.76907886e-006 7.09009642e-006 7.67243423e-006 7.78888700e-006 7.82683016e-006 7.69827583e-006 7.00074261e-006 
2.00000000e+000 2.62500000e+001 0.00000000e+000 3.50537873e-006 1.05093292e-005 1.13562588e-005 1.14235798e-005 1.14006317e-005 1.13072164e-005 1.12523932e-005 1.04515640e-005 8.97193421e-006 
2.00000000e+000 2.90204669e+001 0.00000000e+000 1.04035865e-005 2.00209469e-005 1.86154632e-005 1.80656071e-005 1.67783239e-005 1.63001624e-005 1.60817669e-005 1.41979363e-005 1.15835810e-005 
2.00000000e+000 3.15485737e+001 0.00000000e+000 2.86592462e-005 3.70326330e-005 3.00698994e-005 2.82483037e-005 2.45768290e-005 2.34317538e-005 2.29373072e-005 1.93399215e-005 1.50736025e-005 
2.00000000e+000 3.38886043e+001 0.00000000e+000 8.65659812e-005 7.37628344e-005 5.17889814e-005 4.69674878e-005 3.80587189e-005 3.55491659e-005 3.45028992e-005 2.76714309e-005 2.05279737e-005 
2.25000000e+000 8.75000000e+000 0.00000000e+000 2.27322058e-009 1.49926094e-007 4.77554686e-007 6.23147005e-007 1.04714831e-006 1.20549717e-006 1.27631528e-006 1.69930373e-006 2.06741197e-006 
2.25000000e+000 1.51554446e+001 0.00000000e+000 2.43803815e-008 5.83954576e-007 1.29192390e-006 1.54329487e-006 2.17399955e-006 2.38070080e-006 2.46900435e-006 2.92105598e-006 3.18679011e-006 
2.25000000e+000 1.95655948e+001 0.00000000e+000 1.42395650e-007 1.62031648e-006 2.76102264e-006 3.09641663e-006 3.84122520e-006 4.05536328e-006 4.14218536e-006 4.48315667e-006 4.48322458e-006 
2.25000000e+000 2.31503240e+001 0.00000000e+000 6.12580678e-007 3.77428012e-006 5.20581798e-006 5.54938435e-006 6.21736492e-006 6.37408700e-006 6.43129431e-006 6.47686396e-006 6.02689526e-006 
2.25000000e+000 2.62500000e+001 0.00000000e+000 2.30784707e-006 8.15697775e-006 9.31713027e-006 9.49564083e-006 9.72403840e-006 9.71483018e-006 9.69691452e-006 9.16501355e-006 8.00078831e-006 
2.25000000e+000 2.90204669e+001 0.00000000e+000 7.77462373e-006 1.67390459e-005 1.61690569e-005 1.58336916e-005 1.49698161e-005 1.46164909e-005 1.44506749e-005 1.29116120e-005 1.06553039e-005 
2.25000000e+000 3.15485737e+001 0.00000000e+000 2.40100629e-005 3.30972918e-005 2.74852121e-005 2.59592892e-005 2.28271548e-005 2.18290853e-005 2.13949948e-005 1.81681481e-005 1.42550036e-005 
2.25000000e+000 3.38886043e+001 0.00000000e+000 8.16398820e-005 7.07283680e-005 4.99774559e-005 4.53958816e-005 3.69002154e-005 3.44969919e-005 3.34935746e-005 2.69145847e-005 1.99990899e-005 
2.50000000e+000 8.75000000e+000 0.00000000e+000 7.27283746e-010 7.49091428e-008 2.78366487e-007 3.77040422e-007 6.83222523e-007 8.03912297e-007 8.58944584e-007 1.20680267e-006 1.54914622e-006 
2.50000000e+000 1.51554446e+001 0.00000000e+000 9.98492966e-009 3.40923679e-007 8.50180077e-007 1.04491704e-006 1.55792898e-006 1.73400308e-006 1.81052519e-006 2.22850485e-006 2.52841800e-006 
2.50000000e+000 1.95655948e+001 0.00000000e+000 7.01631307e-008 1.05893601e-006 1.98453433e-006 2.27624187e-006 2.95258168e-006 3.15694550e-006 3.24154478e-006 3.61733702e-006 3.72713781e-006 
2.50000000e+000 2.31503240e+001 0.00000000e+000 3.52081513e-007 2.70517918e-006 4.01957417e-006 4.36084587e-006 5.05868888e-006 5.23756168e-006 5.30619943e-006 5.47172115e-006 5.20959505e-006 
2.50000000e+000 2.62500000e+001 0.00000000e+000 1.52647994e-006 6.35271245e-006 7.66873415e-006 7.91845456e-006 8.32122350e-006 8.37438610e-006 8.38431789e-006 8.06451084e-006 7.15994085e-006 
2.50000000e+000 2.90204669e+001 0.00000000e+000 5.83244468e-006 1.40362729e-005 1.40826889e-005 1.39153230e-005 1.33928931e-005 1.31430059e-005 1.30211198e-005 1.17756770e-005 9.83092160e-006 
2.50000000e+000 3.15485737e+001 0.00000000e+000 2.01826822e-005 2.96568010e-005 2.51827309e-005 2.39119777e-005 2.12515307e-005 2.03836928e-005 2.00032872e-005 1.71087214e-005 1.35151994e-005 
2.50000000e+000 3.38886043e+001 0.00000000e+000 7.71979127e-005 6.79489464e-005 4.83147428e-005 4.39537181e-005 3.58395199e-005 3.35349063e-005 3.25712788e-005 2.62268038e-005 1.95225776e-005 
0.00000000e+000 8.75000000e+000 1.00000000e+001 1.47612368e-004 1.01478385e-004 6.63190890e-005 5.92056232e-005 4.65349957e-005 4.30741963e-005 4.16428010e-005 3.25358300e-005 2.32954373e-005 
0.00000000e+000 1.51554446e+001 1.00000000e+001 1.57755121e-004 1.08208465e-004 7.01437460e-005 6.24075189e-005 4.86474291e-005 4.49179018e-005 4.33815387e-005 3.37224112e-005 2.40869916e-005 
0.00000000e+000 1.95655948e+001 1.00000000e+001 1.59123477e-004 1.09198101e-004 7.06367358e-005 6.27981298e-005 4.88597139e-005 4.50867570e-005 4.35336749e-005 3.37944202e-005 2.41162395e-005 
0.00000000e+000 2.31503240e+001 1.00000000e+001 1.59862364e-004 1.09733604e-004 7.08229357e-005 6.29168383e-005 4.88776108e-005 4.50846779e-005 4.35244736e-005 3.37578720e-005 2.40732493e-005 
0.00000000e+000 2.62500000e+001 1.00000000e+001 1.63577945e-004 1.12300231e-004 7.22385151e-005 6.40948375e-005 4.96574023e-005 4.57693446e-005 4.41721417e-005 3.42086830e-005 2.43736692e-005 
0.00000000e+000 2.90204669e+001 1.00000000e+001 1.72320145e-004 1.18106523e-004 7.55846267e-005 6.69354826e-005 5.16320896e-005 4.75297106e-005 4.58479867e-005 3.54180190e-005 2.52060085e-005 
0.00000000e+000 3.15485737e+001 1.00000000e+001 1.85285584e-004 1.26697044e-004 8.07379780e-005 7.13710614e-005 5.48072381e-005 5.03827721e-005 4.85725489e-005 3.74137855e-005 2.65892169e-005 
0.00000000e+000 3.38886043e+001 1.00000000e+001 2.01416735e-004 1.37447768e-004 8.73606611e-005 7.71327798e-005 5.90321201e-005 5.42045354e-005 5.22318397e-005 4.01285323e-005 2.84813819e-005 
2.50000000e-001 8.75000000e+000 1.00000000e+001 3.33091738e-005 4.31132712e-005 3.48043329e-005 3.26618404e-005 2.83455756e-005 2.69873625e-005 2.63975574e-005 2.20748183e-005 1.68836858e-005 
2.50000000e-001 1.51554446e+001 1.00000000e+001 4.04937147e-005 4.87945678e-005 3.83650927e-005 3.57411852e-005 3.05378310e-005 2.89448390e-005 2.82606896e-005 2.34038901e-005 1.77781597e-005 
2.50000000e-001 1.95655948e+001 1.00000000e+001 4.66652129e-005 5.24754006e-005 4.03822591e-005 3.74340342e-005 3.16732625e-005 2.99388482e-005 2.91982574e-005 2.40274032e-005 1.81494161e-005 
2.50000000e-001 2.31503240e+001 1.00000000e+001 5.36725497e-005 5.63923105e-005 4.24379073e-005 3.91354046e-005 3.27847620e-005 3.09058009e-005 3.01080625e-005 2.46236055e-005 1.84947993e-005 
2.50000000e-001 2.62500000e+001 1.00000000e+001 6.33662775e-005 6.21586674e-005 4.56352890e-005 4.18273082e-005 3.46186694e-005 3.25261765e-005 3.16436958e-005 2.56869987e-005 1.91704720e-005 
2.50000000e-001 2.90204669e+001 1.00000000e+001 7.77029431e-005 7.09800818e-005 5.06717209e-005 4.61086945e-005 3.76045781e-005 3.51861991e-005 3.41740286e-005 2.74877713e-005 2.03644620e-005 
2.50000000e-001 3.15485737e+001 1.00000000e+001 9.80204103e-005 8.32572872e-005 5.77909145e-005 5.21975290e-005 4.19114863e-005 3.90399543e-005 3.78467642e-005 3.01321521e-005 2.21413792e-005 
2.50000000e-001 3.38886043e+001 1.00000000e+001 1.29225921e-004 1.00769741e-004 6.78155913e-005 6.07679171e-005 4.79819841e-005 4.44745060e-005 4.30269425e-005 3.38621182e-005 2.46410427e-005 
5.00000000e-001 8.75000000e+000 1.00000000e+001 8.03220506e-006 1.87316829e-005 1.85004678e-005 1.82160611e-005 1.73977486e-005 1.70233188e-005 1.68416237e-005 1.50474024e-005 1.22761592e-005 
5.00000000e-001 1.51554446e+001 1.00000000e+001 1.21884387e-005 2.33577160e-005 2.17357496e-005 2.10977120e-005 1.95843858e-005 1.90122270e-005 1.87489507e-005 1.64610446e-005 1.32441243e-005 
5.00000000e-001 1.95655948e+001 1.00000000e+001 1.71319869e-005 2.76437152e-005 2.44055407e-005 2.34118299e-005 2.12490671e-005 2.05015789e-005 2.01667706e-005 1.74571576e-005 1.38676220e-005 
5.00000000e-001 2.31503240e+001 1.00000000e+001 2.35219182e-005 3.25933853e-005 2.73552875e-005 2.59372830e-005 2.30225472e-005 2.20784094e-005 2.16641348e-005 1.84944940e-005 1.45055770e-005 
5.00000000e-001 2.62500000e+001 1.00000000e+001 3.27328362e-005 3.94081928e-005 3.14421278e-005 2.94485299e-005 2.55148945e-005 2.43052812e-005 2.37839561e-005 1.99951850e-005 1.54692012e-005 
5.00000000e-001 2.90204669e+001 1.00000000e+001 4.68139862e-005 4.93282863e-005 3.73772989e-005 3.45546786e-005 2.91609628e-005 2.75728488e-005 2.68992408e-005 2.22320644e-005 1.69478085e-005 
5.00000000e-001 3.15485737e+001 1.00000000e+001 6.85415180e-005 6.34386616e-005 4.57186610e-005 4.17226672e-005 3.42774929e-005 3.21603513e-005 3.12742377e-005 2.53845450e-005 1.90491722e-005 
5.00000000e-001 3.38886043e+001 1.00000000e+001 1.07509712e-004 8.55660368e-005 5.83074905e-005 5.24607876e-005 4.18412724e-005 3.89174485e-005 3.77085682e-005 2.99791241e-005 2.20824871e-005 
7.50000000e-001 8.75000000e+000 1.00000000e+001 2.05390054e-006 8.31365376e-006 9.95656156e-006 1.02676318e-005 1.07579918e-005 1.08096029e-005 1.08130105e-005 1.03044273e-005 8.95447259e-006 
7.50000000e-001 1.51554446e+001 1.00000000e+001 4.06880268e-006 1.17432743e-005 1.27004052e-005 1.27931858e-005 1.28074384e-005 1.27095831e-005 1.26493017e-005 1.17235136e-005 9.95385576e-006 
7.50000000e-001 1.95655948e+001 1.00000000e+001 7.05893927e-006 1.55570237e-005 1.54191511e-005 1.52279322e-005 1.46793835e-005 1.44172336e-005 1.42881943e-005 1.29308029e-005 1.07439251e-005 
7.50000000e-001 2.31503240e+001 1.00000000e+001 1.15366817e-005 2.02965029e-005 1.85963022e-005 1.80296818e-005 1.67698235e-005 1.63089928e-005 1.60979229e-005 1.42402017e-005 1.15851540e-005 
7.50000000e-001 2.62500000e+001 1.00000000e+001 1.87457405e-005 2.69680818e-005 2.29474845e-005 2.18480496e-005 1.95993159e-005 1.88680279e-005 1.85461129e-005 1.60216299e-005 1.27544696e-005 
7.50000000e-001 2.90204669e+001 1.00000000e+001 3.08748924e-005 3.68735018e-005 2.92114658e-005 2.73135626e-005 2.36149562e-005 2.24952885e-005 2.20153284e-005 1.85536913e-005 1.44440470e-005 
7.50000000e-001 3.15485737e+001 1.00000000e+001 5.17310211e-005 5.16538514e-005 3.82170082e-005 3.51114372e-005 2.92675104e-005 2.75846105e-005 2.68769299e-005 2.20843263e-005 1.68025410e-005 
7.50000000e-001 3.38886043e+001 1.00000000e+001 9.49105994e-005 7.69530837e-005 5.27217536e-005 4.75037356e-005 3.80216648e-005 3.54096610e-005 3.43294824e-005 2.74037420e-005 2.02977677e-005 
1.00000000e+000 8.75000000e+000 1.00000000e+001 5.51872721e-007 3.76386538e-006 5.42227935e-006 5.84673549e-006 6.70050004e-006 6.90846350e-006 6.98526029e-006 7.08834171e-006 6.55207917e-006 
1.00000000e+000 1.51554446e+001 1.00000000e+001 1.44670512e-006 6.13371880e-006 7.61699212e-006 7.93901396e-006 8.52242801e-006 8.63157670e-006 8.66433036e-006 8.44618609e-006 7.54323439e-006 
1.00000000e+000 1.95655948e+001 1.00000000e+001 3.08359333e-006 9.15421387e-006 1.00753851e-005 1.02126343e-005 1.03882259e-005 1.03660414e-005 1.03421078e-005 9.74014132e-006 8.42803859e-006 
1.00000000e+000 2.31503240e+001 1.00000000e+001 5.95438129e-006 1.32172474e-005 1.31140157e-005 1.29666217e-005 1.25615459e-005 1.23651895e-005 1.22676670e-005 1.11904170e-005 9.39780202e-006 
1.00000000e+000 2.62500000e+001 1.00000000e+001 1.12194764e-005 1.92391409e-005 1.73682922e-005 1.67762858e-005 1.55044079e-005 1.50588851e-005 1.48575367e-005 1.31292281e-005 1.07032161e-005 
1.00000000e+000 2.90204669e+001 1.00000000e+001 2.11470371e-005 2.85957966e-005 2.36137958e-005 2.23016362e-005 1.96815858e-005 1.88630440e-005 1.85081989e-005 1.58435912e-005 1.25406989e-005 
1.00000000e+000 3.15485737e+001 1.00000000e+001 4.02780991e-005 4.33920055e-005 3.29165953e-005 3.04217641e-005 2.56663892e-005 2.42771269e-005 2.36900576e-005 1.96458549e-005 1.50977164e-005 
1.00000000e+000 3.38886043e+001 1.00000000e+001 8.56902809e-005 7.09300383e-005 4.88773799e-005 4.40938274e-005 3.53761811e-005 3.29690408e-005 3.19729622e-005 2.55731480e-005 1.89916494e-005 
1.25000000e+000 8.75000000e+000 1.00000000e+001 1.54442291e-007 1.73537118e-006 2.98625728e-006 3.36183964e-006 4.20253030e-006 4.44293003e-006 4.53951576e-006 4.89752894e-006 4.80900847e-006 
1.25000000e+000 1.51554446e+001 1.00000000e+001 5.35093040e-007 3.29752301e-006 4.66728460e-006 5.02324550e-006 5.75771283e-006 5.94426997e-006 6.01492479e-006 6.14901747e-006 5.76058963e-006 
1.25000000e+000 1.95655948e+001 1.00000000e+001 1.39251581e-006 5.54884066e-006 6.74951923e-006 7.01013406e-006 7.49499062e-006 7.58922885e-006 7.61837706e-006 7.44241583e-006 6.68438715e-006 
1.25000000e+000 2.31503240e+001 1.00000000e+001 3.16100256e-006 8.84505555e-006 9.48065892e-006 9.54971242e-006 9.60744595e-006 9.56253589e-006 9.53133337e-006 8.93904314e-006 7.72391993e-006 
1.25000000e+000 2.62500000e+001 1.00000000e+001 6.88180858e-006 1.40582410e-005 1.34517076e-005 1.31741028e-005 1.25195012e-005 1.22588267e-005 1.21361499e-005 1.09441139e-005 9.10985395e-006 
1.25000000e+000 2.90204669e+001 1.00000000e+001 1.47973838e-005 2.26358954e-005 1.94798532e-005 1.85776588e-005 1.67175772e-005 1.61125291e-005 1.58465846e-005 1.37552475e-005 1.10440533e-005 
1.25000000e+000 3.15485737e+001 1.00000000e+001 3.19210251e-005 3.70742319e-005 2.88420524e-005 2.68139517e-005 2.28881064e-005 2.17212828e-005 2.12253564e-005 1.77456564e-005 1.37509553e-005 
1.25000000e+000 3.38886043e+001 1.00000000e+001 7.83303117e-005 6.62085362e-005 4.59264587e-005 4.14907399e-005 3.33740322e-005 3.11241562e-005 3.01920757e-005 2.41859579e-005 1.79899828e-005 
1.50000000e+000 8.75000000e+000 1.00000000e+001 4.46697429e-008 8.13429915e-007 1.66205097e-006 1.95088039e-006 2.65349194e-006 2.87456404e-006 2.96711338e-006 3.39834628e-006 3.54031182e-006 
1.50000000e+000 1.51554446e+001 1.00000000e+001 2.03224834e-007 1.81154377e-006 2.90995789e-006 3.22970962e-006 3.94090445e-006 4.14347693e-006 4.22487276e-006 4.51883238e-006 4.43050720e-006 
1.50000000e+000 1.95655948e+001 1.00000000e+001 6.42552118e-007 3.43192499e-006 4.60491415e-006 4.89666601e-006 5.49087006e-006 5.63753988e-006 5.69215100e-006 5.75541960e-006 5.35252459e-006 
1.50000000e+000 2.31503240e+001 1.00000000e+001 1.70919539e-006 6.02407077e-006 6.97177803e-006 7.15148780e-006 7.46225658e-006 7.50616708e-006 7.51475305e-006 7.23398622e-006 6.41760509e-006 
1.50000000e+000 2.62500000e+001 1.00000000e+001 4.29051742e-006 1.04291425e-005 1.05767478e-005 1.05015300e-005 1.02559442e-005 1.01212736e-005 1.00527158e-005 9.24073051e-006 7.84125164e-006 
1.50000000e+000 2.90204669e+001 1.00000000e+001 1.05042202e-005 1.81511645e-005 1.62789384e-005 1.56771174e-005 1.43824775e-005 1.39382010e-005 1.37394154e-005 1.20856098e-005 9.83180335e-006 
1.50000000e+000 3.15485737e+001 1.00000000e+001 2.56020541e-005 3.20144857e-005 2.55440080e-005 2.38900838e-005 2.06335238e-005 1.96465152e-005 1.92242255e-005 1.61996754e-005 1.26490595e-005 
1.50000000e+000 3.38886043e+001 1.00000000e+001 7.21978873e-005 6.22764846e-005 4.35020469e-005 3.93628446e-005 3.17560283e-005 2.96380646e-005 2.87593625e-005 2.30761908e-005 1.71882452e-005 
1.75000000e+000 8.75000000e+000 1.00000000e+001 1.32691512e-008 3.86970659e-007 9.34151289e-007 1.14190442e-006 1.68613812e-006 1.87058797e-006 1.95008983e-006 2.36786951e-006 2.61400467e-006 
1.75000000e+000 1.51554446e+001 1.00000000e+001 7.86776739e-008 1.01161873e-006 1.83981996e-006 2.10398561e-006 2.72744278e-006 2.91846633e-006 2.99774823e-006 3.34864273e-006 3.42965078e-006 
1.75000000e+000 1.95655948e+001 1.00000000e+001 3.01132099e-007 2.15308582e-006 3.18457717e-006 3.46574277e-006 4.07134337e-006 4.23657132e-006 4.30165156e-006 4.49551740e-006 4.32167951e-006 
1.75000000e+000 2.31503240e+001 1.00000000e+001 9.36591121e-007 4.15284596e-006 5.18892242e-006 5.41987504e-006 5.86295817e-006 5.95863835e-006 5.99115287e-006 5.91447857e-006 5.38023126e-006 
1.75000000e+000 2.62500000e+001 1.00000000e+001 2.70717535e-006 7.81821721e-006 8.40330139e-006 8.45878971e-006 8.48870245e-006 8.44228384e-006 8.41208071e-006 7.87863441e-006 6.80947484e-006 
1.75000000e+000 2.90204669e+001 1.00000000e+001 7.53618373e-006 1.46867368e-005 1.37250935e-005 1.33473873e-005 1.24842243e-005 1.21650001e-005 1.20187297e-005 1.07115389e-005 8.82507440e-006 
1.75000000e+000 3.15485737e+001 1.00000000e+001 2.07165637e-005 2.78513435e-005 2.27884766e-005 2.14411641e-005 1.87394667e-005 1.79027917e-005 1.75421724e-005 1.48994576e-005 1.17207871e-005 
1.75000000e+000 3.38886043e+001 1.00000000e+001 6.69563098e-005 5.88862257e-005 4.14253205e-005 3.75461277e-005 3.03873618e-005 2.83850464e-005 2.75530384e-005 2.21493663e-005 1.65224260e-005 
2.00000000e+000 8.75000000e+000 1.00000000e+001 4.02799105e-009 1.86536826e-007 5.29817579e-007 6.73788462e-007 1.07794179e-006 1.22396976e-006 1.28843654e-006 1.65647298e-006 1.93560532e-006 
2.00000000e+000 1.51554446e+001 1.00000000e+001 3.09139997e-008 5.72087666e-007 1.17638450e-006 1.38542056e-006 1.90540310e-006 2.07401165e-006 2.14562282e-006 2.49981484e-006 2.67051799e-006 
2.00000000e+000 1.95655948e+001 1.00000000e+001 1.42827268e-007 1.36510076e-006 2.22497309e-006 2.47779253e-006 3.04761112e-006 3.21334527e-006 3.28066256e-006 3.54061181e-006 3.51427225e-006 
2.00000000e+000 2.31503240e+001 1.00000000e+001 5.18566846e-007 2.88852940e-006 3.89625143e-006 4.14390870e-006 4.64652854e-006 4.77090879e-006 4.81737622e-006 4.87499921e-006 4.54387137e-006 
2.00000000e+000 2.62500000e+001 1.00000000e+001 1.72420558e-006 5.90665080e-006 6.72732592e-006 6.86528676e-006 7.07951168e-006 7.09536289e-006 7.09265189e-006 6.76730094e-006 5.95515389e-006 
2.00000000e+000 2.90204669e+001 1.00000000e+001 5.45188193e-006 1.19642131e-005 1.16470789e-005 1.14374671e-005 1.09068747e-005 1.06864532e-005 1.05819784e-005 9.55543317e-006 7.97177125e-006 
2.00000000e+000 3.15485737e+001 1.00000000e+001 1.68803395e-005 2.43654553e-005 2.04387298e-005 1.93456009e-005 1.71102994e-005 1.64015153e-005 1.60935326e-005 1.37785089e-005 1.09201970e-005 
2.00000000e+000 3.38886043e+001 1.00000000e+001 6.23994564e-005 5.58982610e-005 3.95984637e-005 3.59508588e-005 2.91928969e-005 2.72942526e-005 2.65040974e-005 2.13496428e-005 1.59524139e-005 
2.25000000e+000 8.75000000e+000 1.00000000e+001 1.24467986e-009 9.09775747e-008 3.03010774e-007 4.00555033e-007 6.93073220e-007 8.05060752e-007 8.55554532e-007 1.16327157e-006 1.43726699e-006 
2.25000000e+000 1.51554446e+001 1.00000000e+001 1.22932067e-008 3.26764133e-007 7.59076763e-007 9.20329438e-007 1.34170087e-006 1.48512760e-006 1.54719215e-006 1.87825334e-006 2.09045940e-006 
2.25000000e+000 1.95655948e+001 1.00000000e+001 6.84040731e-008 8.72589164e-007 1.56688642e-006 1.78541801e-006 2.29861018e-006 2.45542595e-006 2.52049952e-006 2.80773226e-006 2.87515810e-006 
2.25000000e+000 2.31503240e+001 1.00000000e+001 2.89541740e-007 2.02307969e-006 2.94539831e-006 3.18972143e-006 3.70717981e-006 3.84542933e-006 3.89935402e-006 4.04420927e-006 3.86080841e-006 
2.25000000e+000 2.62500000e+001 1.00000000e+001 1.10656859e-006 4.48972778e-006 5.41695591e-006 5.60425952e-006 5.93843130e-006 5.99786740e-006 6.01480572e-006 5.84622864e-006 5.23724459e-006 
2.25000000e+000 2.90204669e+001 1.00000000e+001 3.97083461e-006 9.79858529e-006 9.93312394e-006 9.84938290e-006 9.57566159e-006 9.43380696e-006 9.36286443e-006 8.56634192e-006 7.23657132e-006 
2.25000000e+000 3.15485737e+001 1.00000000e+001 1.38329913e-005 2.14104571e-005 1.84068253e-005 1.75259506e-005 1.56858268e-005 1.50868969e-005 1.48243147e-005 1.27942689e-005 1.02168517e-005 
2.25000000e+000 3.38886043e+001 1.00000000e+001 5.83892124e-005 5.32250159e-005 3.79623456e-005 3.45231956e-005 2.81277126e-005 2.63231765e-005 2.55710451e-005 2.06426302e-005 1.54524218e-005 
2.50000000e+000 8.75000000e+000 1.00000000e+001 3.90330356e-010 4.48338932e-008 1.74626950e-007 2.39774002e-007 4.48021558e-007 5.32144593e-007 5.70814823e-007 8.19935265e-007 1.07011676e-006 
2.50000000e+000 1.51554446e+001 1.00000000e+001 4.93785529e-009 1.88153525e-007 4.93482928e-007 6.15836492e-007 9.51111740e-007 1.07035165e-006 1.12279674e-006 1.41925142e-006 1.64420637e-006 
2.50000000e+000 1.95655948e+001 1.00000000e+001 3.30282582e-008 5.61435311e-007 1.11041349e-006 1.29457563e-006 1.74428755e-006 1.88761217e-006 1.94810817e-006 2.23927764e-006 2.36454620e-006 
2.50000000e+000 2.31503240e+001 1.00000000e+001 1.62809710e-007 1.42487290e-006 2.23850003e-006 2.46830922e-006 2.97337536e-006 3.11583953e-006 3.17291732e-006 3.37245029e-006 3.29683429e-006 
2.50000000e+000 2.62500000e+001 1.00000000e+001 7.14755248e-007 3.42968499e-006 4.38203576e-006 4.59583776e-006 5.00389201e-006 5.09315092e-006 5.12392013e-006 5.07349191e-006 4.62665997e-006 
2.50000000e+000 2.90204669e+001 1.00000000e+001 2.90861929e-006 8.06013642e-006 8.50538980e-006 8.51528194e-006 8.43942287e-006 8.36012088e-006 8.31615107e-006 7.70939393e-006 6.59484711e-006 
2.50000000e+000 3.15485737e+001 1.00000000e+001 1.13902843e-005 1.88823059e-005 1.66318907e-005 1.59291412e-005 1.44256063e-005 1.39216026e-005 1.36984312e-005 1.19182626e-005 9.58998892e-006 
2.50000000e+000 3.38886043e+001 1.00000000e+001 5.48270686e-005 5.08071326e-005 3.64782457e-005 3.32282191e-005 2.71631207e-005 2.54447184e-005 2.47274308e-005 2.00062212e-005 1.50054047e-005 
0.00000000e+000 8.75000000e+000 2.00000000e+001 1.06869679e-004 7.42894173e-005 4.76268505e-005 4.22178755e-005 3.27163440e-005 3.01815624e-005 2.91422566e-005 2.26468181e-005 1.61627397e-005 
0.00000000e+000 1.51554446e+001 2.00000000e+001 1.21999249e-004 8.40940706e-005 5.36461926e-005 4.74469272e-005 3.65152519e-005 3.36006009e-005 3.24079096e-005 2.50287611e-005 1.78012453e-005 
0.00000000e+000 1.95655948e+001 2.00000000e+001 1.38605662e-004 9.50517128e-005 6.04234404e-005 5.33563115e-005 4.08643505e-005 3.75347668e-005 3.61740064e-005 2.78125022e-005 1.97342697e-005 
0.00000000e+000 2.31503240e+001 2.00000000e+001 1.54933782e-004 1.05825494e-004 6.70904875e-005 5.91757082e-005 4.51670217e-005 4.14345576e-005 3.99104491e-005 3.05884495e-005 2.16674072e-005 
0.00000000e+000 2.62500000e+001 2.00000000e+001 1.72476386e-004 1.17368396e-004 7.42444934e-005 6.54288634e-005 4.98139517e-005 4.56548681e-005 4.39575834e-005 3.36109593e-005 2.37786739e-005 
0.00000000e+000 2.90204669e+001 2.00000000e+001 1.91469730e-004 1.29847941e-004 8.19949893e-005 7.22129309e-005 5.48795817e-005 5.02640583e-005 4.83813039e-005 3.69310530e-005 2.61048315e-005 
0.00000000e+000 3.15485737e+001 2.00000000e+001 2.11340313e-004 1.42895635e-004 9.01123722e-005 7.93254803e-005 6.02093476e-005 5.51204790e-005 5.30452637e-005 4.04448663e-005 2.85725614e-005 
0.00000000e+000 3.38886043e+001 2.00000000e+001 2.33616162e-004 1.57518012e-004 9.92246404e-005 8.73165925e-005 6.62144639e-005 6.05985971e-005 5.83090251e-005 4.44233267e-005 3.13724697e-005 
2.50000000e-001 8.75000000e+000 2.00000000e+001 2.31449285e-005 3.08132568e-005 2.45242585e-005 2.28768788e-005 1.96171587e-005 1.86267141e-005 1.82020841e-005 1.51669412e-005 1.15868457e-005 
2.50000000e-001 1.51554446e+001 2.00000000e+001 3.11858860e-005 3.78286863e-005 2.92219537e-005 2.70445934e-005 2.27836109e-005 2.15151616e-005 2.09765288e-005 1.72563303e-005 1.30620370e-005 
2.50000000e-001 1.95655948e+001 2.00000000e+001 4.15111319e-005 4.63479637e-005 3.48538348e-005 3.20348748e-005 2.65819175e-005 2.49855091e-005 2.43124502e-005 1.97805308e-005 1.48481695e-005 
2.50000000e-001 2.31503240e+001 2.00000000e+001 5.40746123e-005 5.59162072e-005 4.10096502e-005 3.74579918e-005 3.06695994e-005 2.87114017e-005 2.78905985e-005 2.24724908e-005 1.67381929e-005 
2.50000000e-001 2.62500000e+001 2.00000000e+001 7.03919804e-005 6.74723006e-005 4.82681975e-005 4.38204769e-005 3.54251003e-005 3.30372779e-005 3.20415983e-005 2.55806816e-005 1.89064937e-005 
2.50000000e-001 2.90204669e+001 2.00000000e+001 9.18001344e-005 8.15875995e-005 5.69235355e-005 5.13677017e-005 4.10148984e-005 3.81106490e-005 3.69054977e-005 2.92038698e-005 2.14176584e-005 
2.50000000e-001 3.15485737e+001 2.00000000e+001 1.19601370e-004 9.85532470e-005 6.70461754e-005 6.01385464e-005 4.74342970e-005 4.39186583e-005 4.24665659e-005 3.33156838e-005 2.42434170e-005 
2.50000000e-001 3.38886043e+001 2.00000000e+001 1.60974819e-004 1.21513964e-004 8.02696782e-005 7.14979069e-005 5.56079450e-005 5.12786837e-005 4.94997892e-005 3.84561103e-005 2.77318806e-005 
5.00000000e-001 8.75000000e+000 2.00000000e+001 5.35275560e-006 1.30695732e-005 1.27909782e-005 1.25327037e-005 1.18528293e-005 1.15739943e-005 1.14426641e-005 1.02053416e-005 8.33338699e-006 
5.00000000e-001 1.51554446e+001 2.00000000e+001 9.21641608e-006 1.79961497e-005 1.64594400e-005 1.58668386e-005 1.45117262e-005 1.40333985e-005 1.38186052e-005 1.20528165e-005 9.67159554e-006 
5.00000000e-001 1.95655948e+001 2.00000000e+001 1.50259893e-005 2.44743999e-005 2.11195679e-005 2.00753603e-005 1.78375145e-005 1.71044411e-005 1.67836130e-005 1.43513809e-005 1.13297644e-005 
5.00000000e-001 2.31503240e+001 2.00000000e+001 2.33576582e-005 3.25260791e-005 2.66462210e-005 2.50137101e-005 2.16626748e-005 2.06172989e-005 2.01674996e-005 1.69394747e-005 1.31685316e-005 
5.00000000e-001 2.62500000e+001 2.00000000e+001 3.59344636e-005 4.31780916e-005 3.36510175e-005 3.12126922e-005 2.63782566e-005 2.49267449e-005 2.43103828e-005 2.00708922e-005 1.53645204e-005 
5.00000000e-001 2.90204669e+001 2.00000000e+001 5.50581752e-005 5.74203976e-005 4.26251325e-005 3.90767946e-005 3.22498689e-005 3.02654523e-005 2.94320402e-005 2.38954096e-005 1.80117979e-005 
5.00000000e-001 3.15485737e+001 2.00000000e+001 8.40398970e-005 7.63071000e-005 5.39866748e-005 4.89236242e-005 3.94441670e-005 3.67671982e-005 3.56537991e-005 2.84735592e-005 2.11318829e-005 
5.00000000e-001 3.38886043e+001 2.00000000e+001 1.35727595e-004 1.05156967e-004 7.03921518e-005 6.29467428e-005 4.94073154e-005 4.56990067e-005 4.41722876e-005 3.46180182e-005 2.52323474e-005 
7.50000000e-001 8.75000000e+000 2.00000000e+001 1.31054904e-006 5.66138685e-006 6.75397830e-006 6.93869198e-006 7.21500842e-006 7.23957404e-006 7.23898148e-006 6.89857574e-006 6.01263236e-006 
7.50000000e-001 1.51554446e+001 2.00000000e+001 2.98130145e-006 8.94956666e-006 9.53978847e-006 9.54539198e-006 9.41551067e-006 9.30764401e-006 9.24997542e-006 8.52006659e-006 7.22243497e-006 
7.50000000e-001 1.95655948e+001 2.00000000e+001 5.98301996e-006 1.36591096e-005 1.32948651e-005 1.30160655e-005 1.22842678e-005 1.19899263e-005 1.18529289e-005 1.05960089e-005 8.75519761e-006 
7.50000000e-001 2.31503240e+001 2.00000000e+001 1.10546000e-005 2.00808188e-005 1.80790223e-005 1.73700928e-005 1.57777124e-005 1.52293076e-005 1.49857126e-005 1.30444359e-005 1.05247568e-005 
7.50000000e-001 2.62500000e+001 2.00000000e+001 1.99502112e-005 2.93318186e-005 2.45501852e-005 2.31755642e-005 2.03095432e-005 1.93998028e-005 1.90063630e-005 1.61300630e-005 1.27133101e-005 
7.50000000e-001 2.90204669e+001 2.00000000e+001 3.55635138e-005 4.27804106e-005 3.33919886e-005 3.09946140e-005 2.62458668e-005 2.48208377e-005 2.42160197e-005 2.00551248e-005 1.54453685e-005 
7.50000000e-001 3.15485737e+001 2.00000000e+001 6.28904576e-005 6.22527339e-005 4.53882532e-005 4.14400715e-005 3.39365427e-005 3.17832075e-005 3.08828445e-005 2.49733314e-005 1.87957276e-005 
7.50000000e-001 3.38886043e+001 2.00000000e+001 1.20182022e-004 9.52332508e-005 6.42206212e-005 5.75366172e-005 4.53512916e-005 4.20053956e-005 4.06268219e-005 3.19712018e-005 2.34321723e-005 
1.00000000e+000 8.75000000e+000 2.00000000e+001 3.36470356e-007 2.50047586e-006 3.60826052e-006 3.88056161e-006 4.42358955e-006 4.55763496e-006 4.60779839e-006 4.68434812e-006 4.35182291e-006 
1.00000000e+000 1.51554446e+001 2.00000000e+001 1.01831717e-006 4.60317009e-006 5.66158212e-006 5.86533180e-006 6.20885386e-006 6.26544131e-006 6.28059934e-006 6.08909052e-006 5.43642949e-006 
1.00000000e+000 1.95655948e+001 2.00000000e+001 2.50382853e-006 7.91040852e-006 8.61104788e-006 8.66240140e-006 8.63964378e-006 8.57018832e-006 8.53005238e-006 7.94163687e-006 6.84209858e-006 
1.00000000e+000 2.31503240e+001 2.00000000e+001 5.46911951e-006 1.28547038e-005 1.26363590e-005 1.24013754e-005 1.17612291e-005 1.14969106e-005 1.13733301e-005 1.02207933e-005 8.52490721e-006 
1.00000000e+000 2.62500000e+001 2.00000000e+001 1.15185565e-005 2.06082254e-005 1.84372593e-005 1.76864056e-005 1.60119102e-005 1.54411162e-005 1.51887068e-005 1.32044088e-005 1.06743236e-005 
1.00000000e+000 2.90204669e+001 2.00000000e+001 2.37547364e-005 3.28442868e-005 2.68719329e-005 2.52258470e-005 2.18546241e-005 2.08065862e-005 2.03567184e-005 1.71468509e-005 1.34455338e-005 
1.00000000e+000 3.15485737e+001 2.00000000e+001 4.83703643e-005 5.21104533e-005 3.90865013e-005 3.59283496e-005 2.98263905e-005 2.80452607e-005 2.72964877e-005 2.22984560e-005 1.69688987e-005 
1.00000000e+000 3.38886043e+001 2.00000000e+001 1.08531063e-004 8.80173865e-005 5.97817021e-005 5.36463989e-005 4.24197811e-005 3.93267003e-005 3.80510733e-005 3.00196335e-005 2.20725920e-005 
1.25000000e+000 8.75000000e+000 2.00000000e+001 8.97873247e-008 1.12408075e-006 1.94902405e-006 2.19112168e-006 2.73095053e-006 2.88710976e-006 2.95042158e-006 3.19481007e-006 3.15947036e-006 
1.25000000e+000 1.51554446e+001 2.00000000e+001 3.59991759e-007 2.42786900e-006 3.42503265e-006 3.66774849e-006 4.15193720e-006 4.27243862e-006 4.31798146e-006 4.39483017e-006 4.12212161e-006 
1.25000000e+000 1.95655948e+001 2.00000000e+001 1.07920909e-006 4.69645638e-006 5.69563291e-006 5.87981834e-006 6.17893162e-006 6.22315697e-006 6.23362239e-006 6.02820271e-006 5.39991250e-006 
1.25000000e+000 2.31503240e+001 2.00000000e+001 2.77705169e-006 8.41926385e-006 9.01458419e-006 9.02892202e-006 8.92047855e-006 8.82403333e-006 8.77265817e-006 8.12033714e-006 6.98266659e-006 
1.25000000e+000 2.62500000e+001 2.00000000e+001 6.80564252e-006 1.47779273e-005 1.41105655e-005 1.37469374e-005 1.28369371e-005 1.24905220e-005 1.23323975e-005 1.09623483e-005 9.06773743e-006 
1.25000000e+000 2.90204669e+001 2.00000000e+001 1.61835603e-005 2.56644822e-005 2.19902901e-005 2.08704926e-005 1.84806942e-005 1.77053240e-005 1.73680313e-005 1.48589295e-005 1.18405549e-005 
1.25000000e+000 3.15485737e+001 2.00000000e+001 3.78032409e-005 4.42622881e-005 3.41440265e-005 3.15934069e-005 2.65739082e-005 2.50808184e-005 2.44493665e-005 2.01581681e-005 1.54882889e-005 
1.25000000e+000 3.38886043e+001 2.00000000e+001 9.91139101e-005 8.22375721e-005 5.62775287e-005 5.05872716e-005 4.01291099e-005 3.72356137e-005 3.60407950e-005 2.84937256e-005 2.09993518e-005 
1.50000000e+000 8.75000000e+000 2.00000000e+001 2.47178876e-008 5.13419198e-007 1.06364152e-006 1.24837603e-006 1.69714600e-006 1.83981447e-006 1.89997650e-006 2.18821150e-006 2.30071941e-006 
1.50000000e+000 1.51554446e+001 2.00000000e+001 1.30293564e-007 1.30480454e-006 2.10412420e-006 2.32663755e-006 2.80970720e-006 2.94602379e-006 3.00091192e-006 3.19995913e-006 3.14654006e-006 
1.50000000e+000 1.95655948e+001 2.00000000e+001 4.74486227e-007 2.83679222e-006 3.82617137e-006 4.05090683e-006 4.47791025e-006 4.57634295e-006 4.61213594e-006 4.62460830e-006 4.29826032e-006 
1.50000000e+000 2.31503240e+001 2.00000000e+001 1.43510798e-006 5.59957187e-006 6.52397989e-006 6.66632291e-006 6.85417971e-006 6.85817941e-006 6.85092839e-006 6.52317269e-006 5.77271596e-006 
1.50000000e+000 2.62500000e+001 2.00000000e+001 4.08490360e-006 1.07414912e-005 1.09390974e-005 1.08209837e-005 1.04159524e-005 1.02232439e-005 1.01304120e-005 9.19887599e-006 7.77503938e-006 
1.50000000e+000 2.90204669e+001 2.00000000e+001 1.11756675e-005 2.02875103e-005 1.81967645e-005 1.74582047e-005 1.57952085e-005 1.52256130e-005 1.49737297e-005 1.30037878e-005 1.05199190e-005 
1.50000000e+000 3.15485737e+001 2.00000000e+001 2.98705490e-005 3.79528163e-005 3.01033807e-005 2.80385040e-005 2.38927849e-005 2.26337420e-005 2.20977421e-005 1.83830168e-005 1.42516995e-005 
1.50000000e+000 3.38886043e+001 2.00000000e+001 9.12106984e-005 7.73606601e-005 5.33473795e-005 4.80382414e-005 3.82359896e-005 3.55115650e-005 3.43849481e-005 2.72422096e-005 2.01186333e-005 
1.75000000e+000 8.75000000e+000 2.00000000e+001 6.97803011e-009 2.37847472e-007 5.86005742e-007 7.17255531e-007 1.06132318e-006 1.17910837e-006 1.23020499e-006 1.50493995e-006 1.68029791e-006 
1.75000000e+000 1.51554446e+001 2.00000000e+001 4.79860805e-008 7.11296347e-007 1.30866234e-006 1.49322610e-006 1.92062482e-006 2.05083881e-006 2.10502440e-006 2.34809610e-006 2.41648610e-006 
1.75000000e+000 1.95655948e+001 2.00000000e+001 2.11687284e-007 1.73503201e-006 2.60042410e-006 2.82269411e-006 3.27927252e-006 3.39951723e-006 3.44656108e-006 3.57928648e-006 3.44663510e-006 
1.75000000e+000 2.31503240e+001 2.00000000e+001 7.51347485e-007 3.76540058e-006 4.77113477e-006 4.97288049e-006 5.31847145e-006 5.38179960e-006 5.40136069e-006 5.28637544e-006 4.80914530e-006 
1.75000000e+000 2.62500000e+001 2.00000000e+001 2.48083802e-006 7.88366308e-006 8.55900805e-006 8.59578016e-006 8.52657958e-006 8.44084345e-006 8.39405464e-006 7.78275188e-006 6.71633950e-006 
1.75000000e+000 2.90204669e+001 2.00000000e+001 7.79590152e-006 1.61704658e-005 1.51768399e-005 1.47183498e-005 1.36038417e-005 1.31932178e-005 1.30077624e-005 1.14640785e-005 9.41073578e-006 
1.75000000e+000 3.15485737e+001 2.00000000e+001 2.37975076e-005 3.27623052e-005 2.67128794e-005 2.50440658e-005 2.16200466e-005 2.05563465e-005 2.01002260e-005 1.68702856e-005 1.31934936e-005 
1.75000000e+000 3.38886043e+001 2.00000000e+001 8.44280218e-005 7.31187270e-005 5.08080650e-005 4.58341610e-005 3.66096886e-005 3.40339594e-005 3.29672348e-005 2.61770685e-005 1.93720646e-005 
2.00000000e+000 8.75000000e+000 2.00000000e+001 2.01069223e-009 1.11578733e-007 3.25693888e-007 4.15329696e-007 6.67653258e-007 7.59765208e-007 8.00679170e-007 1.03912576e-006 1.23068459e-006 
2.00000000e+000 1.51554446e+001 2.00000000e+001 1.79166898e-008 3.92067831e-007 8.22036968e-007 9.67515424e-007 1.32405982e-006 1.43928745e-006 1.48836324e-006 1.73479325e-006 1.86602824e-006 
2.00000000e+000 1.95655948e+001 2.00000000e+001 9.55333471e-008 1.07126487e-006 1.78323211e-006 1.98422137e-006 2.42154166e-006 2.54591584e-006 2.59631949e-006 2.79063702e-006 2.78126523e-006 
2.00000000e+000 2.31503240e+001 2.00000000e+001 3.97415950e-007 2.55319807e-006 3.51691115e-006 3.73869258e-006 4.15820451e-006 4.25491746e-006 4.29023475e-006 4.31427497e-006 4.03187762e-006 
2.00000000e+000 2.62500000e+001 2.00000000e+001 1.52071308e-006 5.82907676e-006 6.74338821e-006 6.87512288e-006 7.02681268e-006 7.01563443e-006 7.00146938e-006 6.62686408e-006 5.83647133e-006 
2.00000000e+000 2.90204669e+001 2.00000000e+001 5.48196586e-006 1.29706366e-005 1.27331715e-005 1.24811892e-005 1.17838606e-005 1.14975223e-005 1.13644222e-005 1.01633050e-005 8.46362388e-006 
2.00000000e+000 3.15485737e+001 2.00000000e+001 1.90836583e-005 2.84268446e-005 2.38185687e-005 2.24762816e-005 1.96560076e-005 1.87578309e-005 1.83696423e-005 1.55549910e-005 1.22703503e-005 
2.00000000e+000 3.38886043e+001 2.00000000e+001 7.85193673e-005 6.93569998e-005 4.85559570e-005 4.38815104e-005 3.51749436e-005 3.27327138e-005 3.17197555e-005 2.52450070e-005 1.87224008e-005 
2.25000000e+000 8.75000000e+000 2.00000000e+001 5.89216182e-010 5.29286815e-008 1.82474537e-007 2.42241530e-007 4.22356701e-007 4.92068745e-007 5.23691511e-007 7.20222801e-007 9.03873673e-007 
2.25000000e+000 1.51554446e+001 2.00000000e+001 6.76544338e-009 2.18026102e-007 5.20546845e-007 6.31811711e-007 9.19345055e-007 1.01708903e-006 1.05951176e-006 1.28935346e-006 1.44808824e-006 
2.25000000e+000 1.95655948e+001 2.00000000e+001 4.35219396e-008 6.66391795e-007 1.23149305e-006 1.40454189e-006 1.80016607e-006 1.91924236e-006 1.96864065e-006 2.18908161e-006 2.25653644e-006 
2.25000000e+000 2.31503240e+001 2.00000000e+001 2.11980953e-007 1.74269892e-006 2.60847608e-006 2.82803474e-006 3.27050518e-006 3.38393589e-006 3.42779963e-006 3.54095534e-006 3.39804165e-006 
2.25000000e+000 2.62500000e+001 2.00000000e+001 9.39317128e-007 4.33538660e-006 5.34190731e-006 5.52845417e-006 5.82120229e-006 5.86143289e-006 5.87023891e-006 5.67128098e-006 5.09638191e-006 
2.25000000e+000 2.90204669e+001 2.00000000e+001 3.88034038e-006 1.04566289e-005 1.07326637e-005 1.06325073e-005 1.02529014e-005 1.00642277e-005 9.97265344e-006 9.04948676e-006 7.64417103e-006 
2.25000000e+000 3.15485737e+001 2.00000000e+001 1.53866619e-005 2.47661251e-005 2.13179473e-005 2.02467031e-005 1.79354307e-005 1.71787912e-005 1.68489363e-005 1.43941617e-005 1.14528280e-005 
2.25000000e+000 3.38886043e+001 2.00000000e+001 7.33160859e-005 6.59765538e-005 4.65268266e-005 4.21226273e-005 3.38854192e-005 3.15645477e-005 3.06004966e-005 2.44123732e-005 1.81452220e-005 
2.50000000e+000 8.75000000e+000 2.00000000e+001 1.75105205e-010 2.53552460e-008 1.02986542e-007 1.42231710e-007 2.68586578e-007 3.20234038e-007 3.44121804e-007 5.01007897e-007 6.65626169e-007 
2.50000000e+000 1.51554446e+001 2.00000000e+001 2.57924615e-009 1.22124527e-007 3.31832492e-007 4.15275892e-007 6.42210614e-007 7.22976019e-007 7.58615260e-007 9.63303486e-007 1.12873842e-006 
2.50000000e+000 1.95655948e+001 2.00000000e+001 1.99860424e-008 4.17072147e-007 8.55323362e-007 9.99817809e-007 1.34556259e-006 1.45465112e-006 1.50073743e-006 1.72599138e-006 1.83933399e-006 
2.50000000e+000 2.31503240e+001 2.00000000e+001 1.13875739e-007 1.19593779e-006 1.94438663e-006 2.14975174e-006 2.58470135e-006 2.70411432e-006 2.75178924e-006 2.91974576e-006 2.87642436e-006 
2.50000000e+000 2.62500000e+001 2.00000000e+001 5.83964207e-007 3.24012992e-006 4.25043200e-006 4.46487522e-006 4.84274792e-006 4.91759016e-006 4.94229649e-006 4.87334826e-006 4.46772944e-006 
2.50000000e+000 2.90204669e+001 2.00000000e+001 2.76205098e-006 8.46508178e-006 9.08066134e-006 9.09118676e-006 8.95276035e-006 8.84089173e-006 8.78231902e-006 8.08586649e-006 6.92769955e-006 
2.50000000e+000 3.15485737e+001 2.00000000e+001 1.24632911e-005 2.16498199e-005 1.91382615e-005 1.82929953e-005 1.64130180e-005 1.57781189e-005 1.54986693e-005 1.33581180e-005 1.07203021e-005 
2.50000000e+000 3.38886043e+001 2.00000000e+001 6.86956960e-005 6.29093384e-005 4.46778417e-005 4.05193463e-005 3.27107887e-005 3.05011642e-005 2.95819899e-005 2.36570018e-005 1.76240523e-005 
END