TITLE="3SCB_ER_E_WD245.dat"
VARIABLES= "Density" "Radius" "Height" "0.1053" "0.356" "0.6617" "0.7889" "1.1732" "1.3325" "1.408" "2" "3" 
ZONE T="3D Data" I=11 J=8 K=3 F=POINT
0.00000000e+000 2.18750000e+000 0.00000000e+000 9.57862105e-005 6.59838131e-005 4.16170615e-005 3.66595372e-005 2.80138594e-005 2.57457776e-005 2.48225655e-005 1.91559346e-005 1.36219675e-005 
0.00000000e+000 6.56250000e+000 0.00000000e+000 9.89732307e-005 6.80008986e-005 4.32398938e-005 3.82268690e-005 2.94410544e-005 2.71097319e-005 2.61563107e-005 2.02437507e-005 1.44046113e-005 
0.00000000e+000 1.09375000e+001 0.00000000e+000 1.14077274e-004 7.78368297e-005 4.98719334e-005 4.42104216e-005 3.42010023e-005 3.15130992e-005 3.04097553e-005 2.35330448e-005 1.67361003e-005 
0.00000000e+000 1.53125000e+001 0.00000000e+000 1.43022655e-004 9.70126237e-005 6.20341690e-005 5.49302476e-005 4.23321963e-005 3.89470198e-005 3.75587371e-005 2.89588038e-005 2.05726587e-005 
0.00000000e+000 1.96875000e+001 0.00000000e+000 1.80130766e-004 1.21675160e-004 7.75361620e-005 6.85433978e-005 5.25781442e-005 4.82966050e-005 4.65436908e-005 3.57596383e-005 2.53810357e-005 
0.00000000e+000 2.40625000e+001 0.00000000e+000 2.18578111e-004 1.47162442e-004 9.34855940e-005 8.25328592e-005 6.30873195e-005 5.78835221e-005 5.57559496e-005 4.27315562e-005 3.03084201e-005 
0.00000000e+000 2.84375000e+001 0.00000000e+000 2.49571649e-004 1.67703252e-004 1.06435286e-004 9.39297872e-005 7.17261986e-005 6.57878909e-005 6.33610064e-005 4.85262188e-005 3.44148938e-005 
0.00000000e+000 3.28125000e+001 0.00000000e+000 2.69052661e-004 1.80635063e-004 1.14785607e-004 1.01356856e-004 7.75073020e-005 7.11217230e-005 6.85105392e-005 5.25193995e-005 3.72610511e-005 
2.50000000e-001 2.18750000e+000 0.00000000e+000 2.08246249e-005 2.76360738e-005 2.16440282e-005 2.00625868e-005 1.69589575e-005 1.60389823e-005 1.56488273e-005 1.29395155e-005 9.83904140e-006 
2.50000000e-001 6.56250000e+000 0.00000000e+000 2.23398681e-005 2.89831910e-005 2.27625056e-005 2.11510579e-005 1.79801346e-005 1.70275450e-005 1.66212018e-005 1.37645831e-005 1.04597609e-005 
2.50000000e-001 1.09375000e+001 0.00000000e+000 2.77279898e-005 3.43750673e-005 2.69169330e-005 2.50216076e-005 2.12715582e-005 2.01334566e-005 1.96465308e-005 1.62228277e-005 1.22890217e-005 
2.50000000e-001 1.53125000e+001 0.00000000e+000 3.85908604e-005 4.51343186e-005 3.47496785e-005 3.21596250e-005 2.70630754e-005 2.55319653e-005 2.48801342e-005 2.03847203e-005 1.53650930e-005 
2.50000000e-001 1.96875000e+001 0.00000000e+000 5.58911908e-005 6.08231589e-005 4.57399048e-005 4.20698652e-005 3.49320694e-005 3.28235622e-005 3.19320995e-005 2.59213562e-005 1.94153045e-005 
2.50000000e-001 2.40625000e+001 0.00000000e+000 8.10807250e-005 8.07960605e-005 5.90254715e-005 5.38992808e-005 4.40923338e-005 4.12522752e-005 4.00602352e-005 3.21969493e-005 2.39286639e-005 
2.50000000e-001 2.84375000e+001 0.00000000e+000 1.15896781e-004 1.03807294e-004 7.33281207e-005 6.64350632e-005 5.35077203e-005 4.98417341e-005 4.83137909e-005 3.84325556e-005 2.83011194e-005 
2.50000000e-001 3.28125000e+001 0.00000000e+000 1.67311756e-004 1.31106538e-004 8.88575724e-005 7.97622396e-005 6.31093260e-005 5.84960376e-005 5.65872809e-005 4.44846638e-005 3.23738119e-005 
5.00000000e-001 2.18750000e+000 0.00000000e+000 4.57602171e-006 1.16149254e-005 1.12785604e-005 1.09978744e-005 1.02784005e-005 1.00021217e-005 9.87505093e-006 8.74657106e-006 7.11009402e-006 
5.00000000e-001 6.56250000e+000 0.00000000e+000 5.25760569e-006 1.25285203e-005 1.20788424e-005 1.17827008e-005 1.10325299e-005 1.07397604e-005 1.06041038e-005 9.38606816e-006 7.61030308e-006 
5.00000000e-001 1.09375000e+001 0.00000000e+000 7.38090422e-006 1.56796508e-005 1.48000255e-005 1.43875472e-005 1.33770604e-005 1.29904150e-005 1.28123219e-005 1.12599198e-005 9.06625729e-006 
5.00000000e-001 1.53125000e+001 0.00000000e+000 1.19562113e-005 2.21216143e-005 2.00712077e-005 1.93296915e-005 1.76257354e-005 1.70178332e-005 1.67441480e-005 1.45166129e-005 1.15686757e-005 
5.00000000e-001 1.96875000e+001 0.00000000e+000 2.07411554e-005 3.26734604e-005 2.81795407e-005 2.68073452e-005 2.38392989e-005 2.28512336e-005 2.24165531e-005 1.91116091e-005 1.50295416e-005 
5.00000000e-001 2.40625000e+001 0.00000000e+000 3.71668352e-005 4.86173663e-005 3.94484793e-005 3.69841240e-005 3.19423760e-005 3.03653801e-005 2.96858878e-005 2.48249537e-005 1.92019765e-005 
5.00000000e-001 2.84375000e+001 0.00000000e+000 6.79809492e-005 7.17648472e-005 5.42319344e-005 5.00022563e-005 4.17879462e-005 3.93587345e-005 3.83311802e-005 3.13627165e-005 2.37762130e-005 
5.00000000e-001 3.28125000e+001 0.00000000e+000 1.32019369e-004 1.07937251e-004 7.48475494e-005 6.76430374e-005 5.43585974e-005 5.06377046e-005 4.90913451e-005 3.91205675e-005 2.89039219e-005 
7.50000000e-001 2.18750000e+000 0.00000000e+000 1.01632474e-006 4.89846485e-006 5.88869084e-006 6.03883038e-006 6.23666180e-006 6.24384453e-006 6.23762640e-006 5.91647192e-006 5.14052555e-006 
7.50000000e-001 6.56250000e+000 0.00000000e+000 1.28410985e-006 5.48881970e-006 6.45938432e-006 6.60731034e-006 6.80074112e-006 6.80169606e-006 6.79169882e-006 6.41850637e-006 5.54794275e-006 
7.50000000e-001 1.09375000e+001 0.00000000e+000 2.10745110e-006 7.36051757e-006 8.27867659e-006 8.39607662e-006 8.50100425e-006 8.46051350e-006 8.43037775e-006 7.86667402e-006 6.71931064e-006 
7.50000000e-001 1.53125000e+001 0.00000000e+000 4.06091045e-006 1.13145348e-005 1.19064209e-005 1.18909850e-005 1.16741553e-005 1.15160852e-005 1.14330068e-005 1.04498770e-005 8.77689080e-006 
7.50000000e-001 1.96875000e+001 0.00000000e+000 8.52495825e-006 1.85136963e-005 1.79809502e-005 1.76181753e-005 1.66472687e-005 1.62436753e-005 1.60539729e-005 1.43056656e-005 1.17613849e-005 
7.50000000e-001 2.40625000e+001 0.00000000e+000 1.88581409e-005 3.10720530e-005 2.74933337e-005 2.63457020e-005 2.38124792e-005 2.29443141e-005 2.25586505e-005 1.95165133e-005 1.56292869e-005 
7.50000000e-001 2.84375000e+001 0.00000000e+000 4.36363490e-005 5.27994814e-005 4.20110176e-005 3.92520279e-005 3.37399188e-005 3.20505135e-005 3.13267735e-005 2.62010211e-005 2.03285796e-005 
7.50000000e-001 3.28125000e+001 0.00000000e+000 1.11475357e-004 9.40910399e-005 6.60540676e-005 5.99038441e-005 4.85303359e-005 4.53298895e-005 4.39972941e-005 3.53305291e-005 2.63423265e-005 
1.00000000e+000 2.18750000e+000 0.00000000e+000 2.28110339e-007 2.07304117e-006 3.08058907e-006 3.32138658e-006 3.78860400e-006 3.90172525e-006 3.94386364e-006 4.00491193e-006 3.71834201e-006 
1.00000000e+000 6.56250000e+000 0.00000000e+000 3.23686997e-007 2.43504091e-006 3.47999602e-006 3.72878672e-006 4.21096672e-006 4.32489479e-006 4.36651717e-006 4.40139897e-006 4.05228153e-006 
1.00000000e+000 1.09375000e+001 0.00000000e+000 6.33254809e-007 3.54185592e-006 4.70352443e-006 4.96648006e-006 5.45549713e-006 5.55900849e-006 5.59397783e-006 5.53048443e-006 5.00191702e-006 
1.00000000e+000 1.53125000e+001 0.00000000e+000 1.46307915e-006 5.98480648e-006 7.22462980e-006 7.46282266e-006 7.84890142e-006 7.89975715e-006 7.90901716e-006 7.59736937e-006 6.70648214e-006 
1.00000000e+000 1.96875000e+001 0.00000000e+000 3.71882810e-006 1.09011166e-005 1.17947646e-005 1.18704263e-005 1.18513437e-005 1.17528915e-005 1.16949110e-005 1.08514305e-005 9.29434807e-006 
1.00000000e+000 2.40625000e+001 0.00000000e+000 1.00993689e-005 2.06520721e-005 1.97493765e-005 1.92949959e-005 1.81532816e-005 1.77006397e-005 1.74904694e-005 1.55924457e-005 1.28776307e-005 
1.00000000e+000 2.84375000e+001 0.00000000e+000 2.92490985e-005 4.02586609e-005 3.35326110e-005 3.16900789e-005 2.78962247e-005 2.66891284e-005 2.61653041e-005 2.22880325e-005 1.76294766e-005 
1.00000000e+000 3.28125000e+001 0.00000000e+000 9.68611825e-005 8.43242874e-005 5.98215088e-005 5.43931634e-005 4.43142717e-005 4.14653210e-005 4.02772435e-005 3.25032142e-005 2.43772194e-005 
1.25000000e+000 2.18750000e+000 0.00000000e+000 5.17196822e-008 8.80351994e-007 1.61472437e-006 1.82981997e-006 2.30412762e-006 2.44065225e-006 2.49601330e-006 2.71286575e-006 2.69091999e-006 
1.25000000e+000 6.56250000e+000 0.00000000e+000 8.37547652e-008 1.09282808e-006 1.88810488e-006 2.11714881e-006 2.61871253e-006 2.76068936e-006 2.81771231e-006 3.02640457e-006 2.96545102e-006 
1.25000000e+000 1.09375000e+001 0.00000000e+000 1.97360207e-007 1.74022599e-006 2.70967567e-006 2.97395342e-006 3.53292357e-006 3.68265348e-006 3.74115476e-006 3.91117494e-006 3.73925534e-006 
1.25000000e+000 1.53125000e+001 0.00000000e+000 5.48050299e-007 3.24915346e-006 4.46724658e-006 4.76388558e-006 5.34690567e-006 5.48477105e-006 5.53508492e-006 5.57356131e-006 5.15852514e-006 
1.25000000e+000 1.96875000e+001 0.00000000e+000 1.68481813e-006 6.59893257e-006 7.90514668e-006 8.15743751e-006 8.57298139e-006 8.63080410e-006 8.64270624e-006 8.32671890e-006 7.40926661e-006 
1.25000000e+000 2.40625000e+001 0.00000000e+000 5.59232893e-006 1.40917857e-005 1.45002017e-005 1.44238333e-005 1.40811238e-005 1.38802442e-005 1.37783215e-005 1.26233004e-005 1.07214476e-005 
1.25000000e+000 2.84375000e+001 0.00000000e+000 2.01237523e-005 3.13812390e-005 2.73008599e-005 2.60761265e-005 2.34592371e-005 2.25885568e-005 2.22050835e-005 1.92235741e-005 1.54639750e-005 
1.25000000e+000 3.28125000e+001 0.00000000e+000 8.55958864e-005 7.67428648e-005 5.50083385e-005 5.01394599e-005 4.10522212e-005 3.84694803e-005 3.73905019e-005 3.02892950e-005 2.28145139e-005 
1.50000000e+000 2.18750000e+000 0.00000000e+000 1.18383046e-008 3.75139766e-007 8.48029204e-007 1.00976093e-006 1.40292287e-006 1.52826791e-006 1.58122679e-006 1.83894496e-006 1.94832707e-006 
1.50000000e+000 6.56250000e+000 0.00000000e+000 2.21411073e-008 4.95635803e-007 1.03122798e-006 1.20904045e-006 1.63531905e-006 1.76882434e-006 1.82477498e-006 2.08647067e-006 2.17415013e-006 
1.50000000e+000 1.09375000e+001 0.00000000e+000 6.31560109e-008 8.69951552e-007 1.58023415e-006 1.80037200e-006 2.30696341e-006 2.45817332e-006 2.52027473e-006 2.78144623e-006 2.80664136e-006 
1.50000000e+000 1.53125000e+001 0.00000000e+000 2.10944765e-007 1.79984511e-006 2.80560069e-006 3.08468434e-006 3.68433377e-006 3.84856436e-006 3.91351880e-006 4.12227457e-006 3.99218633e-006 
1.50000000e+000 1.96875000e+001 0.00000000e+000 7.83639374e-007 4.07688148e-006 5.38790977e-006 5.69445951e-006 6.28368673e-006 6.41697503e-006 6.46438450e-006 6.45324192e-006 5.95252183e-006 
1.50000000e+000 2.40625000e+001 0.00000000e+000 3.16942967e-006 9.79505315e-006 1.08191631e-005 1.09492203e-005 1.10707780e-005 1.10253419e-005 1.09915532e-005 1.03308103e-005 9.00542922e-006 
1.50000000e+000 2.84375000e+001 0.00000000e+000 1.40998642e-005 2.48274084e-005 2.25340000e-005 2.17446870e-005 1.99727552e-005 1.93480475e-005 1.90678032e-005 1.67576199e-005 1.36888641e-005 
1.50000000e+000 3.28125000e+001 0.00000000e+000 7.65511933e-005 7.05318010e-005 5.10760027e-005 4.66688878e-005 3.83966132e-005 3.60310263e-005 3.50407704e-005 2.84835190e-005 2.15312147e-005 
1.75000000e+000 2.18750000e+000 0.00000000e+000 2.73336201e-009 1.60396519e-007 4.46238284e-007 5.58145590e-007 8.55185223e-007 9.57936868e-007 1.00268200e-006 1.24742398e-006 1.41134286e-006 
1.75000000e+000 6.56250000e+000 0.00000000e+000 5.95672190e-009 2.26927894e-007 5.66730253e-007 6.94211281e-007 1.02529296e-006 1.13740038e-006 1.18580924e-006 1.44215939e-006 1.59690276e-006 
1.75000000e+000 1.09375000e+001 0.00000000e+000 2.06112242e-008 4.41145702e-007 9.31448637e-007 1.10049093e-006 1.51784142e-006 1.65225270e-006 1.70919457e-006 1.98836665e-006 2.11472756e-006 
1.75000000e+000 1.53125000e+001 0.00000000e+000 8.28381151e-008 1.01280763e-006 1.78475996e-006 2.02132839e-006 2.56390458e-006 2.72550218e-006 2.79189652e-006 3.07121429e-006 3.10693458e-006 
1.75000000e+000 1.96875000e+001 0.00000000e+000 3.71691284e-007 2.55797023e-006 3.72114932e-006 4.02524482e-006 4.65597067e-006 4.82039135e-006 4.88397179e-006 5.04417086e-006 4.81508925e-006 
1.75000000e+000 2.40625000e+001 0.00000000e+000 1.82796416e-006 6.90257270e-006 8.17177092e-006 8.40982821e-006 8.79680567e-006 8.84752497e-006 8.85687915e-006 8.53003519e-006 7.62080279e-006 
1.75000000e+000 2.84375000e+001 0.00000000e+000 1.00172824e-005 1.98554424e-005 1.87857090e-005 1.83102935e-005 1.71615472e-005 1.67221805e-005 1.65202341e-005 1.47289861e-005 1.22067463e-005 
1.75000000e+000 3.28125000e+001 0.00000000e+000 6.91049023e-005 6.52778570e-005 4.77441614e-005 4.37303640e-005 3.61535205e-005 3.39729381e-005 3.30581615e-005 2.69615091e-005 2.04478258e-005 
2.00000000e+000 2.18750000e+000 0.00000000e+000 6.36062410e-010 6.88060078e-008 2.35266011e-007 3.09022895e-007 5.21896302e-007 6.01058914e-007 6.36433684e-007 8.46767249e-007 1.02285175e-006 
2.00000000e+000 6.56250000e+000 0.00000000e+000 1.62589912e-009 1.04784674e-007 3.13256493e-007 4.00640947e-007 6.45271070e-007 7.33898549e-007 7.73127627e-007 9.99295832e-007 1.17500230e-006 
2.00000000e+000 1.09375000e+001 0.00000000e+000 6.82904247e-009 2.26349200e-007 5.54136294e-007 6.78423612e-007 1.00548504e-006 1.11759340e-006 1.16623459e-006 1.42832535e-006 1.59918290e-006 
2.00000000e+000 1.53125000e+001 0.00000000e+000 3.30405547e-008 5.77078064e-007 1.14744496e-006 1.33780734e-006 1.79943541e-006 1.94570404e-006 2.00735124e-006 2.30309580e-006 2.43040858e-006 
2.00000000e+000 1.96875000e+001 0.00000000e+000 1.79023999e-007 1.62448918e-006 2.59737296e-006 2.87428059e-006 3.48103619e-006 3.65232271e-006 3.72117721e-006 3.97176586e-006 3.91861113e-006 
2.00000000e+000 2.40625000e+001 0.00000000e+000 1.06902545e-006 4.91637871e-006 6.23129761e-006 6.51919692e-006 7.04934258e-006 7.15840131e-006 7.19477113e-006 7.09487554e-006 6.49004244e-006 
2.00000000e+000 2.84375000e+001 0.00000000e+000 7.19683982e-006 1.60119181e-005 1.57802310e-005 1.55332357e-005 1.48505394e-005 1.45533502e-005 1.44119328e-005 1.30303193e-005 1.09499323e-005 
2.00000000e+000 3.28125000e+001 0.00000000e+000 6.28658449e-005 6.07411891e-005 4.48522933e-005 4.11793444e-005 3.42083082e-005 3.21893098e-005 3.13404631e-005 2.56453443e-005 1.95118565e-005 
2.25000000e+000 2.18750000e+000 0.00000000e+000 1.49047060e-010 2.96101207e-008 1.24273064e-007 1.71372496e-007 3.18862542e-007 3.77518538e-007 4.04354753e-007 5.75198965e-007 7.41655469e-007 
2.25000000e+000 6.56250000e+000 0.00000000e+000 4.49167525e-010 4.87523608e-008 1.74075235e-007 2.32318022e-007 4.07568508e-007 4.75097442e-007 5.05654589e-007 6.94091885e-007 8.66064415e-007 
2.25000000e+000 1.09375000e+001 0.00000000e+000 2.29003961e-009 1.17275697e-007 3.32317774e-007 4.21356270e-007 6.70179441e-007 7.60288400e-007 8.00186521e-007 1.03064205e-006 1.21346709e-006 
2.25000000e+000 1.53125000e+001 0.00000000e+000 1.33446069e-008 3.32140096e-007 7.44229157e-007 8.92869289e-007 1.27218268e-006 1.39871794e-006 1.45312312e-006 1.73712762e-006 1.91008898e-006 
2.25000000e+000 1.96875000e+001 0.00000000e+000 8.73088651e-008 1.04177029e-006 1.82869118e-006 2.06952594e-006 2.62218531e-006 2.78736155e-006 2.85543429e-006 3.14711578e-006 3.20605719e-006 
2.25000000e+000 2.40625000e+001 0.00000000e+000 6.32383561e-007 3.53192242e-006 4.78813839e-006 5.09123126e-006 5.68798986e-006 5.83067252e-006 5.88338197e-006 5.93717135e-006 5.55691162e-006 
2.25000000e+000 2.84375000e+001 0.00000000e+000 5.21907269e-006 1.29994415e-005 1.33356454e-005 1.32549916e-005 1.29227067e-005 1.27356385e-005 1.26415270e-005 1.15877372e-005 9.87031487e-006 
2.25000000e+000 3.28125000e+001 0.00000000e+000 5.75678072e-005 5.67676471e-005 4.23003091e-005 3.89259472e-005 3.24891970e-005 3.06134278e-005 2.98230869e-005 2.44844719e-005 1.86878487e-005 
2.50000000e+000 2.18750000e+000 0.00000000e+000 3.51416440e-011 1.27814276e-008 6.57666277e-008 9.51895571e-008 1.95035913e-007 2.37354876e-007 2.57151635e-007 3.90998802e-007 5.38022976e-007 
2.50000000e+000 6.56250000e+000 0.00000000e+000 1.25351766e-010 2.28361947e-008 9.72086807e-008 1.35309534e-007 2.58308021e-007 3.08519153e-007 3.31709052e-007 4.83217624e-007 6.39428277e-007 
2.50000000e+000 1.09375000e+001 0.00000000e+000 7.75558769e-010 6.12589987e-008 2.00678852e-007 2.63407695e-007 4.49157154e-007 5.19900867e-007 5.51800420e-007 7.46773581e-007 9.23750646e-007 
2.50000000e+000 1.53125000e+001 0.00000000e+000 5.44599870e-009 1.92760963e-007 4.86283144e-007 6.00147888e-007 9.05119492e-007 1.01160439e-006 1.05817458e-006 1.31701206e-006 1.50754324e-006 
2.50000000e+000 1.96875000e+001 0.00000000e+000 4.30264775e-008 6.73482682e-007 1.29675137e-006 1.50042314e-006 1.98775086e-006 2.14029605e-006 2.20435600e-006 2.50727091e-006 2.63540285e-006 
2.50000000e+000 2.40625000e+001 0.00000000e+000 3.77730308e-007 2.55549288e-006 3.70251130e-006 4.00042751e-006 4.61571283e-006 4.77564885e-006 4.83751890e-006 4.99380044e-006 4.77990193e-006 
2.50000000e+000 2.84375000e+001 0.00000000e+000 3.81528323e-006 1.06130629e-005 1.13255511e-005 1.13652974e-005 1.12962863e-005 1.11948473e-005 1.11379045e-005 1.03487500e-005 8.93292340e-006 
2.50000000e+000 3.28125000e+001 0.00000000e+000 5.30199706e-005 5.32505250e-005 4.00211726e-005 3.69103813e-005 3.09487224e-005 2.92011169e-005 2.84632178e-005 2.34449088e-005 1.79512734e-005 
0.00000000e+000 2.18750000e+000 1.00000000e+001 1.07053985e-004 7.39336489e-005 4.67320366e-005 4.11635445e-005 3.13795674e-005 2.87985259e-005 2.77474927e-005 2.13260677e-005 1.51396496e-005 
0.00000000e+000 6.56250000e+000 1.00000000e+001 1.09648785e-004 7.56203811e-005 4.80149382e-005 4.23833254e-005 3.24660904e-005 2.98333580e-005 2.87583327e-005 2.21484320e-005 1.57328142e-005 
0.00000000e+000 1.09375000e+001 1.00000000e+001 1.19202659e-004 8.18332879e-005 5.22316911e-005 4.62037313e-005 3.55416106e-005 3.26894874e-005 3.15216149e-005 2.43029413e-005 1.72656223e-005 
0.00000000e+000 1.53125000e+001 1.00000000e+001 1.36602597e-004 9.32289391e-005 5.95434538e-005 5.26861919e-005 4.05316233e-005 3.72719583e-005 3.59363872e-005 2.76831730e-005 1.96618185e-005 
0.00000000e+000 1.96875000e+001 1.00000000e+001 1.58284901e-004 1.07526846e-004 6.86319520e-005 6.07112008e-005 4.66553112e-005 4.28834442e-005 4.13382518e-005 3.18066190e-005 2.25839795e-005 
0.00000000e+000 2.40625000e+001 1.00000000e+001 1.79039637e-004 1.21144902e-004 7.72466895e-005 6.83099284e-005 5.24478938e-005 4.81923281e-005 4.64494758e-005 3.57130177e-005 2.53534478e-005 
0.00000000e+000 2.84375000e+001 1.00000000e+001 1.97571936e-004 1.33428249e-004 8.50187522e-005 7.51675309e-005 5.76879039e-005 5.30008455e-005 5.10817265e-005 3.92669072e-005 2.78784061e-005 
0.00000000e+000 3.28125000e+001 1.00000000e+001 2.13350083e-004 1.44006523e-004 9.16986163e-005 8.10577142e-005 6.21891542e-005 5.71339392e-005 5.50646154e-005 4.23292774e-005 3.00536725e-005 
2.50000000e-001 2.18750000e+000 1.00000000e+001 2.28688718e-005 3.06568754e-005 2.41218671e-005 2.23716303e-005 1.88870314e-005 1.78432915e-005 1.74001207e-005 1.43404807e-005 1.08943607e-005 
2.50000000e-001 6.56250000e+000 1.00000000e+001 2.43799894e-005 3.19517971e-005 2.51107063e-005 2.33088610e-005 1.97267219e-005 1.86480631e-005 1.81887994e-005 1.49989294e-005 1.13858048e-005 
2.50000000e-001 1.09375000e+001 1.00000000e+001 2.86979337e-005 3.59216576e-005 2.80549047e-005 2.60313830e-005 2.20177624e-005 2.08057341e-005 2.02889579e-005 1.66984694e-005 1.26424979e-005 
2.50000000e-001 1.53125000e+001 1.00000000e+001 3.66863460e-005 4.31935730e-005 3.32265792e-005 3.07303447e-005 2.58208365e-005 2.43500272e-005 2.37246943e-005 1.94263669e-005 1.46453456e-005 
2.50000000e-001 1.96875000e+001 1.00000000e+001 4.87880970e-005 5.34087488e-005 4.02478151e-005 3.70482834e-005 3.08316748e-005 2.89936900e-005 2.82159160e-005 2.29492948e-005 1.72063877e-005 
2.50000000e-001 2.40625000e+001 1.00000000e+001 6.54021634e-005 6.56765950e-005 4.82384473e-005 4.41438539e-005 3.63140336e-005 3.40375442e-005 3.30796282e-005 2.66987919e-005 1.98824727e-005 
2.50000000e-001 2.84375000e+001 1.00000000e+001 8.90197379e-005 8.07966898e-005 5.75110803e-005 5.22536199e-005 4.23926093e-005 3.95821894e-005 3.84072726e-005 3.07205527e-005 2.26879043e-005 
2.50000000e-001 3.28125000e+001 1.00000000e+001 1.27383209e-004 1.01592408e-004 6.93413915e-005 6.23937068e-005 4.96748311e-005 4.61404126e-005 4.46749377e-005 3.52993876e-005 2.57680402e-005 
5.00000000e-001 2.18750000e+000 1.00000000e+001 4.93793277e-006 1.27562752e-005 1.24755571e-005 1.21788856e-005 1.13810638e-005 1.10669071e-005 1.09220750e-005 9.64991165e-006 7.84329303e-006 
5.00000000e-001 6.56250000e+000 1.00000000e+001 5.65300443e-006 1.36931216e-005 1.32384438e-005 1.29068824e-005 1.20432574e-005 1.17057997e-005 1.15501949e-005 1.01868742e-005 8.25641276e-006 
5.00000000e-001 1.09375000e+001 1.00000000e+001 7.58573080e-006 1.63038668e-005 1.53622157e-005 1.49095056e-005 1.37975161e-005 1.33784510e-005 1.31868839e-005 1.15550589e-005 9.30277293e-006 
5.00000000e-001 1.53125000e+001 1.00000000e+001 1.14022770e-005 2.11591660e-005 1.91606658e-005 1.84368683e-005 1.67800433e-005 1.61936196e-005 1.59303943e-005 1.38024743e-005 1.10033460e-005 
5.00000000e-001 1.96875000e+001 1.00000000e+001 1.82493913e-005 2.87095430e-005 2.47565325e-005 2.35593984e-005 2.09833996e-005 2.01269935e-005 1.97500159e-005 1.68689440e-005 1.32809403e-005 
5.00000000e-001 2.40625000e+001 1.00000000e+001 3.01743252e-005 3.94507322e-005 3.21042345e-005 3.01500954e-005 2.61703612e-005 2.49222176e-005 2.43829806e-005 2.04776905e-005 1.58766823e-005 
5.00000000e-001 2.84375000e+001 1.00000000e+001 5.20445061e-005 5.53930435e-005 4.21279600e-005 3.89483674e-005 3.27906071e-005 3.09620358e-005 3.01860476e-005 2.48486882e-005 1.89080740e-005 
5.00000000e-001 3.28125000e+001 1.00000000e+001 9.93179778e-005 8.25259088e-005 5.76292593e-005 5.22151983e-005 4.22482118e-005 3.94498122e-005 3.82843580e-005 3.06920552e-005 2.27716187e-005 
7.50000000e-001 2.18750000e+000 1.00000000e+001 1.07769398e-006 5.32636323e-006 6.46490121e-006 6.64113859e-006 6.86600894e-006 6.87106536e-006 6.86250021e-006 6.49814836e-006 5.64944617e-006 
7.50000000e-001 6.56250000e+000 1.00000000e+001 1.36030779e-006 5.94774433e-006 7.03389180e-006 7.19464273e-006 7.38670801e-006 7.37847147e-006 7.36350954e-006 6.93849002e-006 5.99899681e-006 
7.50000000e-001 1.09375000e+001 1.00000000e+001 2.15197415e-006 7.62088647e-006 8.56235134e-006 8.67078145e-006 8.74054680e-006 8.68649297e-006 8.65052427e-006 8.05044531e-006 6.87784785e-006 
7.50000000e-001 1.53125000e+001 1.00000000e+001 3.89041924e-006 1.08397069e-005 1.13664419e-005 1.13374906e-005 1.11019275e-005 1.09445557e-005 1.08630060e-005 9.92007970e-006 8.33450141e-006 
7.50000000e-001 1.96875000e+001 1.00000000e+001 7.58073871e-006 1.63414726e-005 1.58188376e-005 1.54936305e-005 1.46427919e-005 1.42926482e-005 1.41282140e-005 1.26056438e-005 1.03730487e-005 
7.50000000e-001 2.40625000e+001 1.00000000e+001 1.54791056e-005 2.53109361e-005 2.23803208e-005 2.14645585e-005 1.94687944e-005 1.87855945e-005 1.84814201e-005 1.60483914e-005 1.28793232e-005 
7.50000000e-001 2.84375000e+001 1.00000000e+001 3.35178488e-005 4.06863047e-005 3.24981369e-005 3.04294755e-005 2.63254797e-005 2.50656299e-005 2.45243846e-005 2.06326618e-005 1.60697988e-005 
7.50000000e-001 3.28125000e+001 1.00000000e+001 8.34535275e-005 7.14598609e-005 5.04667874e-005 4.58743099e-005 3.74078970e-005 3.50230958e-005 3.40283759e-005 2.74932845e-005 2.05921624e-005 
1.00000000e+000 2.18750000e+000 1.00000000e+001 2.37700607e-007 2.23176277e-006 3.35673225e-006 3.62745921e-006 4.14694374e-006 4.27039793e-006 4.31602389e-006 4.37887465e-006 4.07121485e-006 
1.00000000e+000 6.56250000e+000 1.00000000e+001 3.37795292e-007 2.61611186e-006 3.76522531e-006 4.03623200e-006 4.55112328e-006 4.66963632e-006 4.71246348e-006 4.73923190e-006 4.36729543e-006 
1.00000000e+000 1.09375000e+001 1.00000000e+001 6.42007714e-007 3.65264958e-006 4.84902729e-006 5.11315339e-006 5.59320229e-006 5.69154921e-006 5.72418406e-006 5.64514440e-006 5.10828392e-006 
1.00000000e+000 1.53125000e+001 1.00000000e+001 1.40560794e-006 5.74778532e-006 6.90403761e-006 7.11968762e-006 7.46218220e-006 7.50400154e-006 7.51034187e-006 7.20502093e-006 6.36098719e-006 
1.00000000e+000 1.96875000e+001 1.00000000e+001 3.33612433e-006 9.68002509e-006 1.04091749e-005 1.04635026e-005 1.04323904e-005 1.03449810e-005 1.02940859e-005 9.55611738e-006 8.18832032e-006 
1.00000000e+000 2.40625000e+001 1.00000000e+001 8.37483776e-006 1.69246788e-005 1.61204599e-005 1.57488439e-005 1.48426785e-005 1.44864191e-005 1.43207866e-005 1.28024274e-005 1.05898426e-005 
1.00000000e+000 2.84375000e+001 1.00000000e+001 2.25709855e-005 3.10583300e-005 2.59079742e-005 2.45215959e-005 2.16990532e-005 2.08021481e-005 2.04120657e-005 1.74801064e-005 1.38755988e-005 
1.00000000e+000 3.28125000e+001 1.00000000e+001 7.23262257e-005 6.37989884e-005 4.54883326e-005 4.14456659e-005 3.39696587e-005 3.18565639e-005 3.09741170e-005 2.51444510e-005 1.89432304e-005 
1.25000000e+000 2.18750000e+000 1.00000000e+001 5.29642932e-008 9.38363328e-007 1.74631964e-006 1.98466466e-006 2.50757550e-006 2.65680034e-006 2.71712380e-006 2.95285375e-006 2.93530239e-006 
1.25000000e+000 6.56250000e+000 1.00000000e+001 8.60884923e-008 1.16405741e-006 2.02980969e-006 2.27821952e-006 2.81630856e-006 2.96685766e-006 3.02711569e-006 3.24594867e-006 3.18550589e-006 
1.25000000e+000 1.09375000e+001 1.00000000e+001 1.98417665e-007 1.78759002e-006 2.78507247e-006 3.05301862e-006 3.61256118e-006 3.76073467e-006 3.81845181e-006 3.98271063e-006 3.81060193e-006 
1.25000000e+000 1.53125000e+001 1.00000000e+001 5.26670178e-007 3.12808246e-006 4.27548163e-006 4.55003681e-006 5.08496831e-006 5.21028464e-006 5.25585191e-006 5.28293515e-006 4.88887898e-006 
1.25000000e+000 1.96875000e+001 1.00000000e+001 1.52062105e-006 5.89552252e-006 7.00417033e-006 7.21400489e-006 7.55958182e-006 7.60675508e-006 7.61602883e-006 7.33438597e-006 6.52493385e-006 
1.25000000e+000 2.40625000e+001 1.00000000e+001 4.67653388e-006 1.16236604e-005 1.18822364e-005 1.18095819e-005 1.15292926e-005 1.13702301e-005 1.12895740e-005 1.03614600e-005 8.80744545e-006 
1.25000000e+000 2.84375000e+001 1.00000000e+001 1.56016369e-005 2.42648294e-005 2.11001725e-005 2.01725411e-005 1.82213466e-005 1.75747913e-005 1.72895574e-005 1.50375252e-005 1.21336227e-005 
1.25000000e+000 3.28125000e+001 1.00000000e+001 6.38154282e-005 5.79226565e-005 4.16967044e-005 3.80755195e-005 3.13476092e-005 2.94368409e-005 2.86376623e-005 2.33300853e-005 1.76482609e-005 
1.50000000e+000 2.18750000e+000 1.00000000e+001 1.19146518e-008 3.95901887e-007 9.10292774e-007 1.08766509e-006 1.51803432e-006 1.65460948e-006 1.71221731e-006 1.99263513e-006 2.11734832e-006 
1.50000000e+000 6.56250000e+000 1.00000000e+001 2.24100487e-008 5.23412879e-007 1.10155181e-006 1.29338473e-006 1.75009340e-006 1.89211047e-006 1.95151633e-006 2.22912429e-006 2.32787452e-006 
1.50000000e+000 1.09375000e+001 1.00000000e+001 6.28855705e-008 8.89931135e-007 1.61941540e-006 1.84314663e-006 2.35311004e-006 2.50420534e-006 2.56616863e-006 2.82594296e-006 2.85440886e-006 
1.50000000e+000 1.53125000e+001 1.00000000e+001 2.02282220e-007 1.73608111e-006 2.68951307e-006 2.95019729e-006 3.50606671e-006 3.65745307e-006 3.71725824e-006 3.90662263e-006 3.78165404e-006 
1.50000000e+000 1.96875000e+001 1.00000000e+001 7.09730159e-007 3.66236300e-006 4.79374318e-006 5.05404482e-006 5.55351273e-006 5.66620019e-006 5.70620952e-006 5.68878627e-006 5.24277164e-006 
1.50000000e+000 2.40625000e+001 1.00000000e+001 2.66784807e-006 8.12987627e-006 8.90436973e-006 8.99776093e-006 9.08425401e-006 9.04724852e-006 9.02013101e-006 8.48429006e-006 7.39576093e-006 
1.50000000e+000 2.84375000e+001 1.00000000e+001 1.09786681e-005 1.92489002e-005 1.74354942e-005 1.68322401e-005 1.55063167e-005 1.50420762e-005 1.48335705e-005 1.30877637e-005 1.07178016e-005 
1.50000000e+000 3.28125000e+001 1.00000000e+001 5.70140895e-005 5.31466620e-005 3.86294950e-005 3.53542661e-005 2.92367572e-005 2.74894837e-005 2.67573323e-005 2.18669422e-005 1.65964402e-005 
1.75000000e+000 2.18750000e+000 1.00000000e+001 2.70382085e-009 1.67600312e-007 4.75427982e-007 5.97068650e-007 9.20047125e-007 1.03151978e-006 1.08001983e-006 1.34561203e-006 1.52806679e-006 
1.75000000e+000 6.56250000e+000 1.00000000e+001 5.93557653e-009 2.37579054e-007 6.01515400e-007 7.38285116e-007 1.09189512e-006 1.21106186e-006 1.26245797e-006 1.53479768e-006 1.70426778e-006 
1.75000000e+000 1.09375000e+001 1.00000000e+001 2.03035728e-008 4.49264500e-007 9.51692421e-007 1.12355058e-006 1.54449404e-006 1.67927642e-006 1.73631561e-006 2.01584673e-006 2.14657963e-006 
1.75000000e+000 1.53125000e+001 1.00000000e+001 7.91035183e-008 9.78038028e-007 1.71341071e-006 1.93575000e-006 2.44177515e-006 2.59170808e-006 2.65325403e-006 2.91073186e-006 2.94235465e-006 
1.75000000e+000 1.96875000e+001 1.00000000e+001 3.37056613e-007 2.30854169e-006 3.32405347e-006 3.58541700e-006 4.12533014e-006 4.26567943e-006 4.31990924e-006 4.45199435e-006 4.24326820e-006 
1.75000000e+000 2.40625000e+001 1.00000000e+001 1.54622618e-006 5.76162890e-006 6.75488248e-006 6.93749622e-006 7.23691914e-006 7.27602153e-006 7.28301480e-006 7.01303002e-006 6.26053834e-006 
1.75000000e+000 2.84375000e+001 1.00000000e+001 7.82991571e-006 1.54371147e-005 1.45572922e-005 1.41892141e-005 1.33257957e-005 1.29989481e-005 1.28485951e-005 1.14931391e-005 9.54358245e-006 
1.75000000e+000 3.28125000e+001 1.00000000e+001 5.14309537e-005 4.91291587e-005 3.60494602e-005 3.30679165e-005 2.74691329e-005 2.58603959e-005 2.51849275e-005 2.06451879e-005 1.57168165e-005 
2.00000000e+000 2.18750000e+000 1.00000000e+001 6.18436728e-010 7.11865330e-008 2.48787007e-007 3.28299401e-007 5.58262004e-007 6.43730526e-007 6.81910118e-007 9.09322334e-007 1.10332341e-006 
2.00000000e+000 6.56250000e+000 1.00000000e+001 1.59469755e-009 1.08750389e-007 3.30358275e-007 4.23576816e-007 6.83839993e-007 7.77832970e-007 8.19405795e-007 1.05938786e-006 1.24995275e-006 
2.00000000e+000 1.09375000e+001 1.00000000e+001 6.64903669e-009 2.29398938e-007 5.64423049e-007 6.90701109e-007 1.02072200e-006 1.13328520e-006 1.18208034e-006 1.44507391e-006 1.62027367e-006 
2.00000000e+000 1.53125000e+001 1.00000000e+001 3.13658366e-008 5.57432410e-007 1.10283021e-006 1.28260489e-006 1.71509788e-006 1.85140869e-006 1.90880239e-006 2.18321882e-006 2.30150763e-006 
2.00000000e+000 1.96875000e+001 1.00000000e+001 1.62242536e-007 1.47151018e-006 2.32864911e-006 2.56886974e-006 3.09221920e-006 3.23939991e-006 3.29851354e-006 3.51054816e-006 3.45614868e-006 
2.00000000e+000 2.40625000e+001 1.00000000e+001 9.07369242e-007 4.12435761e-006 5.17235045e-006 5.39810653e-006 5.81515329e-006 5.90102538e-006 5.92960267e-006 5.84148852e-006 5.33543898e-006 
2.00000000e+000 2.84375000e+001 1.00000000e+001 5.64428153e-006 1.24831525e-005 1.22490756e-005 1.20532809e-005 1.15372661e-005 1.13160463e-005 1.12107163e-005 1.01633948e-005 8.55300236e-006 
2.00000000e+000 3.28125000e+001 1.00000000e+001 4.67616604e-005 4.56741674e-005 3.38223687e-005 3.10947376e-005 2.59465771e-005 2.44584146e-005 2.38322682e-005 1.95967096e-005 1.49629612e-005 
2.25000000e+000 2.18750000e+000 1.00000000e+001 1.42449543e-010 3.03326237e-008 1.30436594e-007 1.80811494e-007 3.39127772e-007 4.02136582e-007 4.30966753e-007 6.14923784e-007 7.97028113e-007 
2.25000000e+000 6.56250000e+000 1.00000000e+001 4.33566294e-010 5.01548453e-008 1.82401225e-007 2.44174039e-007 4.29828084e-007 5.01226774e-007 5.33521453e-007 7.33004640e-007 9.18345323e-007 
2.25000000e+000 1.09375000e+001 1.00000000e+001 2.20215277e-009 1.18233259e-007 3.37379972e-007 4.27733577e-007 6.78717471e-007 7.69213414e-007 8.09250697e-007 1.04062421e-006 1.22727663e-006 
2.25000000e+000 1.53125000e+001 1.00000000e+001 1.25766363e-008 3.20662837e-007 7.15816888e-007 8.56733981e-007 1.21342551e-006 1.33175962e-006 1.38258160e-006 1.64718618e-006 1.80888816e-006 
2.25000000e+000 1.96875000e+001 1.00000000e+001 7.89526618e-008 9.46300441e-007 1.64471296e-006 1.85525644e-006 2.33505683e-006 2.47779032e-006 2.53655104e-006 2.78600341e-006 2.83062533e-006 
2.25000000e+000 2.40625000e+001 1.00000000e+001 5.37915070e-007 2.97588894e-006 3.98984985e-006 4.23074677e-006 4.70496699e-006 4.81830644e-006 4.86013590e-006 4.89629479e-006 4.57289240e-006 
2.25000000e+000 2.84375000e+001 1.00000000e+001 4.10498575e-006 1.01613553e-005 1.03698201e-005 1.03004080e-005 1.00469125e-005 9.90776257e-006 9.83771097e-006 9.03731934e-006 7.70540744e-006 
2.25000000e+000 3.28125000e+001 1.00000000e+001 4.28014154e-005 4.26571135e-005 3.18653672e-005 2.93597898e-005 2.46082335e-005 2.32266747e-005 2.26441752e-005 1.86777267e-005 1.43037774e-005 
2.50000000e+000 2.18750000e+000 1.00000000e+001 3.30164739e-011 1.29644668e-008 6.85149982e-008 9.97430936e-008 2.06244641e-007 2.51468562e-007 2.72633775e-007 4.16130382e-007 5.76042511e-007 
2.50000000e+000 6.56250000e+000 1.00000000e+001 1.19066530e-010 2.32860409e-008 1.01202073e-007 1.41376461e-007 2.71090326e-007 3.23993786e-007 3.48423678e-007 5.08353489e-007 6.75854580e-007 
2.50000000e+000 1.09375000e+001 1.00000000e+001 7.36149629e-010 6.14118734e-008 2.03029299e-007 2.66577420e-007 4.53775393e-007 5.24796544e-007 5.56797645e-007 7.52503655e-007 9.32637228e-007 
2.50000000e+000 1.53125000e+001 1.00000000e+001 5.08981737e-009 1.85857752e-007 4.67853603e-007 5.76134522e-007 8.63798755e-007 9.63674815e-007 1.00730045e-006 1.24920102e-006 1.42786527e-006 
2.50000000e+000 1.96875000e+001 1.00000000e+001 3.87730523e-008 6.12953847e-007 1.16942625e-006 1.34864547e-006 1.77415207e-006 1.90664023e-006 1.96220668e-006 2.22310632e-006 2.32949814e-006 
2.50000000e+000 2.40625000e+001 1.00000000e+001 3.21639205e-007 2.16125094e-006 3.09614575e-006 3.33531742e-006 3.82811160e-006 3.95599950e-006 4.00543004e-006 4.12542402e-006 3.93814621e-006 
2.50000000e+000 2.84375000e+001 1.00000000e+001 3.00815175e-006 8.31667913e-006 8.82237988e-006 8.84518263e-006 8.78999286e-006 8.71488710e-006 8.67263935e-006 8.07199267e-006 6.97161096e-006 
2.50000000e+000 3.28125000e+001 1.00000000e+001 3.94046800e-005 3.99926336e-005 3.01234614e-005 2.78136597e-005 2.34142054e-005 2.21278440e-005 2.15843821e-005 1.78590539e-005 1.37179229e-005 
0.00000000e+000 2.18750000e+000 2.00000000e+001 1.25640152e-004 8.60993095e-005 5.43131467e-005 4.77816236e-005 3.62191449e-005 3.31539014e-005 3.19059928e-005 2.43441839e-005 1.72116458e-005 
0.00000000e+000 6.56250000e+000 2.00000000e+001 1.27473841e-004 8.72788284e-005 5.50723147e-005 4.84647730e-005 3.67757025e-005 3.36754156e-005 3.24126388e-005 2.47488113e-005 1.75031354e-005 
0.00000000e+000 1.09375000e+001 2.00000000e+001 1.31725140e-004 9.00151460e-005 5.68463629e-005 5.00577054e-005 3.80542948e-005 3.48664734e-005 3.35668940e-005 2.56590701e-005 1.81549559e-005 
0.00000000e+000 1.53125000e+001 2.00000000e+001 1.39052809e-004 9.47191300e-005 5.98675551e-005 5.27500486e-005 4.01658178e-005 3.68187862e-005 3.54531649e-005 2.71247711e-005 1.91979231e-005 
0.00000000e+000 1.96875000e+001 2.00000000e+001 1.49589810e-004 1.01487030e-004 6.41520669e-005 5.65408730e-005 4.30843179e-005 3.95023185e-005 3.80401932e-005 2.91138651e-005 2.06073346e-005 
0.00000000e+000 2.40625000e+001 2.00000000e+001 1.62857449e-004 1.10043637e-004 6.95083403e-005 6.12534421e-005 4.66603313e-005 4.27760360e-005 4.11906208e-005 3.15155194e-005 2.23037270e-005 
0.00000000e+000 2.84375000e+001 2.00000000e+001 1.81890210e-004 1.22506036e-004 7.73003469e-005 6.80947923e-005 5.18160627e-005 4.74842130e-005 4.57166930e-005 3.49462698e-005 2.47217058e-005 
0.00000000e+000 3.28125000e+001 2.00000000e+001 2.07452390e-004 1.39392154e-004 8.78510161e-005 7.73497931e-005 5.87704163e-005 5.38279763e-005 5.18121973e-005 3.95540341e-005 2.79645247e-005 
2.50000000e-001 2.18750000e+000 2.00000000e+001 2.54623213e-005 3.46451758e-005 2.74094453e-005 2.54336294e-005 2.14254512e-005 2.02089557e-005 1.96917139e-005 1.61497352e-005 1.22470052e-005 
2.50000000e-001 6.56250000e+000 2.00000000e+001 2.69593458e-005 3.58337715e-005 2.81861553e-005 2.61277514e-005 2.19774695e-005 2.07226077e-005 2.01894160e-005 1.65433124e-005 1.25308744e-005 
2.50000000e-001 1.09375000e+001 2.00000000e+001 3.04125674e-005 3.85473705e-005 2.99655026e-005 2.77171284e-005 2.32328021e-005 2.18869254e-005 2.13159809e-005 1.74271608e-005 1.31656016e-005 
2.50000000e-001 1.53125000e+001 2.00000000e+001 3.63596251e-005 4.31265684e-005 3.29493122e-005 3.03716566e-005 2.53011536e-005 2.37960612e-005 2.31594618e-005 1.88579349e-005 1.41870784e-005 
2.50000000e-001 1.96875000e+001 2.00000000e+001 4.57947887e-005 5.00561301e-005 3.73684377e-005 3.42738143e-005 2.82856585e-005 2.65347158e-005 2.57974962e-005 2.08783601e-005 1.56159072e-005 
2.50000000e-001 2.40625000e+001 2.00000000e+001 6.03784753e-005 5.99912282e-005 4.35006955e-005 3.96350279e-005 3.22921423e-005 3.01847627e-005 2.93028347e-005 2.35173617e-005 1.74560171e-005 
2.50000000e-001 2.84375000e+001 2.00000000e+001 8.49239219e-005 7.56595299e-005 5.29753130e-005 4.78720666e-005 3.83682403e-005 3.56972130e-005 3.45873147e-005 2.74544397e-005 2.01781166e-005 
2.50000000e-001 3.28125000e+001 2.00000000e+001 1.30608252e-004 1.01693149e-004 6.80819276e-005 6.08685093e-005 4.77446409e-005 4.41467075e-005 4.26642774e-005 3.33693714e-005 2.41982276e-005 
5.00000000e-001 2.18750000e+000 2.00000000e+001 5.21707864e-006 1.39904245e-005 1.38601204e-005 1.35611523e-005 1.26892274e-005 1.23313190e-005 1.21654600e-005 1.07213432e-005 8.71872535e-006 
5.00000000e-001 6.56250000e+000 2.00000000e+001 5.94750895e-006 1.49235933e-005 1.45435351e-005 1.41835946e-005 1.31973637e-005 1.28067286e-005 1.26271033e-005 1.10910789e-005 8.98940886e-006 
5.00000000e-001 1.09375000e+001 2.00000000e+001 7.72288561e-006 1.70830107e-005 1.61131495e-005 1.56104102e-005 1.43541471e-005 1.38860439e-005 1.36739095e-005 1.19237058e-005 9.59622190e-006 
5.00000000e-001 1.53125000e+001 2.00000000e+001 1.10495056e-005 2.08208949e-005 1.87776812e-005 1.80192547e-005 1.62799103e-005 1.56745276e-005 1.54051341e-005 1.32858382e-005 1.05815433e-005 
5.00000000e-001 1.96875000e+001 2.00000000e+001 1.70701510e-005 2.68346201e-005 2.29078278e-005 2.17160418e-005 1.91701623e-005 1.83404323e-005 1.79782966e-005 1.52775208e-005 1.20023279e-005 
5.00000000e-001 2.40625000e+001 2.00000000e+001 2.81567770e-005 3.63448977e-005 2.91083031e-005 2.71905521e-005 2.33243922e-005 2.21374175e-005 2.16291312e-005 1.80402801e-005 1.39322451e-005 
5.00000000e-001 2.84375000e+001 2.00000000e+001 5.05185865e-005 5.27393791e-005 3.93137424e-005 3.61036915e-005 2.99384466e-005 2.81428223e-005 2.73873714e-005 2.23278114e-005 1.68840820e-005 
5.00000000e-001 3.28125000e+001 2.00000000e+001 1.03869057e-004 8.43485989e-005 5.76252046e-005 5.18199263e-005 4.11911879e-005 3.82526613e-005 3.70380824e-005 2.93248463e-005 2.15731406e-005 
7.50000000e-001 2.18750000e+000 2.00000000e+001 1.08068791e-006 5.66973360e-006 7.02270898e-006 7.24311258e-006 7.52408251e-006 7.53236603e-006 7.52327837e-006 7.12273005e-006 6.21000030e-006 
7.50000000e-001 6.56250000e+000 2.00000000e+001 1.36190167e-006 6.29992498e-006 7.56339673e-006 7.75155499e-006 7.96234620e-006 7.94794196e-006 7.92899080e-006 7.45739559e-006 6.46180380e-006 
7.50000000e-001 1.09375000e+001 2.00000000e+001 2.10430421e-006 7.80037669e-006 8.82312308e-006 8.93076495e-006 8.96836050e-006 8.89871425e-006 8.85589079e-006 8.21586153e-006 7.02905359e-006 
7.50000000e-001 1.53125000e+001 2.00000000e+001 3.67643679e-006 1.05216502e-005 1.10206109e-005 1.09693908e-005 1.06746423e-005 1.05020858e-005 1.04152771e-005 9.47491108e-006 7.96085260e-006 
7.50000000e-001 1.96875000e+001 2.00000000e+001 7.01159413e-006 1.52325828e-005 1.46051452e-005 1.42479168e-005 1.33393349e-005 1.29845729e-005 1.28210017e-005 1.13775687e-005 9.34297849e-006 
7.50000000e-001 2.40625000e+001 2.00000000e+001 1.44082198e-005 2.34491841e-005 2.03974555e-005 1.94481812e-005 1.74061307e-005 1.67303072e-005 1.64335817e-005 1.41554987e-005 1.13072639e-005 
7.50000000e-001 2.84375000e+001 2.00000000e+001 3.25895629e-005 3.91114867e-005 3.06260295e-005 2.84724619e-005 2.42243842e-005 2.29488986e-005 2.24067033e-005 1.86419037e-005 1.44121032e-005 
7.50000000e-001 3.28125000e+001 2.00000000e+001 8.78584805e-005 7.38564813e-005 5.10651780e-005 4.60624425e-005 3.68660122e-005 3.43126630e-005 3.32558384e-005 2.65032454e-005 1.96603715e-005 
1.00000000e+000 2.18750000e+000 2.00000000e+001 2.26283078e-007 2.30587589e-006 3.56543600e-006 3.87519713e-006 4.46667989e-006 4.60584483e-006 4.65713789e-006 4.73540509e-006 4.42533042e-006 
1.00000000e+000 6.56250000e+000 2.00000000e+001 3.21844000e-007 2.69328502e-006 3.96303745e-006 4.26380664e-006 4.82591634e-006 4.95273697e-006 4.99829397e-006 5.02848498e-006 4.65410106e-006 
1.00000000e+000 1.09375000e+001 2.00000000e+001 6.02273412e-007 3.65256518e-006 4.91016877e-006 5.18219667e-006 5.66167404e-006 5.75613162e-006 5.78692342e-006 5.69888509e-006 5.17300116e-006 
1.00000000e+000 1.53125000e+001 2.00000000e+001 1.28964908e-006 5.50102195e-006 6.62498309e-006 6.82243241e-006 7.11472021e-006 7.14231418e-006 7.14336568e-006 6.83190473e-006 6.03725873e-006 
1.00000000e+000 1.96875000e+001 2.00000000e+001 3.02729059e-006 8.97938355e-006 9.58618545e-006 9.59978166e-006 9.48119938e-006 9.37503896e-006 9.31819276e-006 8.60146090e-006 7.35501079e-006 
1.00000000e+000 2.40625000e+001 2.00000000e+001 7.70307598e-006 1.56987855e-005 1.47410367e-005 1.43175505e-005 1.33076596e-005 1.29341785e-005 1.27645176e-005 1.13101654e-005 9.30619782e-006 
1.00000000e+000 2.84375000e+001 2.00000000e+001 2.18050618e-005 2.99696692e-005 2.45658505e-005 2.30902192e-005 2.00883971e-005 1.91564389e-005 1.87559499e-005 1.58708822e-005 1.24961252e-005 
1.00000000e+000 3.28125000e+001 2.00000000e+001 7.63029492e-005 6.63233739e-005 4.63682221e-005 4.19330643e-005 3.37348600e-005 3.14470353e-005 3.04987209e-005 2.44099499e-005 1.82044098e-005 
1.25000000e+000 2.18750000e+000 2.00000000e+001 4.78763316e-008 9.41121132e-007 1.81380240e-006 2.07683335e-006 2.65478111e-006 2.81931077e-006 2.88578658e-006 3.15051116e-006 3.15511483e-006 
1.25000000e+000 6.56250000e+000 2.00000000e+001 7.80591099e-008 1.16484079e-006 2.09137623e-006 2.35983826e-006 2.93788123e-006 3.09851450e-006 3.16274177e-006 3.40012018e-006 3.35862732e-006 
1.25000000e+000 1.09375000e+001 2.00000000e+001 1.78331565e-007 1.74609646e-006 2.77160549e-006 3.04513415e-006 3.60814996e-006 3.75548888e-006 3.81278034e-006 3.97781815e-006 3.82420579e-006 
1.25000000e+000 1.53125000e+001 2.00000000e+001 4.67352616e-007 2.94857040e-006 4.05960049e-006 4.31814312e-006 4.80858296e-006 4.92034082e-006 4.96059886e-006 4.97475986e-006 4.61206169e-006 
1.25000000e+000 1.96875000e+001 2.00000000e+001 1.34601729e-006 5.42760262e-006 6.42689053e-006 6.59813754e-006 6.85317475e-006 6.87665652e-006 6.87717850e-006 6.58546123e-006 5.84706502e-006 
1.25000000e+000 2.40625000e+001 2.00000000e+001 4.22539538e-006 1.07520823e-005 1.08761890e-005 1.07524160e-005 1.03563321e-005 1.01703941e-005 1.00806508e-005 9.16675011e-006 7.74836118e-006 
1.25000000e+000 2.84375000e+001 2.00000000e+001 1.49100839e-005 2.34084255e-005 2.00678937e-005 1.90632205e-005 1.69390906e-005 1.62521062e-005 1.59530698e-005 1.37071383e-005 1.09675423e-005 
1.25000000e+000 3.28125000e+001 2.00000000e+001 6.73402436e-005 6.03966265e-005 4.26970290e-005 3.87118393e-005 3.12976709e-005 2.92157695e-005 2.83512156e-005 2.27710898e-005 1.70504250e-005 
1.50000000e+000 2.18750000e+000 2.00000000e+001 1.02291119e-008 3.85460200e-007 9.24559239e-007 1.11493006e-006 1.57973700e-006 1.72755562e-006 1.78995530e-006 2.09757741e-006 2.25060845e-006 
1.50000000e+000 6.56250000e+000 2.00000000e+001 1.93376413e-008 5.09118562e-007 1.11106833e-006 1.31370999e-006 1.79608668e-006 1.94588193e-006 2.00856555e-006 2.30528987e-006 2.42836818e-006 
1.50000000e+000 1.09375000e+001 2.00000000e+001 5.40854149e-008 8.48848676e-007 1.58377072e-006 1.80924673e-006 2.31920153e-006 2.46947445e-006 2.53109776e-006 2.79275738e-006 2.83916623e-006 
1.50000000e+000 1.53125000e+001 2.00000000e+001 1.73099322e-007 1.60956745e-006 2.52558240e-006 2.77198511e-006 3.28833956e-006 3.42705447e-006 3.48171639e-006 3.65398370e-006 3.54676231e-006 
1.50000000e+000 1.96875000e+001 2.00000000e+001 6.10416494e-007 3.33775575e-006 4.37639989e-006 4.60323964e-006 5.01947614e-006 5.10803130e-006 5.13857477e-006 5.09537500e-006 4.68784349e-006 
1.50000000e+000 2.40625000e+001 2.00000000e+001 2.35890213e-006 7.47607616e-006 8.14036832e-006 8.18896636e-006 8.16556443e-006 8.09926293e-006 8.06127664e-006 7.51330169e-006 6.51279305e-006 
1.50000000e+000 2.84375000e+001 2.00000000e+001 1.03521225e-005 1.85142481e-005 1.65931873e-005 1.59284894e-005 1.44504785e-005 1.39467805e-005 1.37239909e-005 1.19648201e-005 9.71728573e-006 
1.50000000e+000 3.28125000e+001 2.00000000e+001 6.01267843e-005 5.54991547e-005 3.96672780e-005 3.60579725e-005 2.92985612e-005 2.73877329e-005 2.65925555e-005 2.14302947e-005 1.61027558e-005 
1.75000000e+000 2.18750000e+000 2.00000000e+001 2.20525594e-009 1.58422174e-007 4.72218741e-007 5.99555650e-007 9.41135885e-007 1.05968322e-006 1.11135443e-006 1.39755166e-006 1.60620119e-006 
1.75000000e+000 6.56250000e+000 2.00000000e+001 4.87424798e-009 2.24633963e-007 5.93959420e-007 7.35355126e-007 1.10249282e-006 1.22649522e-006 1.28004723e-006 1.56709373e-006 1.75903740e-006 
1.75000000e+000 1.09375000e+001 2.00000000e+001 1.66949418e-008 4.18294780e-007 9.14569572e-007 1.08533449e-006 1.50218275e-006 1.63538316e-006 1.69179049e-006 1.97136499e-006 2.11634119e-006 
1.75000000e+000 1.53125000e+001 2.00000000e+001 6.51407566e-008 8.90690898e-007 1.59015852e-006 1.79978889e-006 2.27092775e-006 2.40926644e-006 2.46598493e-006 2.70432723e-006 2.74389083e-006 
1.75000000e+000 1.96875000e+001 2.00000000e+001 2.80900109e-007 2.07822937e-006 3.01494507e-006 3.24801132e-006 3.71485309e-006 3.83258673e-006 3.87763161e-006 3.97705067e-006 3.78591956e-006 
1.75000000e+000 2.40625000e+001 2.00000000e+001 1.33449690e-006 5.25452922e-006 6.15583147e-006 6.30045810e-006 6.50148276e-006 6.51210132e-006 6.50802530e-006 6.21264746e-006 5.51690075e-006 
1.75000000e+000 2.84375000e+001 2.00000000e+001 7.27239270e-006 1.47759175e-005 1.38381693e-005 1.34229099e-005 1.24311011e-005 1.20683099e-005 1.19044880e-005 1.05275374e-005 8.67316957e-006 
1.75000000e+000 3.28125000e+001 2.00000000e+001 5.41847512e-005 5.13345634e-005 3.70810176e-005 3.37936886e-005 2.75979762e-005 2.58346098e-005 2.50991872e-005 2.02951193e-005 1.53009922e-005 
2.00000000e+000 2.18750000e+000 2.00000000e+001 4.79300941e-010 6.53312271e-008 2.41662303e-007 3.22956004e-007 5.61345341e-007 6.50690049e-007 6.90708315e-007 9.31816428e-007 1.14687229e-006 
2.00000000e+000 6.56250000e+000 2.00000000e+001 1.24629880e-009 9.99533070e-008 3.19360173e-007 4.13731950e-007 6.79348000e-007 7.75763910e-007 8.18497593e-007 1.06798228e-006 1.27650670e-006 
2.00000000e+000 1.09375000e+001 2.00000000e+001 5.22354286e-009 2.08403926e-007 5.32884433e-007 6.56508653e-007 9.79658518e-007 1.08993363e-006 1.13779427e-006 1.39849434e-006 1.58350300e-006 
2.00000000e+000 1.53125000e+001 2.00000000e+001 2.48189570e-008 4.98059177e-007 1.01078077e-006 1.17933186e-006 1.58121775e-006 1.70708741e-006 1.76005137e-006 2.01477729e-006 2.13418062e-006 
2.00000000e+000 1.96875000e+001 2.00000000e+001 1.30765062e-007 1.30619627e-006 2.09556585e-006 2.31186438e-006 2.77209085e-006 2.89884948e-006 2.94947320e-006 3.12673765e-006 3.07665605e-006 
2.00000000e+000 2.40625000e+001 2.00000000e+001 7.63040760e-007 3.72348595e-006 4.69129066e-006 4.88477206e-006 5.21536901e-006 5.27481195e-006 5.29281596e-006 5.17319943e-006 4.70310303e-006 
2.00000000e+000 2.84375000e+001 2.00000000e+001 5.15792782e-006 1.18745933e-005 1.16150240e-005 1.13836224e-005 1.07611087e-005 1.05081791e-005 1.03906793e-005 9.31955556e-006 7.78621745e-006 
2.00000000e+000 3.28125000e+001 2.00000000e+001 4.92084432e-005 4.77272123e-005 3.48245422e-005 3.18169174e-005 2.61145080e-005 2.44808207e-005 2.37979873e-005 1.93087811e-005 1.46060533e-005 
2.25000000e+000 2.18750000e+000 2.00000000e+001 1.04933670e-010 2.70301399e-008 1.23914424e-007 1.74254118e-007 3.35209393e-007 3.99967770e-007 4.29701952e-007 6.21734631e-007 8.19304149e-007 
2.25000000e+000 6.56250000e+000 2.00000000e+001 3.22499367e-010 4.48107791e-008 1.72630267e-007 2.33888956e-007 4.20133461e-007 4.92303766e-007 5.25039032e-007 7.29612578e-007 9.27976651e-007 
2.25000000e+000 1.09375000e+001 2.00000000e+001 1.65214223e-009 1.04767249e-007 3.12870301e-007 3.99975059e-007 6.42776317e-007 7.30558790e-007 7.69461604e-007 9.96630846e-007 1.18900598e-006 
2.25000000e+000 1.53125000e+001 2.00000000e+001 9.55208883e-009 2.80810647e-007 6.47446727e-007 7.78556802e-007 1.10855450e-006 1.21759091e-006 1.26441066e-006 1.50971233e-006 1.66792564e-006 
2.25000000e+000 1.96875000e+001 2.00000000e+001 6.14566671e-008 8.27065102e-007 1.46675214e-006 1.65690955e-006 2.08232911e-006 2.20691778e-006 2.25800774e-006 2.47306715e-006 2.51365076e-006 
2.25000000e+000 2.40625000e+001 2.00000000e+001 4.40186486e-007 2.65584547e-006 3.59690706e-006 3.80992076e-006 4.20825814e-006 4.29752752e-006 4.32953296e-006 4.33188590e-006 4.03038815e-006 
2.25000000e+000 2.84375000e+001 2.00000000e+001 3.68789151e-006 9.59673977e-006 9.79855176e-006 9.70234339e-006 9.36088812e-006 9.19415037e-006 9.11331818e-006 8.28963077e-006 7.02231822e-006 
2.25000000e+000 3.28125000e+001 2.00000000e+001 4.49873641e-005 4.45619011e-005 3.28261444e-005 3.00637692e-005 2.47974094e-005 2.32791105e-005 2.26431476e-005 1.84349639e-005 1.39919884e-005 
2.50000000e+000 2.18750000e+000 2.00000000e+001 2.31225364e-011 1.12186998e-008 6.36602399e-008 9.41758967e-008 2.00404527e-007 2.46108427e-007 2.67589302e-007 4.15136888e-007 5.85585115e-007 
2.50000000e+000 6.56250000e+000 2.00000000e+001 8.43019013e-011 2.02242394e-008 9.37729860e-008 1.32805941e-007 2.60717756e-007 3.13401563e-007 3.37814854e-007 4.99617830e-007 6.75762883e-007 
2.50000000e+000 1.09375000e+001 2.00000000e+001 5.27263721e-010 5.30595747e-008 1.84894567e-007 2.45196035e-007 4.24009591e-007 4.92173334e-007 5.22954721e-007 7.13208648e-007 8.95729431e-007 
2.50000000e+000 1.53125000e+001 2.00000000e+001 3.70778054e-009 1.59386751e-007 4.17322571e-007 5.17140672e-007 7.81666643e-007 8.73331634e-007 9.13380668e-007 1.13692600e-006 1.30911198e-006 
2.50000000e+000 1.96875000e+001 2.00000000e+001 2.91184192e-008 5.26867298e-007 1.03243315e-006 1.19413098e-006 1.57265850e-006 1.68912125e-006 1.73782719e-006 1.96591566e-006 2.06308500e-006 
2.50000000e+000 2.40625000e+001 2.00000000e+001 2.55881457e-007 1.90460361e-006 2.77139339e-006 2.98596557e-006 3.41165715e-006 3.51773403e-006 3.55813323e-006 3.64397404e-006 3.46891525e-006 
2.50000000e+000 2.84375000e+001 2.00000000e+001 2.65532328e-006 7.79246945e-006 8.30051121e-006 8.30292308e-006 8.17474351e-006 8.07571845e-006 8.02398900e-006 7.40174666e-006 6.35706861e-006 
2.50000000e+000 3.28125000e+001 2.00000000e+001 4.13694051e-005 4.17575255e-005 3.10370965e-005 2.84912524e-005 2.36130425e-005 2.21982093e-005 2.16043608e-005 1.76494683e-005 1.34410854e-005 
END