TITLE="3SCB_EB_E_WD210.dat"
VARIABLES= "Density" "Radius" "Height" "0.1053" "0.356" "0.6617" "0.7889" "1.1732" "1.3325" "1.408" "2" "3" 
ZONE T="3D Data" I=11 J=8 K=3 F=POINT
0.00000000e+000 8.75000000e+000 0.00000000e+000 1.09092995e-004 7.49282509e-005 4.83475722e-005 4.29779119e-005 3.35027353e-005 3.09521428e-005 2.99025764e-005 2.32894558e-005 1.66260375e-005 
0.00000000e+000 1.51554446e+001 0.00000000e+000 1.61363730e-004 1.09573451e-004 7.01748948e-005 6.21526562e-005 4.79059705e-005 4.40747744e-005 4.25035277e-005 3.27743682e-005 2.33035488e-005 
0.00000000e+000 1.95655948e+001 0.00000000e+000 2.01466700e-004 1.36171524e-004 8.67602981e-005 7.66743608e-005 5.87566150e-005 5.39526978e-005 5.19866430e-005 3.99111662e-005 2.83302620e-005 
0.00000000e+000 2.31503240e+001 0.00000000e+000 2.28370136e-004 1.53968442e-004 9.78882368e-005 8.64338747e-005 6.60862539e-005 6.06380145e-005 5.84101322e-005 4.47686958e-005 3.17587783e-005 
0.00000000e+000 2.62500000e+001 0.00000000e+000 2.44802367e-004 1.64879256e-004 1.04806842e-004 9.25388077e-005 7.07436857e-005 6.49077985e-005 6.25215199e-005 4.79141070e-005 3.39909277e-005 
0.00000000e+000 2.90204669e+001 0.00000000e+000 2.54134094e-004 1.71017422e-004 1.08810259e-004 9.61156262e-005 7.35578436e-005 6.75125858e-005 6.50396148e-005 4.98801904e-005 3.53969379e-005 
0.00000000e+000 3.15485737e+001 0.00000000e+000 2.59522908e-004 1.74513876e-004 1.11170397e-004 9.82584714e-005 7.53114329e-005 6.91551314e-005 6.66351848e-005 5.11559629e-005 3.63148625e-005 
0.00000000e+000 3.38886043e+001 0.00000000e+000 2.63149736e-004 1.76836196e-004 1.12795910e-004 9.97605888e-005 7.65944823e-005 7.03722965e-005 6.78235980e-005 5.21298254e-005 3.70193350e-005 
2.50000000e-001 8.75000000e+000 0.00000000e+000 2.53582619e-005 3.23912159e-005 2.57078561e-005 2.39978427e-005 2.06126575e-005 1.95760254e-005 1.91300558e-005 1.59245059e-005 1.21278934e-005 
2.50000000e-001 1.51554446e+001 0.00000000e+000 4.30916512e-005 5.07491883e-005 3.91945887e-005 3.62936773e-005 3.05657539e-005 2.88408461e-005 2.81062005e-005 2.30378833e-005 1.73851875e-005 
2.50000000e-001 1.95655948e+001 0.00000000e+000 6.20058344e-005 6.78136754e-005 5.10509749e-005 4.69530527e-005 3.89671061e-005 3.66067194e-005 3.56089890e-005 2.88924560e-005 2.16481460e-005 
2.50000000e-001 2.31503240e+001 0.00000000e+000 8.09935808e-005 8.25166156e-005 6.07269829e-005 5.55455818e-005 4.55838291e-005 4.26845013e-005 4.14656538e-005 3.33927786e-005 2.48667795e-005 
2.50000000e-001 2.62500000e+001 0.00000000e+000 1.00838243e-004 9.55978679e-005 6.88223179e-005 6.26356185e-005 5.09034140e-005 4.75359481e-005 4.61266760e-005 3.69089734e-005 2.73230129e-005 
2.50000000e-001 2.90204669e+001 0.00000000e+000 1.22230650e-004 1.07699200e-004 7.58663606e-005 6.87191185e-005 5.53479406e-005 5.15590976e-005 4.99797094e-005 3.97570910e-005 2.92567875e-005 
2.50000000e-001 3.15485737e+001 0.00000000e+000 1.45955081e-004 1.19642720e-004 8.24719821e-005 7.43535978e-005 5.93637092e-005 5.51677313e-005 5.34249918e-005 4.22522220e-005 3.09025303e-005 
2.50000000e-001 3.38886043e+001 0.00000000e+000 1.76241378e-004 1.33483147e-004 8.98144122e-005 8.05504625e-005 6.36841424e-005 5.90243016e-005 5.70964217e-005 4.48615502e-005 3.25799400e-005 
5.00000000e-001 8.75000000e+000 0.00000000e+000 6.26855758e-006 1.42981280e-005 1.38334543e-005 1.35365897e-005 1.27721656e-005 1.24594742e-005 1.23120853e-005 1.09362486e-005 8.87340672e-006 
5.00000000e-001 1.51554446e+001 0.00000000e+000 1.30951395e-005 2.46645946e-005 2.25210249e-005 2.17163306e-005 1.98421228e-005 1.91667040e-005 1.88619260e-005 1.63704743e-005 1.30682143e-005 
5.00000000e-001 1.95655948e+001 0.00000000e+000 2.26922951e-005 3.61989783e-005 3.13254423e-005 2.98139348e-005 2.65237735e-005 2.54245704e-005 2.49407819e-005 2.12640606e-005 1.67347619e-005 
5.00000000e-001 2.31503240e+001 0.00000000e+000 3.52353909e-005 4.82653602e-005 3.97656628e-005 3.74122753e-005 3.25306408e-005 3.09818497e-005 3.03115164e-005 2.54572544e-005 1.97727991e-005 
5.00000000e-001 2.62500000e+001 0.00000000e+000 5.20691049e-005 6.14658299e-005 4.82481063e-005 4.48887877e-005 3.81919005e-005 3.61535007e-005 3.52829171e-005 2.92128059e-005 2.23905482e-005 
5.00000000e-001 2.90204669e+001 0.00000000e+000 7.45820171e-005 7.62005108e-005 5.70461119e-005 5.25016647e-005 4.37409601e-005 4.11651222e-005 4.00770965e-005 3.27245164e-005 2.47457594e-005 
5.00000000e-001 3.15485737e+001 0.00000000e+000 1.04421516e-004 9.30141423e-005 6.65163593e-005 6.05775926e-005 4.94514533e-005 4.62751764e-005 4.49461317e-005 3.62015556e-005 2.70030346e-005 
5.00000000e-001 3.38886043e+001 0.00000000e+000 1.49495709e-004 1.15020600e-004 7.82867334e-005 7.04887314e-005 5.62786951e-005 5.23364290e-005 5.07019731e-005 4.02239405e-005 2.95446161e-005 
7.50000000e-001 8.75000000e+000 0.00000000e+000 1.63602436e-006 6.43753357e-006 7.52983174e-006 7.71110216e-006 7.96885015e-006 7.97909169e-006 7.97070877e-006 7.54279954e-006 6.51156475e-006 
7.50000000e-001 1.51554446e+001 0.00000000e+000 4.34992081e-006 1.24776450e-005 1.32678119e-005 1.32794701e-005 1.30856428e-005 1.29199980e-005 1.28313296e-005 1.17512425e-005 9.89377233e-006 
7.50000000e-001 1.95655948e+001 0.00000000e+000 9.17421307e-006 2.03505860e-005 1.98878932e-005 1.95081386e-005 1.84621523e-005 1.80200732e-005 1.78116514e-005 1.58823055e-005 1.30741296e-005 
7.50000000e-001 2.31503240e+001 0.00000000e+000 1.69379684e-005 2.99396527e-005 2.71179603e-005 2.61270326e-005 2.38639251e-005 2.30606957e-005 2.27001059e-005 1.97724258e-005 1.59370866e-005 
7.50000000e-001 2.62500000e+001 0.00000000e+000 2.95159075e-005 4.20477938e-005 3.53826699e-005 3.35047232e-005 2.95778392e-005 2.83098907e-005 2.77572195e-005 2.36355984e-005 1.86498250e-005 
7.50000000e-001 2.90204669e+001 0.00000000e+000 4.94037276e-005 5.73489527e-005 4.49728548e-005 4.18845015e-005 3.57858207e-005 3.39372906e-005 3.31479472e-005 2.76094797e-005 2.13237548e-005 
7.50000000e-001 3.15485737e+001 0.00000000e+000 8.00504793e-005 7.66865697e-005 5.62556330e-005 5.15726191e-005 4.27103111e-005 4.01472966e-005 3.90697187e-005 3.18519026e-005 2.40820365e-005 
7.50000000e-001 3.38886043e+001 0.00000000e+000 1.33870015e-004 1.04545683e-004 7.14413526e-005 6.44026800e-005 5.15854236e-005 4.80303042e-005 4.65562114e-005 3.70813150e-005 2.73829965e-005 
1.00000000e+000 8.75000000e+000 0.00000000e+000 4.47135165e-007 2.95229725e-006 4.14385980e-006 4.43427787e-006 5.00535725e-006 5.14055463e-006 5.18970454e-006 5.22417936e-006 4.79235154e-006 
1.00000000e+000 1.51554446e+001 0.00000000e+000 1.53304929e-006 6.51944142e-006 7.98621416e-006 8.27588905e-006 8.75301311e-006 8.82200142e-006 8.83722985e-006 8.51487092e-006 7.54103411e-006 
1.00000000e+000 1.95655948e+001 0.00000000e+000 3.93022378e-006 1.18775103e-005 1.29710872e-005 1.30779727e-005 1.30948726e-005 1.29945498e-005 1.29337009e-005 1.20175444e-005 1.03123111e-005 
1.00000000e+000 2.31503240e+001 0.00000000e+000 8.58125455e-006 1.93026240e-005 1.90491323e-005 1.87476447e-005 1.78917593e-005 1.75149692e-005 1.73352684e-005 1.55986115e-005 1.29976304e-005 
1.00000000e+000 2.62500000e+001 0.00000000e+000 1.74983337e-005 2.98456503e-005 2.67451164e-005 2.57225483e-005 2.34501320e-005 2.26602443e-005 2.23075039e-005 1.94604173e-005 1.57457854e-005 
1.00000000e+000 2.90204669e+001 0.00000000e+000 3.39270932e-005 4.46180353e-005 3.65020428e-005 3.43493799e-005 2.99835563e-005 2.86170776e-005 2.80271225e-005 2.37298914e-005 1.86482820e-005 
1.00000000e+000 3.15485737e+001 0.00000000e+000 6.30900143e-005 6.50507576e-005 4.88645924e-005 4.50520166e-005 3.77501692e-005 3.56099630e-005 3.47060537e-005 2.85561660e-005 2.18101640e-005 
1.00000000e+000 3.38886043e+001 0.00000000e+000 1.22195617e-004 9.72208027e-005 6.67251680e-005 6.02037586e-005 4.83080286e-005 4.50046570e-005 4.36346016e-005 3.48168266e-005 2.57769560e-005 
1.25000000e+000 8.75000000e+000 0.00000000e+000 1.26973249e-007 1.37705612e-006 2.30427927e-006 2.57296601e-006 3.16429755e-006 3.33106147e-006 3.39773214e-006 3.63311171e-006 3.53716874e-006 
1.25000000e+000 1.51554446e+001 0.00000000e+000 5.62487680e-007 3.49451730e-006 4.89527879e-006 5.24241868e-006 5.92895163e-006 6.09355501e-006 6.15418032e-006 6.22302854e-006 5.78401456e-006 
1.25000000e+000 1.95655948e+001 0.00000000e+000 1.74643478e-006 7.12219306e-006 8.63958971e-006 8.93822293e-006 9.43421324e-006 9.50758606e-006 9.52452431e-006 9.19641811e-006 8.20376969e-006 
1.25000000e+000 2.31503240e+001 0.00000000e+000 4.48779900e-006 1.27706568e-005 1.36727478e-005 1.37269369e-005 1.36446545e-005 1.35178121e-005 1.34463768e-005 1.24659372e-005 1.07081317e-005 
1.25000000e+000 2.62500000e+001 0.00000000e+000 1.06503450e-005 2.16785387e-005 2.06352833e-005 2.01386983e-005 1.89150471e-005 1.84382911e-005 1.82179852e-005 1.62445880e-005 1.34427900e-005 
1.25000000e+000 2.90204669e+001 0.00000000e+000 2.37831250e-005 3.53911442e-005 3.01758650e-005 2.86780074e-005 2.55377248e-005 2.45162237e-005 2.40695753e-005 2.06789280e-005 1.64985460e-005 
1.25000000e+000 3.15485737e+001 0.00000000e+000 5.04895525e-005 5.60406895e-005 4.31144975e-005 3.99722815e-005 3.38666649e-005 3.20489547e-005 3.12773211e-005 2.59420078e-005 1.99811933e-005 
1.25000000e+000 3.38886043e+001 0.00000000e+000 1.12666726e-004 9.14412426e-005 6.31023386e-005 5.69962986e-005 4.58209029e-005 4.27088135e-005 4.14171167e-005 3.30880095e-005 2.45329395e-005 
1.50000000e+000 8.75000000e+000 0.00000000e+000 3.72080753e-008 6.52265917e-007 1.29390180e-006 1.50570188e-006 2.01282780e-006 2.17058182e-006 2.23639681e-006 2.53666772e-006 2.61806002e-006 
1.50000000e+000 1.51554446e+001 0.00000000e+000 2.12399216e-007 1.91128802e-006 3.04672242e-006 3.36728199e-006 4.06061983e-006 4.25211255e-006 4.32815398e-006 4.58369055e-006 4.46232090e-006 
1.50000000e+000 1.95655948e+001 0.00000000e+000 7.95895704e-007 4.35640091e-006 5.84970960e-006 6.20329171e-006 6.88505273e-006 7.04108389e-006 7.09708065e-006 7.10642861e-006 6.57615446e-006 
1.50000000e+000 2.31503240e+001 0.00000000e+000 2.39833205e-006 8.60305001e-006 9.97092482e-006 1.02041901e-005 1.05451351e-005 1.05660339e-005 1.05601362e-005 1.00689907e-005 8.89844165e-006 
1.50000000e+000 2.62500000e+001 0.00000000e+000 6.59911756e-006 1.59911311e-005 1.61510027e-005 1.59878958e-005 1.54529009e-005 1.51890126e-005 1.50597475e-005 1.37072703e-005 1.15816619e-005 
1.50000000e+000 2.90204669e+001 0.00000000e+000 1.69052722e-005 2.84234191e-005 2.52512755e-005 2.42325801e-005 2.20027496e-005 2.12410433e-005 2.09027643e-005 1.82068534e-005 1.47295511e-005 
1.50000000e+000 3.15485737e+001 0.00000000e+000 4.08208366e-005 4.87414487e-005 3.84169529e-005 3.58179834e-005 3.06843556e-005 2.91285420e-005 2.84642350e-005 2.37891505e-005 1.84637030e-005 
1.50000000e+000 3.38886043e+001 0.00000000e+000 1.04570798e-004 8.65752214e-005 6.01143526e-005 5.43677409e-005 4.38080170e-005 4.08563051e-005 3.96298036e-005 3.16998949e-005 2.35312806e-005 
1.75000000e+000 8.75000000e+000 0.00000000e+000 1.11880149e-008 3.13272221e-007 7.33196437e-007 8.88213762e-007 1.28795286e-006 1.42196458e-006 1.47954491e-006 1.77794204e-006 1.94308051e-006 
1.75000000e+000 1.51554446e+001 0.00000000e+000 8.19563681e-008 1.06226484e-006 1.92052843e-006 2.18846236e-006 2.80797024e-006 2.99392607e-006 3.07055958e-006 3.40009863e-006 3.46123263e-006 
1.75000000e+000 1.95655948e+001 0.00000000e+000 3.69571842e-007 2.70495471e-006 4.01221352e-006 4.35821965e-006 5.07834166e-006 5.26730891e-006 5.34065894e-006 5.53756514e-006 5.30701207e-006 
1.75000000e+000 2.31503240e+001 0.00000000e+000 1.30237864e-006 5.87269627e-006 7.35893733e-006 7.67363335e-006 8.23547669e-006 8.34251595e-006 8.37603500e-006 8.20446022e-006 7.44912119e-006 
1.75000000e+000 2.62500000e+001 0.00000000e+000 4.14359235e-006 1.19269370e-005 1.27733805e-005 1.28226453e-005 1.27462975e-005 1.26302004e-005 1.25649534e-005 1.16650481e-005 1.00528090e-005 
1.75000000e+000 2.90204669e+001 0.00000000e+000 1.21414052e-005 2.30274189e-005 2.13110654e-005 2.06503898e-005 1.91149574e-005 1.85549919e-005 1.83013062e-005 1.61554008e-005 1.32441168e-005 
1.75000000e+000 3.15485737e+001 0.00000000e+000 3.32554804e-005 4.26713632e-005 3.44593839e-005 3.23113639e-005 2.79913744e-005 2.66558957e-005 2.60819511e-005 2.19631235e-005 1.71722690e-005 
1.75000000e+000 3.38886043e+001 0.00000000e+000 9.75366591e-005 8.23274540e-005 5.75377243e-005 5.21122219e-005 4.21012494e-005 3.92912700e-005 3.81221293e-005 3.05382968e-005 2.26966611e-005 
2.00000000e+000 8.75000000e+000 0.00000000e+000 3.43621939e-009 1.52342330e-007 4.18994505e-007 5.27893366e-007 8.28762018e-007 9.36298845e-007 9.83624161e-007 1.25078525e-006 1.44596622e-006 
2.00000000e+000 1.51554446e+001 0.00000000e+000 3.21662946e-008 5.98075958e-007 1.22360549e-006 1.43658330e-006 1.95810553e-006 2.12472272e-006 2.19514694e-006 2.53818373e-006 2.69805620e-006 
2.00000000e+000 1.95655948e+001 0.00000000e+000 1.74144459e-007 1.69930873e-006 2.78043180e-006 3.09231079e-006 3.77878715e-006 3.97367787e-006 4.05222472e-006 4.34615644e-006 4.30826553e-006 
2.00000000e+000 2.31503240e+001 0.00000000e+000 7.16161421e-007 4.04971877e-006 5.48176972e-006 5.82284653e-006 6.48553202e-006 6.64044215e-006 6.69691616e-006 6.73369237e-006 6.27493451e-006 
2.00000000e+000 2.62500000e+001 0.00000000e+000 2.62918054e-006 8.97060348e-006 1.01818371e-005 1.03638287e-005 1.05917723e-005 1.05790350e-005 1.05592595e-005 9.99447521e-006 8.77924846e-006 
2.00000000e+000 2.90204669e+001 0.00000000e+000 8.79175885e-006 1.87784984e-005 1.80992157e-005 1.77081752e-005 1.67090903e-005 1.63084893e-005 1.61220694e-005 1.44207908e-005 1.19756557e-005 
2.00000000e+000 3.15485737e+001 0.00000000e+000 2.72561352e-005 3.75393033e-005 3.10581132e-005 2.92889979e-005 2.56606631e-005 2.45141847e-005 2.40179222e-005 2.03789602e-005 1.60501424e-005 
2.00000000e+000 3.38886043e+001 0.00000000e+000 9.13366772e-005 7.85377292e-005 5.52523192e-005 5.01180638e-005 4.06059972e-005 3.79246481e-005 3.68074702e-005 2.95342172e-005 2.19807337e-005 
2.25000000e+000 8.75000000e+000 0.00000000e+000 1.07411187e-009 7.49111314e-008 2.41316864e-007 3.15939418e-007 5.36125896e-007 6.19505220e-007 6.56979452e-007 8.83077403e-007 1.07881976e-006 
2.25000000e+000 1.51554446e+001 0.00000000e+000 1.28009947e-008 3.40317783e-007 7.86616556e-007 9.51055132e-007 1.37546470e-006 1.51832736e-006 1.57993412e-006 1.90557678e-006 2.11271995e-006 
2.25000000e+000 1.95655948e+001 0.00000000e+000 8.30422714e-008 1.07761236e-006 1.94302300e-006 2.21188112e-006 2.83244316e-006 3.01898970e-006 3.09604368e-006 3.43218816e-006 3.51578094e-006 
2.25000000e+000 2.31503240e+001 0.00000000e+000 3.97854216e-007 2.81524125e-006 4.11367026e-006 4.45032306e-006 5.14195844e-006 5.32051591e-006 5.38935517e-006 5.55985726e-006 5.31403391e-006 
2.25000000e+000 2.62500000e+001 0.00000000e+000 1.68268646e-006 6.79214039e-006 8.16628137e-006 8.42741393e-006 8.85287584e-006 8.91207018e-006 8.92456644e-006 8.60992871e-006 7.70577506e-006 
2.25000000e+000 2.90204669e+001 0.00000000e+000 6.40945918e-006 1.53931797e-005 1.54464905e-005 1.52586079e-005 1.46756976e-005 1.44020821e-005 1.42696871e-005 1.29325367e-005 1.08774638e-005 
2.25000000e+000 3.15485737e+001 0.00000000e+000 2.24510247e-005 3.31509413e-005 2.80951766e-005 2.66466000e-005 2.36112304e-005 2.26286512e-005 2.21999687e-005 1.89809691e-005 1.50587258e-005 
2.25000000e+000 3.38886043e+001 0.00000000e+000 8.58163593e-005 7.51082938e-005 5.31873738e-005 4.83195667e-005 3.92658498e-005 3.67028710e-005 3.56334982e-005 2.86445383e-005 2.13517935e-005 
2.50000000e+000 8.75000000e+000 0.00000000e+000 3.40733219e-010 3.72031093e-008 1.39988428e-007 1.90315933e-007 3.48563273e-007 4.11785814e-007 4.40752706e-007 6.25610434e-007 8.06917398e-007 
2.50000000e+000 1.51554446e+001 0.00000000e+000 5.15387730e-009 1.95368854e-007 5.09560592e-007 6.34205107e-007 9.72355159e-007 1.09159508e-006 1.14390768e-006 1.43795166e-006 1.66125005e-006 
2.50000000e+000 1.95655948e+001 0.00000000e+000 3.99965938e-008 6.88672805e-007 1.36725959e-006 1.59275367e-006 2.13619631e-006 2.30738579e-006 2.37943572e-006 2.72486537e-006 2.88229062e-006 
2.50000000e+000 2.31503240e+001 0.00000000e+000 2.22927319e-007 1.97007189e-006 3.10564441e-006 3.42134270e-006 4.09935373e-006 4.28613302e-006 4.36045872e-006 4.61378134e-006 4.52079726e-006 
2.50000000e+000 2.62500000e+001 0.00000000e+000 1.08479511e-006 5.17093188e-006 6.58251368e-006 6.88643987e-006 7.43436353e-006 7.54275340e-006 7.57789664e-006 7.45026854e-006 6.79196898e-006 
2.50000000e+000 2.90204669e+001 0.00000000e+000 4.69964397e-006 1.26720133e-005 1.32343058e-005 1.31987501e-005 1.29385812e-005 1.27664926e-005 1.26776887e-005 1.16410643e-005 9.91598493e-006 
2.50000000e+000 3.15485737e+001 0.00000000e+000 1.85721630e-005 2.93673654e-005 2.54891245e-005 2.43128344e-005 2.17883907e-005 2.09488654e-005 2.05793929e-005 1.77312494e-005 1.41711048e-005 
2.50000000e+000 3.38886043e+001 0.00000000e+000 8.08635774e-005 7.19740090e-005 5.12977495e-005 4.66751265e-005 3.80452021e-005 3.55920229e-005 3.45670184e-005 2.78413529e-005 2.07885709e-005 
0.00000000e+000 8.75000000e+000 1.00000000e+001 1.12068281e-004 7.75400208e-005 4.97996689e-005 4.41571232e-005 3.41911701e-005 3.15203707e-005 3.04246161e-005 2.35902790e-005 1.68149627e-005 
0.00000000e+000 1.51554446e+001 1.00000000e+001 1.41789130e-004 9.70080474e-005 6.22164651e-005 5.51307738e-005 4.25542668e-005 3.91717138e-005 3.77839321e-005 2.91724212e-005 2.07505593e-005 
0.00000000e+000 1.95655948e+001 1.00000000e+001 1.63181896e-004 1.10992048e-004 7.10360686e-005 6.28979355e-005 4.84430016e-005 4.45561498e-005 4.29623400e-005 3.31031849e-005 2.35245031e-005 
0.00000000e+000 2.31503240e+001 1.00000000e+001 1.77554079e-004 1.20433408e-004 7.69895007e-005 6.81445569e-005 5.24351085e-005 4.82127301e-005 4.64818658e-005 3.57886716e-005 2.54250925e-005 
0.00000000e+000 2.62500000e+001 1.00000000e+001 1.88211240e-004 1.27533349e-004 8.14680887e-005 7.20929983e-005 5.54488603e-005 5.09779146e-005 4.91455939e-005 3.78323617e-005 2.68769334e-005 
0.00000000e+000 2.90204669e+001 1.00000000e+001 1.96101418e-004 1.32819518e-004 8.48072673e-005 7.50383841e-005 5.77034674e-005 5.30497931e-005 5.11429423e-005 3.93721259e-005 2.79730030e-005 
0.00000000e+000 3.15485737e+001 1.00000000e+001 2.03126629e-004 1.37544183e-004 8.77658256e-005 7.76411720e-005 5.96856477e-005 5.48691969e-005 5.28961516e-005 4.07211612e-005 2.89314987e-005 
0.00000000e+000 3.38886043e+001 1.00000000e+001 2.11199541e-004 1.42973748e-004 9.11133814e-005 8.05677602e-005 6.18819870e-005 5.68764149e-005 5.48269158e-005 4.21932738e-005 2.99723592e-005 
2.50000000e-001 8.75000000e+000 1.00000000e+001 2.56518947e-005 3.32155124e-005 2.62935569e-005 2.44944981e-005 2.09183133e-005 1.98292265e-005 1.93626389e-005 1.60575272e-005 1.22194267e-005 
2.50000000e-001 1.51554446e+001 1.00000000e+001 3.73982346e-005 4.45397955e-005 3.44963754e-005 3.19700488e-005 2.69838022e-005 2.54807467e-005 2.48400457e-005 2.04006571e-005 1.54128943e-005 
2.50000000e-001 1.95655948e+001 1.00000000e+001 4.92751529e-005 5.45244128e-005 4.13255947e-005 3.81040816e-005 3.18254115e-005 2.99597551e-005 2.91686538e-005 2.37792645e-005 1.78580137e-005 
2.50000000e-001 2.31503240e+001 1.00000000e+001 6.11046133e-005 6.32234046e-005 4.69633018e-005 4.31034156e-005 3.56766475e-005 3.34994848e-005 3.25804774e-005 2.64017048e-005 1.97225613e-005 
2.50000000e-001 2.62500000e+001 1.00000000e+001 7.43114877e-005 7.18779588e-005 5.22913435e-005 4.77665090e-005 3.91768660e-005 3.66936210e-005 3.56501475e-005 2.87210290e-005 2.13405568e-005 
2.50000000e-001 2.90204669e+001 1.00000000e+001 8.95197710e-005 8.08301230e-005 5.75352539e-005 5.22947481e-005 4.24814524e-005 3.96844510e-005 3.85145170e-005 3.08405973e-005 2.27844689e-005 
2.50000000e-001 3.15485737e+001 1.00000000e+001 1.07983889e-004 9.08984003e-005 6.32213388e-005 5.71549799e-005 4.59495182e-005 4.28016479e-005 4.14911810e-005 3.30044299e-005 2.42306259e-005 
2.50000000e-001 3.38886043e+001 1.00000000e+001 1.34673912e-004 1.04472302e-004 7.06425866e-005 6.34380806e-005 5.03369808e-005 4.67185598e-005 4.52207256e-005 3.56690450e-005 2.59822331e-005 
5.00000000e-001 8.75000000e+000 1.00000000e+001 6.25860140e-006 1.45402120e-005 1.40552822e-005 1.37312256e-005 1.28921073e-005 1.25561244e-005 1.23993901e-005 1.09794654e-005 8.90749187e-006 
5.00000000e-001 1.51554446e+001 1.00000000e+001 1.13492816e-005 2.15581658e-005 1.97299908e-005 1.90399640e-005 1.74357850e-005 1.68563711e-005 1.65944781e-005 1.44351884e-005 1.15422602e-005 
5.00000000e-001 1.95655948e+001 1.00000000e+001 1.80271387e-005 2.89496697e-005 2.51952237e-005 2.40370332e-005 2.15215971e-005 2.06743088e-005 2.02995747e-005 1.73963570e-005 1.37309571e-005 
5.00000000e-001 2.31503240e+001 1.00000000e+001 2.64334067e-005 3.66249383e-005 3.04403543e-005 2.87385342e-005 2.52142700e-005 2.40852802e-005 2.35938376e-005 1.99546166e-005 1.55625947e-005 
5.00000000e-001 2.62500000e+001 1.00000000e+001 3.78371108e-005 4.55031878e-005 3.61149999e-005 3.37364800e-005 2.89990323e-005 2.75440372e-005 2.69192584e-005 2.24680800e-005 1.73091577e-005 
5.00000000e-001 2.90204669e+001 1.00000000e+001 5.34602618e-005 5.60423281e-005 4.24617305e-005 3.92374823e-005 3.30235271e-005 3.11835405e-005 3.04029279e-005 2.50300435e-005 1.90348757e-005 
5.00000000e-001 3.15485737e+001 1.00000000e+001 7.53387862e-005 6.91104934e-005 4.99695307e-005 4.56650683e-005 3.76026536e-005 3.52911295e-005 3.43210956e-005 2.78513746e-005 2.08923402e-005 
5.00000000e-001 3.38886043e+001 1.00000000e+001 1.11936064e-004 8.83661759e-005 6.05185671e-005 5.45847394e-005 4.37906799e-005 4.07974735e-005 3.95556797e-005 3.15445634e-005 2.32750354e-005 
7.50000000e-001 8.75000000e+000 1.00000000e+001 1.61486356e-006 6.49673823e-006 7.60327459e-006 7.77631551e-006 8.00249332e-006 8.00156266e-006 7.98862075e-006 7.54058934e-006 6.51314368e-006 
7.50000000e-001 1.51554446e+001 1.00000000e+001 3.78096514e-006 1.08965475e-005 1.15949054e-005 1.16103583e-005 1.14608742e-005 1.13243399e-005 1.12505212e-005 1.03268140e-005 8.71086656e-006 
7.50000000e-001 1.95655948e+001 1.00000000e+001 7.33123755e-006 1.62739962e-005 1.59528581e-005 1.56771138e-005 1.49190134e-005 1.45909745e-005 1.44347422e-005 1.29359851e-005 1.06818399e-005 
7.50000000e-001 2.31503240e+001 1.00000000e+001 1.27397391e-005 2.26524692e-005 2.06480507e-005 1.99532721e-005 1.83774776e-005 1.78102085e-005 1.75534235e-005 1.53979415e-005 1.24667755e-005 
7.50000000e-001 2.62500000e+001 1.00000000e+001 2.13636015e-005 3.08861525e-005 2.62400269e-005 2.49420279e-005 2.22422280e-005 2.13619839e-005 2.09757959e-005 1.80130288e-005 1.42960933e-005 
7.50000000e-001 2.90204669e+001 1.00000000e+001 3.50469247e-005 4.16722934e-005 3.30579271e-005 3.09127140e-005 2.66894942e-005 2.54009366e-005 2.48480845e-005 2.08821385e-005 1.62352220e-005 
7.50000000e-001 3.15485737e+001 1.00000000e+001 5.69375721e-005 5.61762249e-005 4.16750444e-005 3.83434010e-005 3.20490312e-005 3.02219655e-005 2.94515213e-005 2.42108224e-005 1.84277556e-005 
7.50000000e-001 3.38886043e+001 1.00000000e+001 9.90849716e-005 7.93964143e-005 5.45933510e-005 4.93021627e-005 3.96905862e-005 3.70276386e-005 3.59229429e-005 2.87759652e-005 2.13621613e-005 
1.00000000e+000 8.75000000e+000 1.00000000e+001 4.36774058e-007 2.95853753e-006 4.15997312e-006 4.44711883e-006 5.00187364e-006 5.13077567e-006 5.17732365e-006 5.20125876e-006 4.77676546e-006 
1.00000000e+000 1.51554446e+001 1.00000000e+001 1.33676084e-006 5.69898880e-006 6.97301423e-006 7.22581166e-006 7.64943374e-006 7.71415044e-006 7.72964296e-006 7.46277868e-006 6.62197781e-006 
1.00000000e+000 1.95655948e+001 1.00000000e+001 3.16087565e-006 9.52364502e-006 1.04025863e-005 1.05000510e-005 1.05583313e-005 1.04952785e-005 1.04540252e-005 9.75769099e-006 8.39786770e-006 
1.00000000e+000 2.31503240e+001 1.00000000e+001 6.48267472e-006 1.46120394e-005 1.44727292e-005 1.42768556e-005 1.37230068e-005 1.34692894e-005 1.33463257e-005 1.20898378e-005 1.01185286e-005 
1.00000000e+000 2.62500000e+001 1.00000000e+001 1.26581386e-005 2.18415856e-005 1.97228064e-005 1.90324027e-005 1.75145116e-005 1.69805511e-005 1.67401375e-005 1.47266242e-005 1.19874877e-005 
1.00000000e+000 2.90204669e+001 1.00000000e+001 2.39261248e-005 3.21738961e-005 2.66004328e-005 2.51280003e-005 2.21594848e-005 2.12247677e-005 2.08191907e-005 1.77887895e-005 1.40784440e-005 
1.00000000e+000 3.15485737e+001 1.00000000e+001 4.44435527e-005 4.71814512e-005 3.58345307e-005 3.31568116e-005 2.80428645e-005 2.65393729e-005 2.59025279e-005 2.14975316e-005 1.65377333e-005 
1.00000000e+000 3.38886043e+001 1.00000000e+001 8.97295985e-005 7.32389924e-005 5.05709130e-005 4.57077785e-005 3.68615815e-005 3.44088956e-005 3.33913204e-005 2.68001021e-005 1.99522313e-005 
1.25000000e+000 8.75000000e+000 1.00000000e+001 1.22799103e-007 1.37092002e-006 2.30056062e-006 2.56693078e-006 3.14726496e-006 3.30969440e-006 3.37455218e-006 3.60281472e-006 3.51365766e-006 
1.25000000e+000 1.51554446e+001 1.00000000e+001 4.91360625e-007 3.06030004e-006 4.27479240e-006 4.57555979e-006 5.17452724e-006 5.31997946e-006 5.37393990e-006 5.44295879e-006 5.06816128e-006 
1.25000000e+000 1.95655948e+001 1.00000000e+001 1.41180359e-006 5.73226765e-006 6.93781609e-006 7.18045246e-006 7.60025493e-006 7.66958280e-006 7.68794952e-006 7.45174113e-006 6.66457952e-006 
1.25000000e+000 2.31503240e+001 1.00000000e+001 3.40463246e-006 9.68737600e-006 1.03848995e-005 1.04432688e-005 1.04414919e-005 1.03681179e-005 1.03237662e-005 9.62926106e-006 8.30538293e-006 
1.25000000e+000 2.62500000e+001 1.00000000e+001 7.70943866e-006 1.58391014e-005 1.51655373e-005 1.48430228e-005 1.40597297e-005 1.37477289e-005 1.36017986e-005 1.22263710e-005 1.01776739e-005 
1.25000000e+000 2.90204669e+001 1.00000000e+001 1.67105976e-005 2.53875818e-005 2.18540246e-005 2.08437020e-005 1.87435079e-005 1.80561224e-005 1.77539091e-005 1.53917097e-005 1.23685538e-005 
1.25000000e+000 3.15485737e+001 1.00000000e+001 3.53148637e-005 4.03424127e-005 3.13728416e-005 2.91884922e-005 2.49594617e-005 2.36970115e-005 2.31595257e-005 1.93775800e-005 1.50363127e-005 
1.25000000e+000 3.38886043e+001 1.00000000e+001 8.22413940e-005 6.84621582e-005 4.75249406e-005 4.29991454e-005 3.47401495e-005 3.24442832e-005 3.14911233e-005 2.53061532e-005 1.88688922e-005 
1.50000000e+000 8.75000000e+000 1.00000000e+001 3.56293153e-008 6.45323452e-007 1.28509101e-006 1.49469506e-006 1.99298035e-006 2.14727425e-006 2.21162125e-006 2.50582989e-006 2.59202173e-006 
1.50000000e+000 1.51554446e+001 1.00000000e+001 1.85553711e-007 1.67706247e-006 2.66244756e-006 2.93970824e-006 3.54142051e-006 3.70872603e-006 3.77539611e-006 4.00296386e-006 3.90324450e-006 
1.50000000e+000 1.95655948e+001 1.00000000e+001 6.45653902e-007 3.52007942e-006 4.70724226e-006 4.99053690e-006 5.54702715e-006 5.67815871e-006 5.72595501e-006 5.75118600e-006 5.33313416e-006 
1.50000000e+000 2.31503240e+001 1.00000000e+001 1.82582026e-006 6.54324437e-006 7.57893695e-006 7.76433821e-006 8.06052984e-006 8.09218853e-006 8.09473419e-006 7.75972382e-006 6.88253510e-006 
1.50000000e+000 2.62500000e+001 1.00000000e+001 4.78184248e-006 1.16778286e-005 1.18457649e-005 1.17544011e-005 1.14472148e-005 1.12838126e-005 1.12018259e-005 1.02734245e-005 8.72951522e-006 
1.50000000e+000 2.90204669e+001 1.00000000e+001 1.18488873e-005 2.03131931e-005 1.82024493e-005 1.75262103e-005 1.60617791e-005 1.55576085e-005 1.53322461e-005 1.34736617e-005 1.09781444e-005 
1.50000000e+000 3.15485737e+001 1.00000000e+001 2.83942844e-005 3.48790008e-005 2.77806392e-005 2.59902710e-005 2.24689654e-005 2.13989485e-005 2.09406868e-005 1.76549727e-005 1.38057919e-005 
1.50000000e+000 3.38886043e+001 1.00000000e+001 7.59742894e-005 6.44992050e-005 4.50458697e-005 4.08075259e-005 3.30427951e-005 3.08764106e-005 2.99760275e-005 2.41180035e-005 1.80036108e-005 
1.75000000e+000 8.75000000e+000 1.00000000e+001 1.06054090e-008 3.08082622e-007 7.24578666e-007 8.77519280e-007 1.26972552e-006 1.40078979e-006 1.45709863e-006 1.74976199e-006 1.91752236e-006 
1.75000000e+000 1.51554446e+001 1.00000000e+001 7.14816178e-008 9.33645993e-007 1.67991276e-006 1.91170057e-006 2.44823897e-006 2.60992715e-006 2.67670922e-006 2.96597212e-006 3.02337500e-006 
1.75000000e+000 1.95655948e+001 1.00000000e+001 3.00382722e-007 2.19369012e-006 3.23633337e-006 3.51271809e-006 4.09410898e-006 4.24900763e-006 4.30954176e-006 4.47878609e-006 4.29891265e-006 
1.75000000e+000 2.31503240e+001 1.00000000e+001 9.94049609e-007 4.47886620e-006 5.60077134e-006 5.84337040e-006 6.29276797e-006 6.38484120e-006 6.41523648e-006 6.31309967e-006 5.74967702e-006 
1.75000000e+000 2.62500000e+001 1.00000000e+001 3.00560723e-006 8.71079709e-006 9.35734556e-006 9.41223619e-006 9.41906545e-006 9.35767732e-006 9.32014007e-006 8.71422575e-006 7.54981970e-006 
1.75000000e+000 2.90204669e+001 1.00000000e+001 8.49509219e-006 1.64111697e-005 1.53066032e-005 1.48777700e-005 1.38931311e-005 1.35295428e-005 1.33634349e-005 1.18986689e-005 9.82269201e-006 
1.75000000e+000 3.15485737e+001 1.00000000e+001 2.30286312e-005 3.03857044e-005 2.47899256e-005 2.33228392e-005 2.03867931e-005 1.94765945e-005 1.90841618e-005 1.62109359e-005 1.27701583e-005 
1.75000000e+000 3.38886043e+001 1.00000000e+001 7.05937112e-005 6.10830931e-005 4.29335108e-005 3.89487064e-005 3.16189513e-005 2.95655521e-005 2.87110163e-005 2.31328605e-005 1.72883330e-005 
2.00000000e+000 8.75000000e+000 1.00000000e+001 3.22343375e-009 1.48942067e-007 4.12081830e-007 5.19142009e-007 8.13611458e-007 9.18609087e-007 9.64819548e-007 1.22648515e-006 1.42243266e-006 
2.00000000e+000 1.51554446e+001 1.00000000e+001 2.79677441e-008 5.26284640e-007 1.07134907e-006 1.25578982e-006 1.70720345e-006 1.85173633e-006 1.91291964e-006 2.21228770e-006 2.35415209e-006 
2.00000000e+000 1.95655948e+001 1.00000000e+001 1.41610503e-007 1.38250996e-006 2.24816507e-006 2.49739395e-006 3.04943359e-006 3.20763207e-006 3.27164821e-006 3.51459242e-006 3.48741482e-006 
2.00000000e+000 2.31503240e+001 1.00000000e+001 5.47529503e-007 3.09661435e-006 4.17845907e-006 4.43889887e-006 4.95617815e-006 5.08124587e-006 5.12762718e-006 5.17635845e-006 4.83613090e-006 
2.00000000e+000 2.62500000e+001 1.00000000e+001 1.90867539e-006 6.55449105e-006 7.45397244e-006 7.59964713e-006 7.81289231e-006 7.82217358e-006 7.81591346e-006 7.44698070e-006 6.57396671e-006 
2.00000000e+000 2.90204669e+001 1.00000000e+001 6.14327410e-006 1.33546789e-005 1.29621874e-005 1.27183022e-005 1.21010687e-005 1.18474921e-005 1.17280506e-005 1.05786558e-005 8.84487010e-006 
2.00000000e+000 3.15485737e+001 1.00000000e+001 1.88041204e-005 2.66208531e-005 2.22446882e-005 2.10466108e-005 1.86030950e-005 1.78285616e-005 1.74921244e-005 1.49709250e-005 1.18792201e-005 
2.00000000e+000 3.38886043e+001 1.00000000e+001 6.58970433e-005 5.80680009e-005 4.10797030e-005 3.73223814e-005 3.03838377e-005 2.84318797e-005 2.76184317e-005 2.22887347e-005 1.66794986e-005 
2.25000000e+000 8.75000000e+000 1.00000000e+001 9.96745940e-010 7.28148560e-008 2.36227520e-007 3.09317101e-007 5.24186726e-007 6.05403548e-007 6.41911370e-007 8.62854031e-007 1.05798051e-006 
2.25000000e+000 1.51554446e+001 1.00000000e+001 1.10811794e-008 2.99649616e-007 6.89311756e-007 8.31917887e-007 1.19933846e-006 1.32312890e-006 1.37656665e-006 1.65991099e-006 1.84182871e-006 
2.25000000e+000 1.95655948e+001 1.00000000e+001 6.74752327e-008 8.79015631e-007 1.57462842e-006 1.78985939e-006 2.28836365e-006 2.43912946e-006 2.50157152e-006 2.77587970e-006 2.84488554e-006 
2.25000000e+000 2.31503240e+001 1.00000000e+001 3.04415378e-007 2.15776055e-006 3.14061007e-006 3.39679409e-006 3.93098715e-006 4.07179903e-006 4.12658797e-006 4.27157082e-006 4.09122268e-006 
2.25000000e+000 2.62500000e+001 1.00000000e+001 1.22218992e-006 4.96573041e-006 5.97653041e-006 6.17578400e-006 6.52148490e-006 6.57947033e-006 6.59520796e-006 6.40208642e-006 5.75619632e-006 
2.25000000e+000 2.90204669e+001 1.00000000e+001 4.47374368e-006 1.09290340e-005 1.10363443e-005 1.09308573e-005 1.05964959e-005 1.04298699e-005 1.03476042e-005 9.45451418e-006 8.00487657e-006 
2.25000000e+000 3.15485737e+001 1.00000000e+001 1.54400528e-005 2.34255435e-005 2.00457204e-005 1.90733002e-005 1.70483586e-005 1.63904247e-005 1.61022649e-005 1.38863827e-005 1.10990323e-005 
2.25000000e+000 3.38886043e+001 1.00000000e+001 6.17488696e-005 5.53647271e-005 3.94203959e-005 3.58692611e-005 2.92867801e-005 2.74273031e-005 2.66513039e-005 2.15469105e-005 1.61485958e-005 
2.50000000e+000 8.75000000e+000 1.00000000e+001 3.12661013e-010 3.59524988e-008 1.36408988e-007 1.85515518e-007 3.39452256e-007 4.00866161e-007 4.29010664e-007 6.09169856e-007 7.88936756e-007 
2.50000000e+000 1.51554446e+001 1.00000000e+001 4.43696301e-009 1.72024449e-007 4.46797226e-007 5.55050826e-007 8.47955389e-007 9.51235217e-007 9.96576413e-007 1.25200994e-006 1.44725584e-006 
2.50000000e+000 1.95655948e+001 1.00000000e+001 3.24372603e-008 5.62907476e-007 1.11028201e-006 1.29120920e-006 1.72789521e-006 1.86599484e-006 1.92422701e-006 2.20454476e-006 2.33202749e-006 
2.50000000e+000 2.31503240e+001 1.00000000e+001 1.70567831e-007 1.51309550e-006 2.37469431e-006 2.61470786e-006 3.13565396e-006 3.28126057e-006 3.33955349e-006 3.54368289e-006 3.47798205e-006 
2.50000000e+000 2.62500000e+001 1.00000000e+001 7.88049549e-007 3.78295105e-006 4.81697869e-006 5.04461775e-006 5.47099233e-006 5.56188773e-006 5.59290247e-006 5.53048975e-006 5.06340598e-006 
2.50000000e+000 2.90204669e+001 1.00000000e+001 3.27709398e-006 8.98516625e-006 9.43730340e-006 9.43487875e-006 9.31821496e-006 9.22058192e-006 9.16808926e-006 8.48514992e-006 7.27439763e-006 
2.50000000e+000 3.15485737e+001 1.00000000e+001 1.27373373e-005 2.06878912e-005 1.81252514e-005 1.73430846e-005 1.56759931e-005 1.51190222e-005 1.48728252e-005 1.29244573e-005 1.04060501e-005 
2.50000000e+000 3.38886043e+001 1.00000000e+001 5.80524742e-005 5.29139110e-005 3.79145699e-005 3.45516405e-005 2.82956895e-005 2.65212933e-005 2.57797655e-005 2.08823146e-005 1.56765145e-005 
0.00000000e+000 8.75000000e+000 2.00000000e+001 1.23508217e-004 8.49607168e-005 5.37986391e-005 4.74160125e-005 3.61401428e-005 3.31464180e-005 3.19255215e-005 2.44723547e-005 1.73452077e-005 
0.00000000e+000 1.51554446e+001 2.00000000e+001 1.34586384e-004 9.20023487e-005 5.83017306e-005 5.14233025e-005 3.92658986e-005 3.60290724e-005 3.47072925e-005 2.66164301e-005 1.88606831e-005 
0.00000000e+000 1.95655948e+001 2.00000000e+001 1.45559928e-004 9.89897021e-005 6.26739067e-005 5.52734604e-005 4.21934072e-005 3.87095388e-005 3.72866900e-005 2.85791735e-005 2.02421118e-005 
0.00000000e+000 2.31503240e+001 2.00000000e+001 1.57491820e-004 1.06710618e-004 6.74850296e-005 5.94951527e-005 4.53711622e-005 4.16100925e-005 4.00744358e-005 3.06888460e-005 2.17262279e-005 
0.00000000e+000 2.62500000e+001 2.00000000e+001 1.71560015e-004 1.15947403e-004 7.32539405e-005 6.45559526e-005 4.91735927e-005 4.50782647e-005 4.34066892e-005 3.32069920e-005 2.34986031e-005 
0.00000000e+000 2.90204669e+001 2.00000000e+001 1.86559501e-004 1.25850151e-004 7.94364236e-005 6.99766061e-005 5.32400293e-005 4.87853209e-005 4.69677057e-005 3.58951207e-005 2.53901963e-005 
0.00000000e+000 3.15485737e+001 2.00000000e+001 2.02121824e-004 1.36132249e-004 8.58509813e-005 7.55995859e-005 5.74570098e-005 5.26293808e-005 5.06602316e-005 3.86819702e-005 2.73506125e-005 
0.00000000e+000 3.38886043e+001 2.00000000e+001 2.19401757e-004 1.47548938e-004 9.29721192e-005 8.18424397e-005 6.21410825e-005 5.69000539e-005 5.47628873e-005 4.17795100e-005 2.95293248e-005 
2.50000000e-001 8.75000000e+000 2.00000000e+001 2.69576391e-005 3.53992760e-005 2.78148109e-005 2.57964893e-005 2.17531354e-005 2.05330578e-005 2.00142500e-005 1.64443334e-005 1.24698459e-005 
2.50000000e-001 1.51554446e+001 2.00000000e+001 3.47348331e-005 4.16144489e-005 3.19290217e-005 2.94715384e-005 2.46365819e-005 2.31981023e-005 2.25887905e-005 1.84456027e-005 1.39010622e-005 
2.50000000e-001 1.95655948e+001 2.00000000e+001 4.39817463e-005 4.84989026e-005 3.63198296e-005 3.33436351e-005 2.75832404e-005 2.58964669e-005 2.51856145e-005 2.04231718e-005 1.52942173e-005 
2.50000000e-001 2.31503240e+001 2.00000000e+001 5.52747359e-005 5.65332967e-005 4.13611338e-005 3.77660924e-005 3.09057561e-005 2.89267606e-005 2.80970007e-005 2.26204708e-005 1.68333331e-005 
2.50000000e-001 2.62500000e+001 2.00000000e+001 7.00627270e-005 6.66170206e-005 4.76164914e-005 4.32379778e-005 3.49904985e-005 3.26447898e-005 3.16661234e-005 2.53013928e-005 1.87049013e-005 
2.50000000e-001 2.90204669e+001 2.00000000e+001 8.90645841e-005 7.87583611e-005 5.49720179e-005 4.96335629e-005 3.97045180e-005 3.69192567e-005 3.57627971e-005 2.83491924e-005 2.08126819e-005 
2.50000000e-001 3.15485737e+001 2.00000000e+001 1.13414408e-004 9.32257724e-005 6.35014583e-005 5.69998085e-005 4.50590555e-005 4.17546416e-005 4.03890487e-005 3.17552360e-005 2.31424752e-005 
2.50000000e-001 3.38886043e+001 2.00000000e+001 1.49045499e-004 1.12581584e-004 7.45257993e-005 6.64388539e-005 5.17998534e-005 4.78101949e-005 4.61699642e-005 3.59550537e-005 2.59743254e-005 
5.00000000e-001 8.75000000e+000 2.00000000e+001 6.28313997e-006 1.50826548e-005 1.45654893e-005 1.41880106e-005 1.31930385e-005 1.28056111e-005 1.26277616e-005 1.11013893e-005 8.99364818e-006 
5.00000000e-001 1.51554446e+001 2.00000000e+001 1.03674804e-005 1.99106490e-005 1.80792259e-005 1.73822571e-005 1.57751775e-005 1.52106928e-005 1.49585394e-005 1.29465501e-005 1.03366916e-005 
5.00000000e-001 1.95655948e+001 2.00000000e+001 1.61137237e-005 2.57733015e-005 2.21231951e-005 2.10024523e-005 1.86014222e-005 1.78152006e-005 1.74713434e-005 1.48857356e-005 1.17171406e-005 
5.00000000e-001 2.31503240e+001 2.00000000e+001 2.41575497e-005 3.30660656e-005 2.69817854e-005 2.53143621e-005 2.19056118e-005 2.08432532e-005 2.03860197e-005 1.71059610e-005 1.32811454e-005 
5.00000000e-001 2.62500000e+001 2.00000000e+001 3.61152657e-005 4.27828332e-005 3.32615754e-005 3.08498181e-005 2.60904215e-005 2.46634531e-005 2.40572557e-005 1.98769896e-005 1.52181539e-005 
5.00000000e-001 2.90204669e+001 2.00000000e+001 5.38276076e-005 5.55226980e-005 4.11650215e-005 3.77476231e-005 3.11999453e-005 2.92997887e-005 2.85015244e-005 2.31811366e-005 1.74929121e-005 
5.00000000e-001 3.15485737e+001 2.00000000e+001 8.01228189e-005 7.21874747e-005 5.10546535e-005 4.62858262e-005 3.73860932e-005 3.48766120e-005 3.38326883e-005 2.70799223e-005 2.01312635e-005 
5.00000000e-001 3.38886043e+001 2.00000000e+001 1.25812467e-004 9.71893374e-005 6.51177621e-005 5.82671203e-005 4.58335312e-005 4.24310582e-005 4.10299631e-005 3.22370726e-005 2.35462894e-005 
7.50000000e-001 8.75000000e+000 2.00000000e+001 1.55025983e-006 6.56280404e-006 7.72144483e-006 7.88571336e-006 8.06063452e-006 8.03902281e-006 8.01736844e-006 7.52869835e-006 6.50703194e-006 
7.50000000e-001 1.51554446e+001 2.00000000e+001 3.38661128e-006 9.95917031e-006 1.05323257e-005 1.05101464e-005 1.02864561e-005 1.01384243e-005 1.00623015e-005 9.19409237e-006 7.75039754e-006 
7.50000000e-001 1.95655948e+001 2.00000000e+001 6.49832113e-006 1.44882783e-005 1.40049795e-005 1.36899884e-005 1.28733839e-005 1.25481787e-005 1.23973064e-005 1.10388852e-005 9.08948609e-006 
7.50000000e-001 2.31503240e+001 2.00000000e+001 1.15854758e-005 2.05593628e-005 1.83973285e-005 1.76582108e-005 1.60153556e-005 1.54522619e-005 1.52022496e-005 1.32148952e-005 1.06442989e-005 
7.50000000e-001 2.62500000e+001 2.00000000e+001 2.02915036e-005 2.92334193e-005 2.43516262e-005 2.29751550e-005 2.01312163e-005 1.92325755e-005 1.88440313e-005 1.59988917e-005 1.26080862e-005 
7.50000000e-001 2.90204669e+001 2.00000000e+001 3.51207301e-005 4.15537918e-005 3.23197630e-005 2.99906117e-005 2.54097989e-005 2.40410267e-005 2.34603258e-005 1.94566644e-005 1.49980254e-005 
7.50000000e-001 3.15485737e+001 2.00000000e+001 6.04116788e-005 5.90763151e-005 4.29700925e-005 3.92285709e-005 3.21540567e-005 3.01309432e-005 2.92854145e-005 2.37254481e-005 1.78830474e-005 
7.50000000e-001 3.38886043e+001 2.00000000e+001 1.11728413e-004 8.80754072e-005 5.93651175e-005 5.31998590e-005 4.19926314e-005 3.89217274e-005 3.76567562e-005 2.96998026e-005 2.18107725e-005 
1.00000000e+000 8.75000000e+000 2.00000000e+001 4.01078309e-007 2.91157935e-006 4.14122348e-006 4.42706424e-006 4.96005517e-006 5.07894788e-006 5.12123140e-006 5.12858147e-006 4.72255971e-006 
1.00000000e+000 1.51554446e+001 2.00000000e+001 1.16779358e-006 5.15207440e-006 6.28155880e-006 6.48946052e-006 6.81506011e-006 6.85635665e-006 6.86366127e-006 6.59928318e-006 5.85624778e-006 
1.00000000e+000 1.95655948e+001 2.00000000e+001 2.75318780e-006 8.45409064e-006 9.12369391e-006 9.16059813e-006 9.09785140e-006 9.01126805e-006 8.96306110e-006 8.30842101e-006 7.12958554e-006 
1.00000000e+000 2.31503240e+001 2.00000000e+001 5.80668145e-006 1.32631598e-005 1.29299243e-005 1.26701901e-005 1.19868950e-005 1.17098767e-005 1.15807527e-005 1.03877732e-005 8.64541314e-006 
1.00000000e+000 2.62500000e+001 2.00000000e+001 1.18560587e-005 2.06788059e-005 1.83700880e-005 1.76017903e-005 1.59156797e-005 1.53465223e-005 1.50952119e-005 1.31212518e-005 1.06010576e-005 
1.00000000e+000 2.90204669e+001 2.00000000e+001 2.36957536e-005 3.20812776e-005 2.60987059e-005 2.44787789e-005 2.11949646e-005 2.01815744e-005 1.97471584e-005 1.66467375e-005 1.30596759e-005 
1.00000000e+000 3.15485737e+001 2.00000000e+001 4.68075780e-005 4.96555821e-005 3.70924696e-005 3.40753997e-005 2.82839325e-005 2.66023160e-005 2.58961424e-005 2.11808431e-005 1.61355262e-005 
1.00000000e+000 3.38886043e+001 2.00000000e+001 1.01174152e-004 8.15256706e-005 5.52914954e-005 4.96135679e-005 3.92579378e-005 3.64129134e-005 3.52402528e-005 2.78506197e-005 2.05117677e-005 
1.25000000e+000 8.75000000e+000 2.00000000e+001 1.07848021e-007 1.31471596e-006 2.24550144e-006 2.50908650e-006 3.07307163e-006 3.22857101e-006 3.29049358e-006 3.50877906e-006 3.43788446e-006 
1.25000000e+000 1.51554446e+001 2.00000000e+001 4.16647843e-007 2.73286290e-006 3.81822998e-006 4.07683523e-006 4.57744635e-006 4.69572708e-006 4.73922344e-006 4.78241469e-006 4.45657577e-006 
1.25000000e+000 1.95655948e+001 2.00000000e+001 1.20062203e-006 5.05715310e-006 6.07000813e-006 6.25194089e-006 6.53757694e-006 6.57333881e-006 6.57948314e-006 6.33210844e-006 5.64673278e-006 
1.25000000e+000 2.31503240e+001 2.00000000e+001 2.98504472e-006 8.75521830e-006 9.27758104e-006 9.27332016e-006 9.13025229e-006 9.02318768e-006 8.96714395e-006 8.27992483e-006 7.10072479e-006 
1.25000000e+000 2.62500000e+001 2.00000000e+001 7.08539281e-006 1.49333597e-005 1.41291921e-005 1.37415566e-005 1.28013664e-005 1.24505187e-005 1.22909699e-005 1.09165749e-005 9.01994164e-006 
1.25000000e+000 2.90204669e+001 2.00000000e+001 1.62990665e-005 2.52159430e-005 2.14439718e-005 2.03237089e-005 1.79657633e-005 1.72090019e-005 1.68805904e-005 1.44431666e-005 1.15084404e-005 
1.25000000e+000 3.15485737e+001 2.00000000e+001 3.68371668e-005 4.23601434e-005 3.24978558e-005 3.00399846e-005 2.52396556e-005 2.38213294e-005 2.32224716e-005 1.91576774e-005 1.47273085e-005 
1.25000000e+000 3.38886043e+001 2.00000000e+001 9.26182283e-005 7.62993180e-005 5.21041120e-005 4.68217245e-005 3.71458899e-005 3.44774252e-005 3.33763735e-005 2.64206379e-005 1.94959269e-005 
1.50000000e+000 8.75000000e+000 2.00000000e+001 2.99165184e-008 6.03149396e-007 1.23007228e-006 1.43480359e-006 1.91642658e-006 2.06443724e-006 2.12612889e-006 2.41066669e-006 2.51011262e-006 
1.50000000e+000 1.51554446e+001 2.00000000e+001 1.52152005e-007 1.47692318e-006 2.35649088e-006 2.59762253e-006 3.11055905e-006 3.25113550e-006 3.30702026e-006 3.49543098e-006 3.41351288e-006 
1.50000000e+000 1.95655948e+001 2.00000000e+001 5.33733844e-007 3.07720156e-006 4.10127968e-006 4.33055209e-006 4.75988002e-006 4.85537772e-006 4.88929838e-006 4.87665607e-006 4.51002481e-006 
1.50000000e+000 2.31503240e+001 2.00000000e+001 1.56069904e-006 5.86814588e-006 6.75388137e-006 6.88367342e-006 7.04593186e-006 7.04149158e-006 7.03046673e-006 6.67330908e-006 5.88636255e-006 
1.50000000e+000 2.62500000e+001 2.00000000e+001 4.29921870e-006 1.09308133e-005 1.10104836e-005 1.08673600e-005 1.04241206e-005 1.02235371e-005 1.01277696e-005 9.18223945e-006 7.74779604e-006 
1.50000000e+000 2.90204669e+001 2.00000000e+001 1.13588820e-005 2.00499925e-005 1.78209901e-005 1.70660777e-005 1.53981782e-005 1.48356783e-005 1.45878475e-005 1.26604400e-005 1.02351039e-005 
1.50000000e+000 3.15485737e+001 2.00000000e+001 2.92992570e-005 3.64776472e-005 2.87425862e-005 2.67349188e-005 2.27385261e-005 2.15345307e-005 2.10230443e-005 1.74877988e-005 1.35570491e-005 
1.50000000e+000 3.38886043e+001 2.00000000e+001 8.54138332e-005 7.18904378e-005 4.94498824e-005 4.45079813e-005 3.54142092e-005 3.28952106e-005 3.18544574e-005 2.52586952e-005 1.86696628e-005 
1.75000000e+000 8.75000000e+000 2.00000000e+001 8.50991670e-009 2.80647254e-007 6.80223273e-007 8.27350846e-007 1.20254587e-006 1.32748437e-006 1.38118275e-006 1.66294226e-006 1.83801678e-006 
1.75000000e+000 1.51554446e+001 2.00000000e+001 5.65262574e-008 8.09529021e-007 1.47216354e-006 1.67426317e-006 2.13466639e-006 2.27197167e-006 2.32861345e-006 2.57409146e-006 2.63001753e-006 
1.75000000e+000 1.95655948e+001 2.00000000e+001 2.40639020e-007 1.89551079e-006 2.80322735e-006 3.03355694e-006 3.50162919e-006 3.62244925e-006 3.66921727e-006 3.78854927e-006 3.62830560e-006 
1.75000000e+000 2.31503240e+001 2.00000000e+001 8.26207086e-007 3.97569964e-006 4.96822436e-006 5.16273968e-006 5.49135995e-006 5.54840688e-006 5.56507613e-006 5.42603845e-006 4.91725982e-006 
1.75000000e+000 2.62500000e+001 2.00000000e+001 2.63818217e-006 8.07779689e-006 8.66012812e-006 8.67394141e-006 8.56527187e-006 8.47010576e-006 8.41962122e-006 7.78861310e-006 6.70572228e-006 
1.75000000e+000 2.90204669e+001 2.00000000e+001 7.99343182e-006 1.60729584e-005 1.49284035e-005 1.44448610e-005 1.33022570e-005 1.28907268e-005 1.27058775e-005 1.11827353e-005 9.16760918e-006 
1.75000000e+000 3.15485737e+001 2.00000000e+001 2.34890204e-005 3.16200479e-005 2.55870284e-005 2.39492400e-005 2.06211880e-005 1.95969029e-005 1.91588084e-005 1.60695203e-005 1.25596302e-005 
1.75000000e+000 3.38886043e+001 2.00000000e+001 7.92110525e-005 6.80511025e-005 4.71529383e-005 4.25121965e-005 3.39338126e-005 3.15467143e-005 3.05590402e-005 2.42769159e-005 1.79746468e-005 
2.00000000e+000 8.75000000e+000 2.00000000e+001 2.47070992e-009 1.32234715e-007 3.79446249e-007 4.80783933e-007 7.59020460e-007 8.58165166e-007 9.01846433e-007 1.15161980e-006 1.34965928e-006 
2.00000000e+000 1.51554446e+001 2.00000000e+001 2.12858341e-008 4.48604368e-007 9.28750208e-007 1.08929312e-006 1.47715031e-006 1.60031909e-006 1.65241641e-006 1.90818080e-006 2.03715148e-006 
2.00000000e+000 1.95655948e+001 2.00000000e+001 1.09699608e-007 1.17841472e-006 1.93295161e-006 2.14350139e-006 2.59723323e-006 2.72435272e-006 2.77550293e-006 2.96455073e-006 2.93715019e-006 
2.00000000e+000 2.31503240e+001 2.00000000e+001 4.41662821e-007 2.71540232e-006 3.68331932e-006 3.90217689e-006 4.31232409e-006 4.40476857e-006 4.43802227e-006 4.44306712e-006 4.13384911e-006 
2.00000000e+000 2.62500000e+001 2.00000000e+001 1.63330785e-006 6.01253684e-006 6.85869019e-006 6.97094750e-006 7.08587684e-006 7.06498529e-006 7.04688915e-006 6.64980528e-006 5.83924349e-006 
2.00000000e+000 2.90204669e+001 2.00000000e+001 5.66846123e-006 1.29644633e-005 1.25792647e-005 1.22982276e-005 1.15591461e-005 1.12665426e-005 1.11316661e-005 9.93485621e-006 8.25719736e-006 
2.00000000e+000 3.15485737e+001 2.00000000e+001 1.89496842e-005 2.75462394e-005 2.28870565e-005 2.15564800e-005 1.87913712e-005 1.79202276e-005 1.75448659e-005 1.48388372e-005 1.16921352e-005 
2.00000000e+000 3.38886043e+001 2.00000000e+001 7.37913718e-005 6.46406655e-005 4.51157474e-005 4.07453230e-005 3.26312874e-005 3.03631489e-005 2.94233183e-005 2.34222967e-005 1.73736702e-005 
2.25000000e+000 8.75000000e+000 2.00000000e+001 7.29499160e-010 6.30014266e-008 2.13359877e-007 2.81397998e-007 4.81724813e-007 5.57572819e-007 5.91723445e-007 8.00504574e-007 9.93755605e-007 
2.25000000e+000 1.51554446e+001 2.00000000e+001 8.10508428e-009 2.50775832e-007 5.90607449e-007 7.14184829e-007 1.02933748e-006 1.13483857e-006 1.18035746e-006 1.42275669e-006 1.58548679e-006 
2.25000000e+000 1.95655948e+001 2.00000000e+001 5.04636256e-008 7.37921097e-007 1.34208359e-006 1.52495756e-006 1.93915609e-006 2.06224004e-006 2.11301306e-006 2.33373916e-006 2.39034070e-006 
2.25000000e+000 2.31503240e+001 2.00000000e+001 2.37989179e-007 1.86642943e-006 2.74732237e-006 2.96721098e-006 3.40660245e-006 3.51754374e-006 3.56008637e-006 3.65888025e-006 3.49358029e-006 
2.25000000e+000 2.62500000e+001 2.00000000e+001 1.01856700e-006 4.50083306e-006 5.46120335e-006 5.63220846e-006 5.89297410e-006 5.92400908e-006 5.92899404e-006 5.70687854e-006 5.10983111e-006 
2.25000000e+000 2.90204669e+001 2.00000000e+001 4.04518733e-006 1.05084056e-005 1.06484656e-005 1.05182569e-005 1.00898240e-005 9.89147580e-006 9.79654447e-006 8.86599047e-006 7.46997993e-006 
2.25000000e+000 3.15485737e+001 2.00000000e+001 1.53672466e-005 2.40924293e-005 2.05479567e-005 1.94742117e-005 1.71868996e-005 1.64474836e-005 1.61262902e-005 1.37537368e-005 1.09254959e-005 
2.25000000e+000 3.38886043e+001 2.00000000e+001 6.90053927e-005 6.15702637e-005 4.32788932e-005 3.91534001e-005 3.14620763e-005 2.93025627e-005 2.84064376e-005 2.26615907e-005 1.68423924e-005 
2.50000000e+000 8.75000000e+000 2.00000000e+001 2.18429843e-010 3.03121490e-008 1.20848609e-007 1.65790896e-007 3.07320241e-007 3.63996661e-007 3.90026820e-007 5.58432561e-007 7.33629684e-007 
2.50000000e+000 1.51554446e+001 2.00000000e+001 3.11546477e-009 1.41193104e-007 3.78049144e-007 4.71249723e-007 7.21543791e-007 8.09385106e-007 8.47940263e-007 1.06620916e-006 1.23925949e-006 
2.50000000e+000 1.95655948e+001 2.00000000e+001 2.33929182e-008 4.64809690e-007 9.37018202e-007 1.09087982e-006 1.45559744e-006 1.56933774e-006 1.61715391e-006 1.84639461e-006 1.95422779e-006 
2.50000000e+000 2.31503240e+001 2.00000000e+001 1.29107396e-007 1.28954421e-006 2.05916474e-006 2.26716058e-006 2.70394253e-006 2.82236713e-006 2.86935934e-006 3.02707447e-006 2.96545152e-006 
2.50000000e+000 2.62500000e+001 2.00000000e+001 6.39122570e-007 3.38495133e-006 4.36728855e-006 4.57003193e-006 4.92154345e-006 4.98816892e-006 5.00937557e-006 4.91801165e-006 4.48956929e-006 
2.50000000e+000 2.90204669e+001 2.00000000e+001 2.90225106e-006 8.55193298e-006 9.04741277e-006 9.02875798e-006 8.83889938e-006 8.71536402e-006 8.65244828e-006 7.94043879e-006 6.78174847e-006 
2.50000000e+000 3.15485737e+001 2.00000000e+001 1.25173785e-005 2.11404455e-005 1.85030949e-005 1.76449567e-005 1.57651293e-005 1.51396827e-005 1.48655567e-005 1.27854605e-005 1.02394525e-005 
2.50000000e+000 3.38886043e+001 2.00000000e+001 6.47445399e-005 5.87791884e-005 4.16032823e-005 3.77012324e-005 3.03974351e-005 2.83378952e-005 2.74820325e-005 2.19730923e-005 1.63644613e-005 
END