TITLE="4SB_DE.dat"
VARIABLES= "Density" "dY" "Height" "0.1053" "0.356" "0.6617" "0.7889" "1.1732" "1.3325" "1.408" "2" "3" 
ZONE T="3D Data" I=11 J=10 K=3 F=POINT
0.00000000e+000 0.00000000e+000 0.00000000e+000 2.22273924e-004 1.50924434e-004 9.70408830e-005 8.60702842e-005 6.65652795e-005 6.13046583e-005 5.91441513e-005 4.57107528e-005 3.25615032e-005 
0.00000000e+000 3.50000000e+000 0.00000000e+000 2.22354247e-004 1.50953684e-004 9.70314867e-005 8.60533546e-005 6.65359847e-005 6.12728415e-005 5.91114858e-005 4.56771199e-005 3.25341584e-005 
0.00000000e+000 7.00000000e+000 0.00000000e+000 2.22633394e-004 1.51030292e-004 9.70080590e-005 8.60094059e-005 6.64569176e-005 6.11863659e-005 5.90224844e-005 4.55845884e-005 3.24587710e-005 
0.00000000e+000 1.05000000e+001 0.00000000e+000 2.22547481e-004 1.50788739e-004 9.67361659e-005 8.57321196e-005 6.61724170e-005 6.09031523e-005 5.87406110e-005 4.53300593e-005 3.22629364e-005 
0.00000000e+000 1.40000000e+001 0.00000000e+000 2.21745027e-004 1.50056914e-004 9.61243936e-005 8.51411773e-005 6.56181868e-005 6.03630764e-005 5.82075114e-005 4.48672837e-005 3.19135042e-005 
0.00000000e+000 1.75000000e+001 0.00000000e+000 2.19828673e-004 1.48559794e-004 9.49694438e-005 8.40491092e-005 6.46407450e-005 5.94238217e-005 5.72856930e-005 4.40905777e-005 3.13360046e-005 
0.00000000e+000 2.10000000e+001 0.00000000e+000 2.15237833e-004 1.45236052e-004 9.25943012e-005 8.18640372e-005 6.28073774e-005 5.76956802e-005 5.56028496e-005 4.27279715e-005 3.03425862e-005 
0.00000000e+000 2.45000000e+001 0.00000000e+000 2.06944911e-004 1.39451290e-004 8.86840109e-005 7.83371759e-005 5.99781414e-005 5.50632584e-005 5.30528179e-005 4.07165484e-005 2.88932302e-005 
0.00000000e+000 2.80000000e+001 0.00000000e+000 1.95515661e-004 1.31585011e-004 8.35113043e-005 7.37170526e-005 5.63532633e-005 5.17122002e-005 4.98150591e-005 3.81954063e-005 2.70860752e-005 
0.00000000e+000 3.15000000e+001 0.00000000e+000 1.82829786e-004 1.22877414e-004 7.78430292e-005 6.86741135e-005 5.24329225e-005 4.80978595e-005 4.63267708e-005 3.54941776e-005 2.51544179e-005 
2.50000000e-001 0.00000000e+000 0.00000000e+000 9.39031133e-005 8.69932747e-005 6.30825322e-005 5.76437535e-005 4.73761854e-005 4.44119921e-005 4.31655339e-005 3.48512119e-005 2.59281990e-005 
2.50000000e-001 3.50000000e+000 0.00000000e+000 9.40120237e-005 8.70661948e-005 6.31124848e-005 5.76642891e-005 4.73794779e-005 4.44109121e-005 4.31627592e-005 3.48410099e-005 2.59164925e-005 
2.50000000e-001 7.00000000e+000 0.00000000e+000 9.43758665e-005 8.72997591e-005 6.32189628e-005 5.77418721e-005 4.74030908e-005 4.44206147e-005 4.31670369e-005 3.48206646e-005 2.58890065e-005 
2.50000000e-001 1.05000000e+001 0.00000000e+000 9.48294380e-005 8.75243635e-005 6.32695507e-005 5.77543365e-005 4.73456149e-005 4.43459592e-005 4.30858899e-005 3.47156553e-005 2.57902345e-005 
2.50000000e-001 1.40000000e+001 0.00000000e+000 9.52355742e-005 8.76298806e-005 6.31933873e-005 5.76371044e-005 4.71519109e-005 4.41344885e-005 4.28680472e-005 3.44837631e-005 2.55889989e-005 
2.50000000e-001 1.75000000e+001 0.00000000e+000 9.54041045e-005 8.74280805e-005 6.28377630e-005 5.72452505e-005 4.66956459e-005 4.36669368e-005 4.23974388e-005 3.40321715e-005 2.52178787e-005 
2.50000000e-001 2.10000000e+001 0.00000000e+000 9.45893350e-005 8.62367038e-005 6.17069344e-005 5.61311190e-005 4.56285691e-005 4.26243964e-005 4.13673372e-005 3.31284326e-005 2.45112846e-005 
2.50000000e-001 2.45000000e+001 0.00000000e+000 9.17871308e-005 8.33454807e-005 5.94103479e-005 5.39743256e-005 4.37516384e-005 4.08370449e-005 3.96192093e-005 3.16711101e-005 2.34046221e-005 
2.50000000e-001 2.80000000e+001 0.00000000e+000 8.70449518e-005 7.88556870e-005 5.60657052e-005 5.08933578e-005 4.11781570e-005 3.84144575e-005 3.72607627e-005 2.97513575e-005 2.19669818e-005 
2.50000000e-001 3.15000000e+001 0.00000000e+000 8.11214676e-005 7.34677462e-005 5.21685058e-005 4.73356122e-005 3.82639871e-005 3.56865937e-005 3.46112255e-005 2.76208436e-005 2.03844969e-005 
5.00000000e-001 0.00000000e+000 0.00000000e+000 5.64804466e-005 5.84646692e-005 4.51029061e-005 4.19337594e-005 3.57949588e-005 3.39502192e-005 3.31622463e-005 2.76034246e-005 2.12082837e-005 
5.00000000e-001 3.50000000e+000 0.00000000e+000 5.65468721e-005 5.85228209e-005 4.51341014e-005 4.19584258e-005 3.58067182e-005 3.39583867e-005 3.31689665e-005 2.76028626e-005 2.12043096e-005 
5.00000000e-001 7.00000000e+000 0.00000000e+000 5.67633409e-005 5.87093210e-005 4.52435858e-005 4.20479531e-005 3.58556425e-005 3.39957838e-005 3.32016904e-005 2.76114150e-005 2.12000560e-005 
5.00000000e-001 1.05000000e+001 0.00000000e+000 5.70477141e-005 5.89336126e-005 4.53515510e-005 4.21262095e-005 3.58737336e-005 3.39971637e-005 3.31963926e-005 2.75745152e-005 2.11526641e-005 
5.00000000e-001 1.40000000e+001 0.00000000e+000 5.73375755e-005 5.91312768e-005 4.54101209e-005 4.21478808e-005 3.58189953e-005 3.39215963e-005 3.31126670e-005 2.74569805e-005 2.10348855e-005 
5.00000000e-001 1.75000000e+001 0.00000000e+000 5.75259362e-005 5.91806041e-005 4.53108680e-005 4.20067876e-005 3.55922891e-005 3.36736245e-005 3.28568609e-005 2.71805027e-005 2.07876682e-005 
5.00000000e-001 2.10000000e+001 0.00000000e+000 5.72324663e-005 5.86410180e-005 4.46928619e-005 4.13669883e-005 3.49164640e-005 3.29953533e-005 3.21793035e-005 2.65488570e-005 2.02666425e-005 
5.00000000e-001 2.45000000e+001 0.00000000e+000 5.56940398e-005 5.68822536e-005 4.31775659e-005 3.99094738e-005 3.35803138e-005 3.17028382e-005 3.09067685e-005 2.54455416e-005 1.93953837e-005 
5.00000000e-001 2.80000000e+001 0.00000000e+000 5.28864917e-005 5.39145661e-005 4.08137152e-005 3.76905789e-005 3.16495175e-005 2.98624026e-005 2.91055421e-005 2.39315636e-005 1.82232145e-005 
5.00000000e-001 3.15000000e+001 0.00000000e+000 4.92567943e-005 5.01918863e-005 3.79470164e-005 3.50289275e-005 2.93889063e-005 2.77228921e-005 2.70177371e-005 2.22044082e-005 1.69014476e-005 
7.50000000e-001 0.00000000e+000 0.00000000e+000 4.00806060e-005 4.34354185e-005 3.45933710e-005 3.24813350e-005 2.83735004e-005 2.71150264e-005 2.65725559e-005 2.25833189e-005 1.77625894e-005 
7.50000000e-001 3.50000000e+000 0.00000000e+000 4.01265092e-005 4.34788350e-005 3.46191285e-005 3.25027116e-005 2.83859248e-005 2.71248399e-005 2.65812964e-005 2.25863043e-005 1.77622701e-005 
7.50000000e-001 7.00000000e+000 0.00000000e+000 4.02752041e-005 4.36168832e-005 3.47092345e-005 3.25797667e-005 2.84351869e-005 2.71657592e-005 2.66187593e-005 2.26046654e-005 1.77685374e-005 
7.50000000e-001 1.05000000e+001 0.00000000e+000 4.04691807e-005 4.37915727e-005 3.48108036e-005 3.26612561e-005 2.84735152e-005 2.71912390e-005 2.66389622e-005 2.25975183e-005 1.77478491e-005 
7.50000000e-001 1.40000000e+001 0.00000000e+000 4.06678032e-005 4.39610255e-005 3.48909061e-005 3.27153291e-005 2.84695596e-005 2.71700945e-005 2.66108507e-005 2.25364068e-005 1.76771078e-005 
7.50000000e-001 1.75000000e+001 0.00000000e+000 4.07917005e-005 4.40393924e-005 3.48705557e-005 3.26630299e-005 2.83456047e-005 2.70262581e-005 2.64592821e-005 2.23559838e-005 1.75052609e-005 
7.50000000e-001 2.10000000e+001 0.00000000e+000 4.06172820e-005 4.37293021e-005 3.44820009e-005 3.22487834e-005 2.78799956e-005 2.65505801e-005 2.59806116e-005 2.18908836e-005 1.71068958e-005 
7.50000000e-001 2.45000000e+001 0.00000000e+000 3.95509292e-005 4.24938400e-005 3.33819305e-005 3.11775995e-005 2.68682807e-005 2.55623285e-005 2.50035477e-005 2.10214446e-005 1.64010716e-005 
7.50000000e-001 2.80000000e+001 0.00000000e+000 3.75619145e-005 4.03141308e-005 3.15880714e-005 2.94757250e-005 2.53497138e-005 2.41029412e-005 2.35701900e-005 1.97895575e-005 1.54235891e-005 
7.50000000e-001 3.15000000e+001 0.00000000e+000 3.49727500e-005 3.75209545e-005 2.93599497e-005 2.73849181e-005 2.35304951e-005 2.23678386e-005 2.18713813e-005 1.83546209e-005 1.42998701e-005 
1.00000000e+000 0.00000000e+000 0.00000000e+000 3.09968914e-005 3.44104406e-005 2.78971474e-005 2.63469154e-005 2.33464265e-005 2.24202516e-005 2.20190961e-005 1.89803399e-005 1.51834450e-005 
1.00000000e+000 3.50000000e+000 0.00000000e+000 3.10319007e-005 3.44439800e-005 2.79177177e-005 2.63643198e-005 2.33573781e-005 2.24293033e-005 2.20273621e-005 1.89842771e-005 1.51847113e-005 
1.00000000e+000 7.00000000e+000 0.00000000e+000 3.11463472e-005 3.45504020e-005 2.79897086e-005 2.64270750e-005 2.34004119e-005 2.24663194e-005 2.20618642e-005 1.90044317e-005 1.51951000e-005 
1.00000000e+000 1.05000000e+001 0.00000000e+000 3.12947407e-005 3.46864858e-005 2.80744449e-005 2.64976687e-005 2.34400601e-005 2.24964732e-005 2.20880676e-005 1.90092594e-005 1.51878843e-005 
1.00000000e+000 1.40000000e+001 0.00000000e+000 3.14440971e-005 3.48209863e-005 2.81476242e-005 2.65525083e-005 2.34524314e-005 2.24956818e-005 2.20818460e-005 1.89757850e-005 1.51436686e-005 
1.00000000e+000 1.75000000e+001 0.00000000e+000 3.15285813e-005 3.48871670e-005 2.81486794e-005 2.65305343e-005 2.33754488e-005 2.24024687e-005 2.19821630e-005 1.88492847e-005 1.50184065e-005 
1.00000000e+000 2.10000000e+001 0.00000000e+000 3.14003401e-005 3.46733899e-005 2.78734016e-005 2.62329360e-005 2.30296110e-005 2.20455021e-005 2.16213982e-005 1.84898134e-005 1.47030643e-005 
1.00000000e+000 2.45000000e+001 0.00000000e+000 3.05786282e-005 3.37213721e-005 2.70159040e-005 2.53932058e-005 2.22239130e-005 2.12540460e-005 2.08369516e-005 1.77803621e-005 1.41162974e-005 
1.00000000e+000 2.80000000e+001 0.00000000e+000 2.90357563e-005 3.20037785e-005 2.55797747e-005 2.40227452e-005 2.09826657e-005 2.00549661e-005 1.96565592e-005 1.67505506e-005 1.32845883e-005 
1.00000000e+000 3.15000000e+001 0.00000000e+000 2.70261552e-005 2.97821614e-005 2.37719501e-005 2.23151726e-005 1.94731441e-005 1.86075636e-005 1.82361314e-005 1.55325666e-005 1.23139138e-005 
1.25000000e+000 0.00000000e+000 0.00000000e+000 2.52406799e-005 2.84466294e-005 2.33192905e-005 2.21049373e-005 1.97703828e-005 1.90480670e-005 1.87344275e-005 1.63077369e-005 1.32064333e-005 
1.25000000e+000 3.50000000e+000 0.00000000e+000 2.52690237e-005 2.84736506e-005 2.33359363e-005 2.21190974e-005 1.97795642e-005 1.90558024e-005 1.87415671e-005 1.63115919e-005 1.32082617e-005 
1.25000000e+000 7.00000000e+000 0.00000000e+000 2.53629293e-005 2.85600918e-005 2.33945317e-005 2.21704519e-005 1.98157971e-005 1.90874813e-005 1.87713479e-005 1.63304843e-005 1.32196690e-005 
1.25000000e+000 1.05000000e+001 0.00000000e+000 2.54848080e-005 2.86704848e-005 2.34643557e-005 2.22294036e-005 1.98512514e-005 1.91157329e-005 1.87965971e-005 1.63392760e-005 1.32189126e-005 
1.25000000e+000 1.40000000e+001 0.00000000e+000 2.56050728e-005 2.87788455e-005 2.35259855e-005 2.22772618e-005 1.98670045e-005 1.91213753e-005 1.87980400e-005 1.63191745e-005 1.31896631e-005 
1.25000000e+000 1.75000000e+001 0.00000000e+000 2.56669846e-005 2.88296193e-005 2.35304934e-005 2.22647061e-005 1.98121594e-005 1.90536382e-005 1.87251040e-005 1.62238541e-005 1.30937587e-005 
1.25000000e+000 2.10000000e+001 0.00000000e+000 2.55641804e-005 2.86645048e-005 2.33174850e-005 2.20332288e-005 1.95390571e-005 1.87702872e-005 1.84381015e-005 1.59340036e-005 1.28360692e-005 
1.25000000e+000 2.45000000e+001 0.00000000e+000 2.48943503e-005 2.78873938e-005 2.26146214e-005 2.13431706e-005 1.88716354e-005 1.81126141e-005 1.77853298e-005 1.53378879e-005 1.23370782e-005 
1.25000000e+000 2.80000000e+001 0.00000000e+000 2.36336874e-005 2.64695289e-005 2.14189900e-005 2.01984531e-005 1.78255496e-005 1.70987588e-005 1.67858096e-005 1.44571267e-005 1.16167869e-005 
1.25000000e+000 3.15000000e+001 0.00000000e+000 2.19920862e-005 2.46286808e-005 1.99032037e-005 1.87608051e-005 1.65412681e-005 1.58628129e-005 1.55709272e-005 1.34040722e-005 1.07663844e-005 
1.50000000e+000 0.00000000e+000 0.00000000e+000 2.12706970e-005 2.42253378e-005 2.00110634e-005 1.90171554e-005 1.71181360e-005 1.65302348e-005 1.62745943e-005 1.42653565e-005 1.16569904e-005 
1.50000000e+000 3.50000000e+000 0.00000000e+000 2.12945402e-005 2.42478593e-005 2.00248524e-005 1.90288706e-005 1.71257657e-005 1.65367027e-005 1.62805874e-005 1.42687739e-005 1.16588956e-005 
1.50000000e+000 7.00000000e+000 0.00000000e+000 2.13745687e-005 2.43210611e-005 2.00739733e-005 1.90718544e-005 1.71562509e-005 1.65635183e-005 1.63058867e-005 1.42854911e-005 1.16699145e-005 
1.50000000e+000 1.05000000e+001 0.00000000e+000 2.14790142e-005 2.44142541e-005 2.01325214e-005 1.91213580e-005 1.71866584e-005 1.65881798e-005 1.63281662e-005 1.42948168e-005 1.16719658e-005 
1.50000000e+000 1.40000000e+001 0.00000000e+000 2.15802469e-005 2.45042722e-005 2.01838932e-005 1.91616256e-005 1.72013380e-005 1.65948338e-005 1.63314891e-005 1.42810629e-005 1.16511689e-005 
1.50000000e+000 1.75000000e+001 0.00000000e+000 2.16284737e-005 2.45429599e-005 2.01868443e-005 1.91512600e-005 1.71574293e-005 1.65405662e-005 1.62730292e-005 1.42044591e-005 1.15742056e-005 
1.50000000e+000 2.10000000e+001 0.00000000e+000 2.15424824e-005 2.44067781e-005 2.00118553e-005 1.89608332e-005 1.69314573e-005 1.63055894e-005 1.60347898e-005 1.39623683e-005 1.13576467e-005 
1.50000000e+000 2.45000000e+001 0.00000000e+000 2.09771051e-005 2.37485317e-005 1.94151525e-005 1.83742527e-005 1.63617164e-005 1.57431989e-005 1.54761449e-005 1.34493035e-005 1.09249389e-005 
1.50000000e+000 2.80000000e+001 0.00000000e+000 1.99118239e-005 2.25404367e-005 1.83908702e-005 1.73916042e-005 1.54587065e-005 1.48661711e-005 1.46106919e-005 1.26815713e-005 1.02915246e-005 
1.50000000e+000 3.15000000e+001 0.00000000e+000 1.85246191e-005 2.09697413e-005 1.70876790e-005 1.61522410e-005 1.43436862e-005 1.37903759e-005 1.35520208e-005 1.17567324e-005 9.53718322e-006 
1.75000000e+000 0.00000000e+000 0.00000000e+000 1.83693475e-005 2.10837940e-005 1.75147180e-005 1.66758760e-005 1.50813448e-005 1.45876370e-005 1.43727437e-005 1.26629711e-005 1.04177316e-005 
1.75000000e+000 3.50000000e+000 0.00000000e+000 1.83899366e-005 2.11030562e-005 1.75264034e-005 1.66857637e-005 1.50877267e-005 1.45930403e-005 1.43777505e-005 1.26658766e-005 1.04195007e-005 
1.75000000e+000 7.00000000e+000 0.00000000e+000 1.84598625e-005 2.11669233e-005 1.75687505e-005 1.67226610e-005 1.51137142e-005 1.46159003e-005 1.43993308e-005 1.26803722e-005 1.04295757e-005 
1.75000000e+000 1.05000000e+001 0.00000000e+000 1.85518218e-005 2.12480875e-005 1.76190374e-005 1.67650091e-005 1.51396468e-005 1.46370054e-005 1.44184515e-005 1.26889086e-005 1.04325878e-005 
1.75000000e+000 1.40000000e+001 0.00000000e+000 1.86396332e-005 2.13250304e-005 1.76623602e-005 1.67988626e-005 1.51520489e-005 1.46427714e-005 1.44214768e-005 1.26780814e-005 1.04165773e-005 
1.75000000e+000 1.75000000e+001 0.00000000e+000 1.86790392e-005 2.13550379e-005 1.76628464e-005 1.67884087e-005 1.51139513e-005 1.45961307e-005 1.43713829e-005 1.26132398e-005 1.03521814e-005 
1.75000000e+000 2.10000000e+001 0.00000000e+000 1.86052790e-005 2.12382951e-005 1.75133037e-005 1.66256438e-005 1.49204525e-005 1.43947592e-005 1.41671423e-005 1.24052419e-005 1.01657878e-005 
1.75000000e+000 2.45000000e+001 0.00000000e+000 1.81164956e-005 2.06665453e-005 1.69939429e-005 1.61146699e-005 1.44228916e-005 1.39031188e-005 1.36785472e-005 1.19549945e-005 9.78430790e-006 
1.75000000e+000 2.80000000e+001 0.00000000e+000 1.71947565e-005 1.96137256e-005 1.60976394e-005 1.52535916e-005 1.36286048e-005 1.31305924e-005 1.29157242e-005 1.12752021e-005 9.21993661e-006 
1.75000000e+000 3.15000000e+001 0.00000000e+000 1.59939591e-005 1.82442396e-005 1.49553496e-005 1.41652049e-005 1.26445269e-005 1.21794019e-005 1.19789039e-005 1.04521235e-005 8.54350967e-006 
2.00000000e+000 0.00000000e+000 0.00000000e+000 1.61577318e-005 1.86560426e-005 1.55661343e-005 1.48420475e-005 1.34715360e-005 1.30471498e-005 1.28622828e-005 1.13766389e-005 9.40822072e-006 
2.00000000e+000 3.50000000e+000 0.00000000e+000 1.61758491e-005 1.86728483e-005 1.55762321e-005 1.48505486e-005 1.34769378e-005 1.30516976e-005 1.28664873e-005 1.13790654e-005 9.40977527e-006 
2.00000000e+000 7.00000000e+000 0.00000000e+000 1.62380568e-005 1.87297548e-005 1.56135886e-005 1.48829427e-005 1.34994802e-005 1.30714624e-005 1.28851246e-005 1.13915978e-005 9.41876198e-006 
2.00000000e+000 1.05000000e+001 0.00000000e+000 1.63205356e-005 1.88020887e-005 1.56577712e-005 1.49199299e-005 1.35217952e-005 1.30895458e-005 1.29014829e-005 1.13989575e-005 9.42184569e-006 
2.00000000e+000 1.40000000e+001 0.00000000e+000 1.63983766e-005 1.88693863e-005 1.56949541e-005 1.49487277e-005 1.35318831e-005 1.30939358e-005 1.29035344e-005 1.13894243e-005 9.40856367e-006 
2.00000000e+000 1.75000000e+001 0.00000000e+000 1.64318059e-005 1.88932344e-005 1.56932472e-005 1.49376518e-005 1.34972100e-005 1.30520095e-005 1.28586870e-005 1.13323791e-005 9.35278070e-006 
2.00000000e+000 2.10000000e+001 0.00000000e+000 1.63674575e-005 1.87906975e-005 1.55620358e-005 1.47948374e-005 1.33273387e-005 1.28751873e-005 1.26793292e-005 1.11496577e-005 9.18912534e-006 
2.00000000e+000 2.45000000e+001 0.00000000e+000 1.59373636e-005 1.82850257e-005 1.51016797e-005 1.43415995e-005 1.28851910e-005 1.24380069e-005 1.22447244e-005 1.07483113e-005 8.84811626e-006 
2.00000000e+000 2.80000000e+001 0.00000000e+000 1.51256060e-005 1.73520170e-005 1.43046240e-005 1.35750316e-005 1.21761005e-005 1.17476384e-005 1.15627117e-005 1.01385465e-005 8.33960201e-006 
2.00000000e+000 3.15000000e+001 0.00000000e+000 1.40672738e-005 1.61381241e-005 1.32880738e-005 1.26051087e-005 1.12959191e-005 1.08957277e-005 1.07231603e-005 9.39777233e-006 7.72729000e-006 
2.25000000e+000 0.00000000e+000 0.00000000e+000 1.44169914e-005 1.67243330e-005 1.40036612e-005 1.33677724e-005 1.21686103e-005 1.17972434e-005 1.16353602e-005 1.03233718e-005 8.57228262e-006 
2.25000000e+000 3.50000000e+000 0.00000000e+000 1.44331612e-005 1.67392279e-005 1.40125295e-005 1.33751990e-005 1.21732422e-005 1.18011116e-005 1.16389228e-005 1.03253845e-005 8.57360783e-006 
2.25000000e+000 7.00000000e+000 0.00000000e+000 1.44892746e-005 1.67907056e-005 1.40460793e-005 1.34041691e-005 1.21931392e-005 1.18184741e-005 1.16552621e-005 1.03362814e-005 8.58154754e-006 
2.25000000e+000 1.05000000e+001 0.00000000e+000 1.45642557e-005 1.68562701e-005 1.40856468e-005 1.34370933e-005 1.22126203e-005 1.18341308e-005 1.16693698e-005 1.03424673e-005 8.58431345e-006 
2.25000000e+000 1.40000000e+001 0.00000000e+000 1.46344095e-005 1.69161997e-005 1.41181289e-005 1.34619713e-005 1.22207154e-005 1.18371834e-005 1.16703650e-005 1.03334763e-005 8.57260949e-006 
2.25000000e+000 1.75000000e+001 0.00000000e+000 1.46636259e-005 1.69356304e-005 1.41147421e-005 1.34503105e-005 1.21883282e-005 1.17984725e-005 1.16291183e-005 1.02819051e-005 8.52294630e-006 
2.25000000e+000 2.10000000e+001 0.00000000e+000 1.46067877e-005 1.68440797e-005 1.39974936e-005 1.33226734e-005 1.20364557e-005 1.16403766e-005 1.14687541e-005 1.01185841e-005 8.37688909e-006 
2.25000000e+000 2.45000000e+001 0.00000000e+000 1.42231317e-005 1.63907117e-005 1.35837786e-005 1.29150820e-005 1.16382176e-005 1.12464087e-005 1.10770185e-005 9.75628974e-006 8.06850934e-006 
2.25000000e+000 2.80000000e+001 0.00000000e+000 1.34983326e-005 1.55531002e-005 1.28660213e-005 1.22241416e-005 1.09976408e-005 1.06222514e-005 1.04601969e-005 9.20345496e-006 7.60593443e-006 
2.25000000e+000 3.15000000e+001 0.00000000e+000 1.25524072e-005 1.44631179e-005 1.19503480e-005 1.13495283e-005 1.02017165e-005 9.85109893e-006 9.69987822e-006 8.53039249e-006 7.04709348e-006 
2.50000000e+000 0.00000000e+000 0.00000000e+000 1.30119102e-005 1.51511855e-005 1.27232683e-005 1.21571671e-005 1.10930644e-005 1.07634924e-005 1.06197393e-005 9.44611809e-006 7.86993913e-006 
2.50000000e+000 3.50000000e+000 0.00000000e+000 1.30265030e-005 1.51645554e-005 1.27311623e-005 1.21637435e-005 1.10970858e-005 1.07668188e-005 1.06227888e-005 9.44778500e-006 7.87104816e-006 
2.50000000e+000 7.00000000e+000 0.00000000e+000 1.30776867e-005 1.52116499e-005 1.27617106e-005 1.21900327e-005 1.11149236e-005 1.07823051e-005 1.06373285e-005 9.45735291e-006 7.87805481e-006 
2.50000000e+000 1.05000000e+001 0.00000000e+000 1.31465595e-005 1.52718351e-005 1.27976940e-005 1.22198148e-005 1.11321987e-005 1.07960517e-005 1.06496522e-005 9.46250984e-006 7.88036707e-006 
2.50000000e+000 1.40000000e+001 0.00000000e+000 1.32106193e-005 1.53259628e-005 1.28265215e-005 1.22416414e-005 1.11386809e-005 1.07979703e-005 1.06497176e-005 9.45373706e-006 7.86960262e-006 
2.50000000e+000 1.75000000e+001 0.00000000e+000 1.32367677e-005 1.53421720e-005 1.28219325e-005 1.22295837e-005 1.11080161e-005 1.07616690e-005 1.06111653e-005 9.40623598e-006 7.82445740e-006 
2.50000000e+000 2.10000000e+001 0.00000000e+000 1.31860748e-005 1.52594545e-005 1.27157683e-005 1.21139710e-005 1.09703758e-005 1.06183793e-005 1.04658189e-005 9.25826799e-006 7.69236062e-006 
2.50000000e+000 2.45000000e+001 0.00000000e+000 1.28400773e-005 1.48486132e-005 1.23399501e-005 1.17434679e-005 1.06078462e-005 1.02595756e-005 1.01089799e-005 8.92786175e-006 7.41077956e-006 
2.50000000e+000 2.80000000e+001 0.00000000e+000 1.21857395e-005 1.40888367e-005 1.16870803e-005 1.11144762e-005 1.00235760e-005 9.68990959e-006 9.54584645e-006 8.42216009e-006 6.98655884e-006 
2.50000000e+000 3.15000000e+001 0.00000000e+000 1.13307482e-005 1.30998778e-005 1.08541070e-005 1.03181609e-005 9.29727425e-006 8.98563927e-006 8.85121454e-006 7.80565783e-006 6.47286476e-006 
0.00000000e+000 0.00000000e+000 1.00000000e+001 1.64653939e-004 1.13299941e-004 7.30526133e-005 6.48629325e-005 5.03346950e-005 4.64186432e-005 4.48092223e-005 3.47500455e-005 2.47854873e-005 
0.00000000e+000 3.50000000e+000 1.00000000e+001 1.65106082e-004 1.13562429e-004 7.32016310e-005 6.49893160e-005 5.04211966e-005 4.64947953e-005 4.48812333e-005 3.47992811e-005 2.48178938e-005 
0.00000000e+000 7.00000000e+000 1.00000000e+001 1.66488851e-004 1.14356536e-004 7.36555470e-005 6.53750764e-005 5.06864731e-005 4.67287412e-005 4.51026363e-005 3.49514856e-005 2.49184912e-005 
0.00000000e+000 1.05000000e+001 1.00000000e+001 1.68369217e-004 1.15396265e-004 7.42305359e-005 6.58577839e-005 5.10060750e-005 4.70062370e-005 4.53633756e-005 3.51224442e-005 2.50277743e-005 
0.00000000e+000 1.40000000e+001 1.00000000e+001 1.70537242e-004 1.16580495e-004 7.48706102e-005 6.63875562e-005 5.13388118e-005 4.72883830e-005 4.56255402e-005 3.52814394e-005 2.51234954e-005 
0.00000000e+000 1.75000000e+001 1.00000000e+001 1.72708161e-004 1.17730764e-004 7.54516075e-005 6.68503793e-005 5.15902612e-005 4.74869923e-005 4.58036537e-005 3.53615320e-005 2.51580781e-005 
0.00000000e+000 2.10000000e+001 1.00000000e+001 1.74154027e-004 1.18355540e-004 7.56495333e-005 6.69588380e-005 5.15429387e-005 4.74042855e-005 4.57080447e-005 3.52216849e-005 2.50336140e-005 
0.00000000e+000 2.45000000e+001 1.00000000e+001 1.73974917e-004 1.17916055e-004 7.51548177e-005 6.64506198e-005 5.10170972e-005 4.68813050e-005 4.51879716e-005 3.47558504e-005 2.46779937e-005 
0.00000000e+000 2.80000000e+001 1.00000000e+001 1.71962818e-004 1.16271793e-004 7.39037666e-005 6.52774583e-005 4.99897560e-005 4.59006534e-005 4.42280994e-005 3.39575538e-005 2.40877884e-005 
0.00000000e+000 3.15000000e+001 1.00000000e+001 1.68576272e-004 1.13731535e-004 7.20998735e-005 6.36222471e-005 4.86068175e-005 4.45978354e-005 4.29595866e-005 3.29298184e-005 2.33373116e-005 
2.50000000e-001 0.00000000e+000 1.00000000e+001 6.57493409e-005 6.31484454e-005 4.62062238e-005 4.23281288e-005 3.50150177e-005 3.29005267e-005 3.20097741e-005 2.60031728e-005 1.94281164e-005 
2.50000000e-001 3.50000000e+000 1.00000000e+001 6.59810655e-005 6.33322573e-005 4.63270238e-005 4.24347700e-005 3.50946697e-005 3.29725225e-005 3.20786069e-005 2.60531422e-005 1.94621395e-005 
2.50000000e-001 7.00000000e+000 1.00000000e+001 6.67001123e-005 6.39035180e-005 4.67028279e-005 4.27665573e-005 3.53425109e-005 3.31965888e-005 3.22928599e-005 2.62089156e-005 1.95683849e-005 
2.50000000e-001 1.05000000e+001 1.00000000e+001 6.78070254e-005 6.47426659e-005 4.72378885e-005 4.32342392e-005 3.56822686e-005 3.35004608e-005 3.25819998e-005 2.64123447e-005 1.97029271e-005 
2.50000000e-001 1.40000000e+001 1.00000000e+001 6.92347329e-005 6.57920232e-005 4.78922380e-005 4.38005220e-005 3.60802876e-005 3.38515754e-005 3.29139787e-005 2.66360824e-005 1.98451959e-005 
2.50000000e-001 1.75000000e+001 1.00000000e+001 7.08906745e-005 6.69571778e-005 4.85872076e-005 4.43892690e-005 3.64663686e-005 3.41824471e-005 3.32226256e-005 2.68250830e-005 1.99542766e-005 
2.50000000e-001 2.10000000e+001 1.00000000e+001 7.24898694e-005 6.79477387e-005 4.90961690e-005 4.47907952e-005 3.66686240e-005 3.43334366e-005 3.33535484e-005 2.68592819e-005 1.99438476e-005 
2.50000000e-001 2.45000000e+001 1.00000000e+001 7.34123419e-005 6.82995560e-005 4.91266780e-005 4.47515558e-005 3.65054548e-005 3.41420659e-005 3.31519572e-005 2.66273769e-005 1.97376625e-005 
2.50000000e-001 2.80000000e+001 1.00000000e+001 7.33519158e-005 6.78013257e-005 4.85666802e-005 4.41807375e-005 3.59225842e-005 3.35628254e-005 3.25757216e-005 2.61040326e-005 1.93205713e-005 
2.50000000e-001 3.15000000e+001 1.00000000e+001 7.23179599e-005 6.65350695e-005 4.75008450e-005 4.31619881e-005 3.49991892e-005 3.26725724e-005 3.17005661e-005 2.53547349e-005 1.87438769e-005 
5.00000000e-001 0.00000000e+000 1.00000000e+001 3.83753891e-005 4.13953856e-005 3.22981807e-005 3.01236518e-005 2.59255743e-005 2.46625276e-005 2.41217767e-005 2.02427497e-005 1.56577123e-005 
5.00000000e-001 3.50000000e+000 1.00000000e+001 3.85086164e-005 4.15209141e-005 3.23901153e-005 3.02074153e-005 2.59927297e-005 2.47245740e-005 2.41816489e-005 2.02885948e-005 1.56902610e-005 
5.00000000e-001 7.00000000e+000 1.00000000e+001 3.89147899e-005 4.19105079e-005 3.26766524e-005 3.04686073e-005 2.62021641e-005 2.49180772e-005 2.43683766e-005 2.04316752e-005 1.57919952e-005 
5.00000000e-001 1.05000000e+001 1.00000000e+001 3.95590752e-005 4.25084596e-005 3.31053280e-005 3.08561937e-005 2.65060464e-005 2.51964330e-005 2.46359353e-005 2.06313771e-005 1.59302689e-005 
5.00000000e-001 1.40000000e+001 1.00000000e+001 4.04200502e-005 4.32873449e-005 3.36526070e-005 3.13468910e-005 2.68805230e-005 2.55357205e-005 2.49604395e-005 2.08656904e-005 1.60875101e-005 
5.00000000e-001 1.75000000e+001 1.00000000e+001 4.14623400e-005 4.42014637e-005 3.42721776e-005 3.18930207e-005 2.72758385e-005 2.58865289e-005 2.52928115e-005 2.10909469e-005 1.62295424e-005 
5.00000000e-001 2.10000000e+001 1.00000000e+001 4.25800814e-005 4.50868964e-005 3.48107099e-005 3.23463159e-005 2.75599565e-005 2.61235331e-005 2.55107803e-005 2.12074611e-005 1.62818391e-005 
5.00000000e-001 2.45000000e+001 1.00000000e+001 4.33644430e-005 4.55773183e-005 3.50161547e-005 3.24831921e-005 2.75651219e-005 2.60946603e-005 2.54686889e-005 2.11073976e-005 1.61689301e-005 
5.00000000e-001 2.80000000e+001 1.00000000e+001 4.35785923e-005 4.54730726e-005 3.47696995e-005 3.22038726e-005 2.72261920e-005 2.57435974e-005 2.51137048e-005 2.07563010e-005 1.58691120e-005 
5.00000000e-001 3.15000000e+001 1.00000000e+001 4.31570720e-005 4.47705070e-005 3.40974058e-005 3.15400273e-005 2.65831441e-005 2.51116383e-005 2.44874958e-005 2.01948100e-005 1.54173375e-005 
7.50000000e-001 0.00000000e+000 1.00000000e+001 2.68285010e-005 3.02397076e-005 2.43448437e-005 2.29301832e-005 2.02029802e-005 1.93696813e-005 1.90098692e-005 1.63080871e-005 1.29365987e-005 
7.50000000e-001 3.50000000e+000 1.00000000e+001 2.69182662e-005 3.03303068e-005 2.44155914e-005 2.29960235e-005 2.02585264e-005 1.94218634e-005 1.90605840e-005 1.63486255e-005 1.29665093e-005 
7.50000000e-001 7.00000000e+000 1.00000000e+001 2.71889925e-005 3.06088738e-005 2.46348087e-005 2.32003256e-005 2.04311902e-005 1.95841236e-005 1.92183035e-005 1.64748431e-005 1.30598396e-005 
7.50000000e-001 1.05000000e+001 1.00000000e+001 2.76225722e-005 3.10448717e-005 2.49712665e-005 2.35119021e-005 2.06897606e-005 1.98253750e-005 1.94520354e-005 1.66577919e-005 1.31920291e-005 
7.50000000e-001 1.40000000e+001 1.00000000e+001 2.82093988e-005 3.16254362e-005 2.54119787e-005 2.39171404e-005 2.10182336e-005 2.01289235e-005 1.97448442e-005 1.68805097e-005 1.33486317e-005 
7.50000000e-001 1.75000000e+001 1.00000000e+001 2.89279794e-005 3.23270301e-005 2.59297773e-005 2.43863553e-005 2.13816067e-005 2.04588901e-005 2.00606437e-005 1.71087299e-005 1.35014417e-005 
7.50000000e-001 2.10000000e+001 1.00000000e+001 2.97374844e-005 3.30563545e-005 2.64206798e-005 2.48146707e-005 2.16788998e-005 2.07174513e-005 2.03032065e-005 1.72604106e-005 1.35867322e-005 
7.50000000e-001 2.45000000e+001 1.00000000e+001 3.03476554e-005 3.35247002e-005 2.66722588e-005 2.50100806e-005 2.17602052e-005 2.07671105e-005 2.03401923e-005 1.72348004e-005 1.35322744e-005 
7.50000000e-001 2.80000000e+001 1.00000000e+001 3.05795070e-005 3.35599663e-005 2.65731877e-005 2.48766911e-005 2.15590424e-005 2.05492502e-005 2.01161340e-005 1.69938021e-005 1.33130358e-005 
7.50000000e-001 3.15000000e+001 1.00000000e+001 3.03609180e-005 3.31278072e-005 2.61212189e-005 2.44193754e-005 2.10925434e-005 2.00837365e-005 1.96518988e-005 1.65616630e-005 1.29523783e-005 
1.00000000e+000 0.00000000e+000 1.00000000e+001 2.05813101e-005 2.36890970e-005 1.93788756e-005 1.83517159e-005 1.63933124e-005 1.57940715e-005 1.55344918e-005 1.35236228e-005 1.09235278e-005 
1.00000000e+000 3.50000000e+000 1.00000000e+001 2.06479844e-005 2.37584541e-005 1.94349848e-005 1.84046249e-005 1.64395123e-005 1.58379968e-005 1.55774067e-005 1.35590738e-005 1.09505437e-005 
1.00000000e+000 7.00000000e+000 1.00000000e+001 2.08483792e-005 2.39697172e-005 1.96073880e-005 1.85675475e-005 1.65822723e-005 1.59738353e-005 1.57101624e-005 1.36689695e-005 1.10345641e-005 
1.00000000e+000 1.05000000e+001 1.00000000e+001 2.11714307e-005 2.43032533e-005 1.98755919e-005 1.88198149e-005 1.68001580e-005 1.61799210e-005 1.59110151e-005 1.38321135e-005 1.11568044e-005 
1.00000000e+000 1.40000000e+001 1.00000000e+001 2.16108280e-005 2.47528016e-005 2.02326516e-005 1.91537230e-005 1.70826704e-005 1.64448354e-005 1.61681881e-005 1.40356677e-005 1.13056085e-005 
1.00000000e+000 1.75000000e+001 1.00000000e+001 2.21493026e-005 2.53043524e-005 2.06620715e-005 1.95503179e-005 1.74048454e-005 1.67422443e-005 1.64548936e-005 1.42526643e-005 1.14577443e-005 
1.00000000e+000 2.10000000e+001 1.00000000e+001 2.27718125e-005 2.59036420e-005 2.10921232e-005 1.99343538e-005 1.76888860e-005 1.69953852e-005 1.66950618e-005 1.44155767e-005 1.15588795e-005 
1.00000000e+000 2.45000000e+001 1.00000000e+001 2.32576595e-005 2.63182314e-005 2.13434352e-005 2.01413507e-005 1.78022175e-005 1.70814675e-005 1.67700189e-005 1.44318298e-005 1.15411111e-005 
1.00000000e+000 2.80000000e+001 1.00000000e+001 2.34672213e-005 2.64023067e-005 2.13159054e-005 2.00834571e-005 1.76811719e-005 1.69435270e-005 1.66255202e-005 1.42626855e-005 1.13780579e-005 
1.00000000e+000 3.15000000e+001 1.00000000e+001 2.33331319e-005 2.61117380e-005 2.09939204e-005 1.97519260e-005 1.73296246e-005 1.65885555e-005 1.62697572e-005 1.39215860e-005 1.10848700e-005 
1.25000000e+000 0.00000000e+000 1.00000000e+001 1.66795083e-005 1.94348211e-005 1.60429799e-005 1.52400774e-005 1.37269393e-005 1.32658577e-005 1.30660479e-005 1.14864397e-005 9.39835809e-006 
1.25000000e+000 3.50000000e+000 1.00000000e+001 1.67320856e-005 1.94904492e-005 1.60888948e-005 1.52837208e-005 1.37659191e-005 1.33032299e-005 1.31026972e-005 1.15174624e-005 9.42261892e-006 
1.25000000e+000 7.00000000e+000 1.00000000e+001 1.68900784e-005 1.96587179e-005 1.62288094e-005 1.54170383e-005 1.38855405e-005 1.34180526e-005 1.32153523e-005 1.16131108e-005 9.49774830e-006 
1.25000000e+000 1.05000000e+001 1.00000000e+001 1.71466979e-005 1.99254619e-005 1.64479740e-005 1.56251731e-005 1.40702371e-005 1.35944699e-005 1.33880397e-005 1.17573726e-005 9.60909382e-006 
1.25000000e+000 1.40000000e+001 1.00000000e+001 1.74964955e-005 2.02874227e-005 1.67427908e-005 1.59038916e-005 1.43131832e-005 1.38247178e-005 1.36126114e-005 1.19405770e-005 9.74732346e-006 
1.25000000e+000 1.75000000e+001 1.00000000e+001 1.79241141e-005 2.07347340e-005 1.71026424e-005 1.62405498e-005 1.45961115e-005 1.40890480e-005 1.38687849e-005 1.21412651e-005 9.89321877e-006 
1.25000000e+000 2.10000000e+001 1.00000000e+001 1.84258612e-005 2.12352647e-005 1.74769266e-005 1.65800718e-005 1.48582985e-005 1.43265651e-005 1.40958206e-005 1.23035737e-005 1.00004017e-005 
1.25000000e+000 2.45000000e+001 1.00000000e+001 1.88252164e-005 2.15970715e-005 1.77125489e-005 1.67805553e-005 1.49824988e-005 1.44278215e-005 1.41875853e-005 1.23430070e-005 1.00056207e-005 
1.25000000e+000 2.80000000e+001 1.00000000e+001 1.90096400e-005 2.16960646e-005 1.77206060e-005 1.67628875e-005 1.49094224e-005 1.43391714e-005 1.40927441e-005 1.22217636e-005 9.88233686e-006 
1.25000000e+000 3.15000000e+001 1.00000000e+001 1.89176426e-005 2.14861767e-005 1.74794414e-005 1.65115553e-005 1.46352828e-005 1.40598850e-005 1.38117729e-005 1.19461565e-005 9.63987819e-006 
1.50000000e+000 0.00000000e+000 1.00000000e+001 1.40138031e-005 1.64627679e-005 1.36673290e-005 1.30084828e-005 1.17782018e-005 1.14052289e-005 1.12437180e-005 9.94994405e-006 8.21660759e-006 
1.50000000e+000 3.50000000e+000 1.00000000e+001 1.40569384e-005 1.65089534e-005 1.37059317e-005 1.30453585e-005 1.18116303e-005 1.14374649e-005 1.12754137e-005 9.97725529e-006 8.23840036e-006 
1.50000000e+000 7.00000000e+000 1.00000000e+001 1.41866757e-005 1.66480161e-005 1.38227324e-005 1.31571931e-005 1.19135193e-005 1.15358571e-005 1.13722127e-005 1.00609741e-005 8.30556212e-006 
1.50000000e+000 1.05000000e+001 1.00000000e+001 1.43992901e-005 1.68690308e-005 1.40063053e-005 1.33325400e-005 1.20719371e-005 1.16882253e-005 1.15218262e-005 1.01885989e-005 8.40641355e-006 
1.50000000e+000 1.40000000e+001 1.00000000e+001 1.46894305e-005 1.71700903e-005 1.42548903e-005 1.35691810e-005 1.22824676e-005 1.18892877e-005 1.17186069e-005 1.03528251e-005 8.53349186e-006 
1.50000000e+000 1.75000000e+001 1.00000000e+001 1.50429261e-005 1.75432375e-005 1.45611530e-005 1.38582186e-005 1.25313144e-005 1.21238314e-005 1.19468077e-005 1.05363090e-005 8.67076650e-006 
1.50000000e+000 2.10000000e+001 1.00000000e+001 1.54614951e-005 1.79693672e-005 1.48885551e-005 1.41584608e-005 1.27703390e-005 1.23428910e-005 1.21573116e-005 1.06924707e-005 8.77849973e-006 
1.50000000e+000 2.45000000e+001 1.00000000e+001 1.57987491e-005 1.82862163e-005 1.51046787e-005 1.43461891e-005 1.28953581e-005 1.24486068e-005 1.22549683e-005 1.07442864e-005 8.79801622e-006 
1.50000000e+000 2.80000000e+001 1.00000000e+001 1.59614634e-005 1.83870608e-005 1.51306273e-005 1.43504599e-005 1.28518214e-005 1.23911890e-005 1.21919497e-005 1.06556632e-005 8.70331343e-006 
1.50000000e+000 3.15000000e+001 1.00000000e+001 1.58933971e-005 1.82267590e-005 1.49422840e-005 1.41525597e-005 1.26315481e-005 1.21652915e-005 1.19640442e-005 1.04282029e-005 8.49958564e-006 
1.75000000e+000 0.00000000e+000 1.00000000e+001 1.20783628e-005 1.42727395e-005 1.18960925e-005 1.13373708e-005 1.03009558e-005 9.98813747e-006 9.85280733e-006 8.75912266e-006 7.28173456e-006 
1.75000000e+000 3.50000000e+000 1.00000000e+001 1.21147531e-005 1.43120846e-005 1.19292690e-005 1.13691671e-005 1.03300711e-005 1.00163283e-005 9.88057730e-006 8.78336315e-006 7.30137771e-006 
1.75000000e+000 7.00000000e+000 1.00000000e+001 1.22243381e-005 1.44301992e-005 1.20290803e-005 1.14650154e-005 1.04182658e-005 1.01018480e-005 9.96487267e-006 8.85724492e-006 7.36161176e-006 
1.75000000e+000 1.05000000e+001 1.00000000e+001 1.24057378e-005 1.46183805e-005 1.21862079e-005 1.16156221e-005 1.05559547e-005 1.02349233e-005 1.00958330e-005 8.97068818e-006 7.45291607e-006 
1.75000000e+000 1.40000000e+001 1.00000000e+001 1.26534776e-005 1.48752772e-005 1.23998891e-005 1.18199335e-005 1.07402977e-005 1.04119507e-005 1.02695253e-005 9.11813658e-006 7.56930494e-006 
1.75000000e+000 1.75000000e+001 1.00000000e+001 1.29542432e-005 1.51939062e-005 1.26646820e-005 1.20713328e-005 1.09605225e-005 1.06208709e-005 1.04733911e-005 9.28532055e-006 7.69726343e-006 
1.75000000e+000 2.10000000e+001 1.00000000e+001 1.33124451e-005 1.55631312e-005 1.29536227e-005 1.23383575e-005 1.11778478e-005 1.08217416e-005 1.06671674e-005 9.43303887e-006 7.80256125e-006 
1.75000000e+000 2.45000000e+001 1.00000000e+001 1.36034585e-005 1.58430115e-005 1.31506503e-005 1.25119272e-005 1.12990676e-005 1.09265868e-005 1.07651322e-005 9.49096076e-006 7.83082770e-006 
1.75000000e+000 2.80000000e+001 1.00000000e+001 1.37483179e-005 1.59406863e-005 1.31854708e-005 1.25283283e-005 1.12742062e-005 1.08894770e-005 1.07230314e-005 9.42502336e-006 7.75698021e-006 
1.75000000e+000 3.15000000e+001 1.00000000e+001 1.36952455e-005 1.58128936e-005 1.30332557e-005 1.23675037e-005 1.10926023e-005 1.07023278e-005 1.05338210e-005 9.23371149e-006 7.58327288e-006 
2.00000000e+000 0.00000000e+000 1.00000000e+001 1.06100636e-005 1.25931294e-005 1.05269926e-005 1.00419772e-005 9.14650502e-006 8.87713732e-006 8.76070747e-006 7.81385136e-006 6.52803133e-006 
2.00000000e+000 3.50000000e+000 1.00000000e+001 1.06414030e-005 1.26273119e-005 1.05560131e-005 1.00698546e-005 9.17221404e-006 8.90210252e-006 8.78533318e-006 7.83555295e-006 6.54582491e-006 
2.00000000e+000 7.00000000e+000 1.00000000e+001 1.07359030e-005 1.27297242e-005 1.06429264e-005 1.01534751e-005 9.24967159e-006 8.97742659e-006 8.85967835e-006 7.90134212e-006 6.60011757e-006 
2.00000000e+000 1.05000000e+001 1.00000000e+001 1.08940274e-005 1.28933544e-005 1.07798781e-005 1.02850155e-005 9.37088340e-006 9.09497743e-006 8.97554480e-006 8.00284808e-006 6.68297537e-006 
2.00000000e+000 1.40000000e+001 1.00000000e+001 1.11101547e-005 1.31170068e-005 1.09666265e-005 1.04640837e-005 9.53404176e-006 9.25228984e-006 9.13017736e-006 8.13580366e-006 6.78957046e-006 
2.00000000e+000 1.75000000e+001 1.00000000e+001 1.13716243e-005 1.33942654e-005 1.11988708e-005 1.06855030e-005 9.73046472e-006 9.43953567e-006 9.31329541e-006 8.28825266e-006 6.90837236e-006 
2.00000000e+000 2.10000000e+001 1.00000000e+001 1.16841805e-005 1.37190469e-005 1.14563258e-005 1.09247708e-005 9.92841504e-006 9.62366629e-006 9.49144184e-006 8.42687749e-006 7.00971075e-006 
2.00000000e+000 2.45000000e+001 1.00000000e+001 1.19396359e-005 1.39686493e-005 1.16360251e-005 1.10846800e-005 1.00438911e-005 9.72508934e-006 9.58693322e-006 8.48725025e-006 7.04316580e-006 
2.00000000e+000 2.80000000e+001 1.00000000e+001 1.20698706e-005 1.40613788e-005 1.16749784e-005 1.11077811e-005 1.00311201e-005 9.70150663e-006 9.55891523e-006 8.43741527e-006 6.98476703e-006 
2.00000000e+000 3.15000000e+001 1.00000000e+001 1.20268982e-005 1.39560785e-005 1.15484901e-005 1.09736406e-005 9.87808762e-006 9.54323668e-006 9.39865314e-006 8.27379461e-006 6.83467355e-006 
2.25000000e+000 0.00000000e+000 1.00000000e+001 9.45857014e-006 1.12646193e-005 9.43795361e-006 9.00952993e-006 8.22121525e-006 7.98467086e-006 7.88250120e-006 7.04769452e-006 5.90993530e-006 
2.25000000e+000 3.50000000e+000 1.00000000e+001 9.48598960e-006 1.12947770e-005 9.46370250e-006 9.03430741e-006 8.24418588e-006 8.00702516e-006 7.90457368e-006 7.06728554e-006 5.92614319e-006 
2.25000000e+000 7.00000000e+000 1.00000000e+001 9.56878497e-006 1.13850009e-005 9.54053668e-006 9.10832872e-006 8.31307501e-006 8.07415482e-006 7.97089499e-006 7.12638701e-006 5.97536396e-006 
2.25000000e+000 1.05000000e+001 1.00000000e+001 9.70888632e-006 1.15296496e-005 9.66170288e-006 9.22485157e-006 8.42102455e-006 8.17909892e-006 8.07445377e-006 7.21786701e-006 6.05084779e-006 
2.25000000e+000 1.40000000e+001 1.00000000e+001 9.90057342e-006 1.17274787e-005 9.82720290e-006 9.38384371e-006 8.56690394e-006 8.32016670e-006 8.21330766e-006 7.33841180e-006 6.14867225e-006 
2.25000000e+000 1.75000000e+001 1.00000000e+001 1.01316946e-005 1.19724507e-005 1.00334635e-005 9.58107775e-006 8.74351488e-006 8.48914485e-006 8.37883740e-006 7.47782634e-006 6.25887867e-006 
2.25000000e+000 2.10000000e+001 1.00000000e+001 1.04086031e-005 1.22617845e-005 1.02649711e-005 9.79713638e-006 8.92449944e-006 8.65831612e-006 8.54287731e-006 7.60751367e-006 6.35557730e-006 
2.25000000e+000 2.45000000e+001 1.00000000e+001 1.06359648e-005 1.24864234e-005 1.04293921e-005 9.94454923e-006 9.03360077e-006 8.75520659e-006 8.63459717e-006 7.66821711e-006 6.39192534e-006 
2.25000000e+000 2.80000000e+001 1.00000000e+001 1.07541215e-005 1.25737764e-005 1.04699293e-005 9.97125867e-006 9.02882027e-006 8.74083428e-006 8.61627160e-006 7.63003717e-006 6.34514023e-006 
2.25000000e+000 3.15000000e+001 1.00000000e+001 1.07183369e-005 1.24847460e-005 1.03624150e-005 9.85695324e-006 8.89745817e-006 8.60461863e-006 8.47818259e-006 7.48803399e-006 6.21388598e-006 
2.50000000e+000 0.00000000e+000 1.00000000e+001 8.53175870e-006 1.01878192e-005 8.55141504e-006 8.16783932e-006 7.46382031e-006 7.25295696e-006 7.16192999e-006 6.41540150e-006 5.39526083e-006 
2.50000000e+000 3.50000000e+000 1.00000000e+001 8.55604941e-006 1.02147560e-005 8.57452833e-006 8.19011084e-006 7.48455150e-006 7.27316550e-006 7.18189916e-006 6.43322331e-006 5.41010742e-006 
2.50000000e+000 7.00000000e+000 1.00000000e+001 8.62950852e-006 1.02952526e-005 8.64328881e-006 8.25642070e-006 7.54648094e-006 7.33360607e-006 7.24165503e-006 6.48675371e-006 5.45499594e-006 
2.50000000e+000 1.05000000e+001 1.00000000e+001 8.75523670e-006 1.04248194e-005 8.75182317e-006 8.36087192e-006 7.64360476e-006 7.42819259e-006 7.33507128e-006 6.56978553e-006 5.52407554e-006 
2.50000000e+000 1.40000000e+001 1.00000000e+001 8.92748464e-006 1.06020621e-005 8.90021250e-006 8.50360670e-006 7.77523436e-006 7.55576249e-006 7.46076846e-006 6.67971399e-006 5.61413298e-006 
2.50000000e+000 1.75000000e+001 1.00000000e+001 9.13449960e-006 1.08212248e-005 9.08537547e-006 8.68105399e-006 7.93525590e-006 7.70930084e-006 7.61136789e-006 6.80770456e-006 5.71646315e-006 
2.50000000e+000 2.10000000e+001 1.00000000e+001 9.38283872e-006 1.10817374e-005 9.29528574e-006 8.87758813e-006 8.10148084e-006 7.86526774e-006 7.76286875e-006 6.92897738e-006 5.80832129e-006 
2.50000000e+000 2.45000000e+001 1.00000000e+001 9.58749743e-006 1.12855840e-005 9.44637004e-006 9.01382121e-006 8.20421070e-006 7.95726096e-006 7.85030517e-006 6.98879876e-006 5.84607983e-006 
2.50000000e+000 2.80000000e+001 1.00000000e+001 9.69556361e-006 1.13676844e-005 9.48710120e-006 9.04233693e-006 8.20480230e-006 7.94928371e-006 7.83878463e-006 6.95921195e-006 5.80815075e-006 
2.50000000e+000 3.15000000e+001 1.00000000e+001 9.66511738e-006 1.12908633e-005 9.39401030e-006 8.94319689e-006 8.09026715e-006 7.83028544e-006 7.71804658e-006 6.83438375e-006 5.69213056e-006 
0.00000000e+000 0.00000000e+000 2.00000000e+001 1.65561266e-004 1.13056995e-004 7.16671390e-005 6.32130860e-005 4.82526359e-005 4.42662765e-005 4.26383771e-005 3.26803698e-005 2.31510715e-005 
0.00000000e+000 3.50000000e+000 2.00000000e+001 1.65682070e-004 1.13105000e-004 7.16898960e-005 6.32312384e-005 4.82630201e-005 4.42747512e-005 4.26461065e-005 3.26844135e-005 2.31532584e-005 
0.00000000e+000 7.00000000e+000 2.00000000e+001 1.66050556e-004 1.13260599e-004 7.17669842e-005 6.32939236e-005 4.83012933e-005 4.43069609e-005 4.26759325e-005 3.27020552e-005 2.31638730e-005 
0.00000000e+000 1.05000000e+001 2.00000000e+001 1.66413870e-004 1.13361335e-004 7.17954333e-005 6.33100862e-005 4.82975391e-005 4.42986863e-005 4.26659747e-005 3.26858420e-005 2.31492748e-005 
0.00000000e+000 1.40000000e+001 2.00000000e+001 1.66832809e-004 1.13452758e-004 7.18056265e-005 6.33066985e-005 4.82722168e-005 4.42685531e-005 4.26341057e-005 3.26491237e-005 2.31187688e-005 
0.00000000e+000 1.75000000e+001 2.00000000e+001 1.67258823e-004 1.13525054e-004 7.17936884e-005 6.32805128e-005 4.82227021e-005 4.42140506e-005 4.25778622e-005 3.25898445e-005 2.30708694e-005 
0.00000000e+000 2.10000000e+001 2.00000000e+001 1.67598681e-004 1.13517766e-004 7.17215963e-005 6.31978141e-005 4.81227906e-005 4.41110177e-005 4.24739317e-005 3.24900496e-005 2.29928709e-005 
0.00000000e+000 2.45000000e+001 2.00000000e+001 1.67767587e-004 1.13393878e-004 7.15698711e-005 6.30422226e-005 4.79612022e-005 4.39494610e-005 4.23128354e-005 3.23431568e-005 2.28804494e-005 
0.00000000e+000 2.80000000e+001 2.00000000e+001 1.67633457e-004 1.13072604e-004 7.12903561e-005 6.27719570e-005 4.77074358e-005 4.37018649e-005 4.20682668e-005 3.21298652e-005 2.27201912e-005 
0.00000000e+000 3.15000000e+001 2.00000000e+001 1.67171616e-004 1.12547272e-004 7.08824223e-005 6.23877566e-005 4.73646898e-005 4.33719753e-005 4.17441654e-005 3.18546142e-005 2.25158514e-005 
2.50000000e-001 0.00000000e+000 2.00000000e+001 7.45551791e-005 6.77752799e-005 4.79056550e-005 4.33962740e-005 3.49686827e-005 3.25908569e-005 3.16012858e-005 2.52000508e-005 1.85961926e-005 
2.50000000e-001 3.50000000e+000 2.00000000e+001 7.45024227e-005 6.77456537e-005 4.78910538e-005 4.33844916e-005 3.49614017e-005 3.25845859e-005 3.15953986e-005 2.51961386e-005 1.85939605e-005 
2.50000000e-001 7.00000000e+000 2.00000000e+001 7.43581467e-005 6.76734510e-005 4.78592380e-005 4.33600225e-005 3.49483195e-005 3.25739281e-005 3.15856378e-005 2.51906412e-005 1.85917605e-005 
2.50000000e-001 1.05000000e+001 2.00000000e+001 7.40856078e-005 6.75041531e-005 4.77646605e-005 4.32798713e-005 3.48918159e-005 3.25230069e-005 3.15368891e-005 2.51540798e-005 1.85668369e-005 
2.50000000e-001 1.40000000e+001 2.00000000e+001 7.37215968e-005 6.72699799e-005 4.76295114e-005 4.31639054e-005 3.48072060e-005 3.24458184e-005 3.14626028e-005 2.50966045e-005 1.85264250e-005 
2.50000000e-001 1.75000000e+001 2.00000000e+001 7.32954539e-005 6.69882245e-005 4.74627510e-005 4.30192807e-005 3.46982830e-005 3.23452942e-005 3.13653749e-005 2.50192100e-005 1.84707180e-005 
2.50000000e-001 2.10000000e+001 2.00000000e+001 7.28170216e-005 6.66535828e-005 4.72550704e-005 4.28359948e-005 3.45540799e-005 3.22104088e-005 3.12341986e-005 2.49118067e-005 1.83916053e-005 
2.50000000e-001 2.45000000e+001 2.00000000e+001 7.22721725e-005 6.62529225e-005 4.69962822e-005 4.26044574e-005 3.43662429e-005 3.20332646e-005 3.10613851e-005 2.47682927e-005 1.82847709e-005 
2.50000000e-001 2.80000000e+001 2.00000000e+001 7.16558215e-005 6.57676863e-005 4.66690017e-005 4.23078965e-005 3.41197643e-005 3.17995680e-005 3.08329672e-005 2.45771476e-005 1.81414018e-005 
2.50000000e-001 3.15000000e+001 2.00000000e+001 7.09369865e-005 6.51806439e-005 4.62640556e-005 4.19388795e-005 3.38105546e-005 3.15061502e-005 3.05461478e-005 2.43375101e-005 1.79617462e-005 
5.00000000e-001 0.00000000e+000 2.00000000e+001 4.60064474e-005 4.66768626e-005 3.49503843e-005 3.21607873e-005 2.68071005e-005 2.52456971e-005 2.45882011e-005 2.01548600e-005 1.53296818e-005 
5.00000000e-001 3.50000000e+000 2.00000000e+001 4.59461116e-005 4.66302978e-005 3.49230200e-005 3.21376393e-005 2.67915453e-005 2.52320983e-005 2.45753803e-005 2.01463029e-005 1.53245547e-005 
5.00000000e-001 7.00000000e+000 2.00000000e+001 4.57658753e-005 4.64991478e-005 3.48491329e-005 3.20760826e-005 2.67518934e-005 2.51979879e-005 2.45434560e-005 2.01260558e-005 1.53132779e-005 
5.00000000e-001 1.05000000e+001 2.00000000e+001 4.54641187e-005 4.62660948e-005 3.47088980e-005 3.19560583e-005 2.66680441e-005 2.51234419e-005 2.44726114e-005 2.00758616e-005 1.52804784e-005 
5.00000000e-001 1.40000000e+001 2.00000000e+001 4.50657302e-005 4.59557745e-005 3.45200458e-005 3.17936170e-005 2.65526260e-005 2.50200510e-005 2.43740020e-005 2.00041815e-005 1.52322243e-005 
5.00000000e-001 1.75000000e+001 2.00000000e+001 4.46041076e-005 4.55930290e-005 3.42972103e-005 3.16010681e-005 2.64134445e-005 2.48943820e-005 2.42536959e-005 1.99144400e-005 1.51701967e-005 
5.00000000e-001 2.10000000e+001 2.00000000e+001 4.41000066e-005 4.51893768e-005 3.40435885e-005 3.13796837e-005 2.62481552e-005 2.47432087e-005 2.41081369e-005 1.98018446e-005 1.50896556e-005 
5.00000000e-001 2.45000000e+001 2.00000000e+001 4.35573157e-005 4.47441545e-005 3.37559352e-005 3.11255984e-005 2.60518676e-005 2.45614989e-005 2.39322642e-005 1.96616903e-005 1.49869181e-005 
5.00000000e-001 2.80000000e+001 2.00000000e+001 4.29930510e-005 4.42609539e-005 3.34312534e-005 3.08345353e-005 2.58184004e-005 2.43427721e-005 2.37195125e-005 1.94875303e-005 1.48563990e-005 
5.00000000e-001 3.15000000e+001 2.00000000e+001 4.23902883e-005 4.37251440e-005 3.30594985e-005 3.04975634e-005 2.55412245e-005 2.40812690e-005 2.34644520e-005 1.92759625e-005 1.46963879e-005 
7.50000000e-001 0.00000000e+000 2.00000000e+001 3.29553342e-005 3.51586278e-005 2.71700579e-005 2.52349876e-005 2.14833600e-005 2.03701190e-005 1.98982083e-005 1.66218723e-005 1.29252001e-005 
7.50000000e-001 3.50000000e+000 2.00000000e+001 3.29041507e-005 3.51120544e-005 2.71397385e-005 2.52085689e-005 2.14644532e-005 2.03532968e-005 1.98822361e-005 1.66108039e-005 1.29182706e-005 
7.50000000e-001 7.00000000e+000 2.00000000e+001 3.27471696e-005 3.49750038e-005 2.70531729e-005 2.51339210e-005 2.14124892e-005 2.03075348e-005 1.98389878e-005 1.65817870e-005 1.29008882e-005 
7.50000000e-001 1.05000000e+001 2.00000000e+001 3.24894594e-005 3.47436370e-005 2.69023378e-005 2.50021386e-005 2.13169679e-005 2.02219619e-005 1.97574559e-005 1.65236010e-005 1.28627000e-005 
7.50000000e-001 1.40000000e+001 2.00000000e+001 3.21487267e-005 3.44371256e-005 2.67017173e-005 2.48265171e-005 2.11886632e-005 2.01065425e-005 1.96472581e-005 1.64436308e-005 1.28090327e-005 
7.50000000e-001 1.75000000e+001 2.00000000e+001 3.17534014e-005 3.40804012e-005 2.64675489e-005 2.46211856e-005 2.10374029e-005 1.99698391e-005 1.95164340e-005 1.63469412e-005 1.27427102e-005 
7.50000000e-001 2.10000000e+001 2.00000000e+001 3.13216242e-005 3.36885686e-005 2.62078347e-005 2.43922819e-005 2.08654417e-005 1.98130201e-005 1.93657192e-005 1.62321722e-005 1.26613932e-005 
7.50000000e-001 2.45000000e+001 2.00000000e+001 3.08603906e-005 3.32662440e-005 2.59234991e-005 2.41397222e-005 2.06707128e-005 1.96335532e-005 1.91924140e-005 1.60961360e-005 1.25622308e-005 
7.50000000e-001 2.80000000e+001 2.00000000e+001 3.03889977e-005 3.28250638e-005 2.56184885e-005 2.38656705e-005 2.04522050e-005 1.94296970e-005 1.89945069e-005 1.59357623e-005 1.24419360e-005 
7.50000000e-001 3.15000000e+001 2.00000000e+001 2.98990558e-005 3.23547985e-005 2.52842845e-005 2.35620913e-005 2.02031423e-005 1.91951731e-005 1.87659473e-005 1.57466381e-005 1.22977974e-005 
1.00000000e+000 0.00000000e+000 2.00000000e+001 2.55781994e-005 2.80635458e-005 2.21003014e-005 2.06458601e-005 1.78178593e-005 1.69712321e-005 1.66110237e-005 1.40587769e-005 1.11103134e-005 
1.00000000e+000 3.50000000e+000 2.00000000e+001 2.55355566e-005 2.80210602e-005 2.20707155e-005 2.06195301e-005 1.77980819e-005 1.69533721e-005 1.65939606e-005 1.40465197e-005 1.11023377e-005 
1.00000000e+000 7.00000000e+000 2.00000000e+001 2.54032976e-005 2.78931579e-005 2.19837097e-005 2.05427234e-005 1.77416022e-005 1.69027630e-005 1.65457783e-005 1.40127379e-005 1.10810669e-005 
1.00000000e+000 1.05000000e+001 2.00000000e+001 2.51878070e-005 2.76811388e-005 2.18368306e-005 2.04120839e-005 1.76432528e-005 1.68137298e-005 1.64605958e-005 1.39506523e-005 1.10395758e-005 
1.00000000e+000 1.40000000e+001 2.00000000e+001 2.49023365e-005 2.74002670e-005 2.16420549e-005 2.02387442e-005 1.75123326e-005 1.66949520e-005 1.63468214e-005 1.38668376e-005 1.09826553e-005 
1.00000000e+000 1.75000000e+001 2.00000000e+001 2.45706965e-005 2.70734434e-005 2.14153695e-005 2.00369571e-005 1.73594209e-005 1.65558657e-005 1.62134088e-005 1.37673372e-005 1.09139300e-005 
1.00000000e+000 2.10000000e+001 2.00000000e+001 2.42077854e-005 2.67152800e-005 2.11661449e-005 1.98146062e-005 1.71890470e-005 1.63999719e-005 1.60634340e-005 1.36529389e-005 1.08327292e-005 
1.00000000e+000 2.45000000e+001 2.00000000e+001 2.38205642e-005 2.63321729e-005 2.08975022e-005 1.95738097e-005 1.70011434e-005 1.62266091e-005 1.58960055e-005 1.35217845e-005 1.07370264e-005 
1.00000000e+000 2.80000000e+001 2.00000000e+001 2.34262906e-005 2.59382780e-005 2.06166974e-005 1.93200515e-005 1.67977633e-005 1.60369476e-005 1.57119508e-005 1.33730804e-005 1.06251895e-005 
1.00000000e+000 3.15000000e+001 2.00000000e+001 2.30209498e-005 2.55269437e-005 2.03171539e-005 1.90468122e-005 1.65727658e-005 1.58250977e-005 1.55055089e-005 1.32022156e-005 1.04940834e-005 
1.25000000e+000 0.00000000e+000 2.00000000e+001 2.08577751e-005 2.32950454e-005 1.85738498e-005 1.74191101e-005 1.51732674e-005 1.44976053e-005 1.42095213e-005 1.21382906e-005 9.70779439e-006 
1.25000000e+000 3.50000000e+000 2.00000000e+001 2.08216617e-005 2.32571207e-005 1.85462224e-005 1.73941474e-005 1.51538131e-005 1.44798250e-005 1.41924469e-005 1.21256384e-005 9.69928135e-006 
1.25000000e+000 7.00000000e+000 2.00000000e+001 2.07090982e-005 2.31414095e-005 1.84634679e-005 1.73198589e-005 1.50969004e-005 1.44281335e-005 1.41429467e-005 1.20896655e-005 9.67571202e-006 
1.25000000e+000 1.05000000e+001 2.00000000e+001 2.05265492e-005 2.29512425e-005 1.83258356e-005 1.71957149e-005 1.50003684e-005 1.43398771e-005 1.40581592e-005 1.20264189e-005 9.63251301e-006 
1.25000000e+000 1.40000000e+001 2.00000000e+001 2.02842734e-005 2.26990782e-005 1.81433637e-005 1.70311370e-005 1.48722961e-005 1.42226631e-005 1.39454818e-005 1.19418014e-005 9.57404587e-006 
1.25000000e+000 1.75000000e+001 2.00000000e+001 2.00025235e-005 2.24054855e-005 1.79310852e-005 1.68397588e-005 1.47232954e-005 1.40861239e-005 1.38141256e-005 1.18423552e-005 9.50445138e-006 
1.25000000e+000 2.10000000e+001 2.00000000e+001 1.96937521e-005 2.20835893e-005 1.76983065e-005 1.66297697e-005 1.45588778e-005 1.39348875e-005 1.36683437e-005 1.17301605e-005 9.42419191e-006 
1.25000000e+000 2.45000000e+001 2.00000000e+001 1.93644710e-005 2.17400896e-005 1.74491580e-005 1.64044424e-005 1.43802802e-005 1.37695815e-005 1.35085185e-005 1.16044170e-005 9.33196963e-006 
1.25000000e+000 2.80000000e+001 2.00000000e+001 1.90292604e-005 2.13893686e-005 1.71923394e-005 1.61708932e-005 1.41913591e-005 1.35931627e-005 1.33372474e-005 1.14658740e-005 9.22735165e-006 
1.25000000e+000 3.15000000e+001 2.00000000e+001 1.86863515e-005 2.10272951e-005 1.69230000e-005 1.59240851e-005 1.39868812e-005 1.34004640e-005 1.31494144e-005 1.13101293e-005 9.10711717e-006 
1.50000000e+000 0.00000000e+000 2.00000000e+001 1.75866966e-005 1.98826662e-005 1.59925869e-005 1.50400886e-005 1.31887590e-005 1.26300370e-005 1.23914777e-005 1.06573107e-005 8.60017283e-006 
1.50000000e+000 3.50000000e+000 2.00000000e+001 1.75555047e-005 1.98488467e-005 1.59671809e-005 1.50168805e-005 1.31701591e-005 1.26128745e-005 1.23749279e-005 1.06447242e-005 8.59145722e-006 
1.50000000e+000 7.00000000e+000 2.00000000e+001 1.74581402e-005 1.97447921e-005 1.58901445e-005 1.49468783e-005 1.31148394e-005 1.25620920e-005 1.23260715e-005 1.06081603e-005 8.56669658e-006 
1.50000000e+000 1.05000000e+001 2.00000000e+001 1.73008030e-005 1.95746332e-005 1.57630674e-005 1.48310221e-005 1.30223598e-005 1.24768156e-005 1.22438481e-005 1.05454802e-005 8.52294087e-006 
1.50000000e+000 1.40000000e+001 2.00000000e+001 1.70916307e-005 1.93487567e-005 1.55944865e-005 1.46773803e-005 1.28997843e-005 1.23637483e-005 1.21347972e-005 1.04620062e-005 8.46418469e-006 
1.50000000e+000 1.75000000e+001 2.00000000e+001 1.68481256e-005 1.90856097e-005 1.53982959e-005 1.44987043e-005 1.27573908e-005 1.22323442e-005 1.20080140e-005 1.03644588e-005 8.39486811e-006 
1.50000000e+000 2.10000000e+001 2.00000000e+001 1.65809615e-005 1.87967889e-005 1.51832083e-005 1.43028737e-005 1.26009790e-005 1.20876748e-005 1.18682541e-005 1.02556545e-005 8.31620309e-006 
1.50000000e+000 2.45000000e+001 2.00000000e+001 1.62962817e-005 1.84887622e-005 1.49537132e-005 1.40936864e-005 1.24325836e-005 1.19312067e-005 1.17167486e-005 1.01355885e-005 8.22749689e-006 
1.50000000e+000 2.80000000e+001 2.00000000e+001 1.60062735e-005 1.81751905e-005 1.47189664e-005 1.38789502e-005 1.22570877e-005 1.17669694e-005 1.15571796e-005 1.00060532e-005 8.12918807e-006 
1.50000000e+000 3.15000000e+001 2.00000000e+001 1.57103247e-005 1.78536501e-005 1.44754943e-005 1.36548821e-005 1.20701725e-005 1.15905856e-005 1.13851660e-005 9.86303644e-006 8.01815925e-006 
1.75000000e+000 0.00000000e+000 2.00000000e+001 1.51907435e-005 1.73251311e-005 1.40266551e-005 1.32188719e-005 1.16503549e-005 1.11759334e-005 1.09731573e-005 9.48615478e-006 7.70807027e-006 
1.75000000e+000 3.50000000e+000 2.00000000e+001 1.51633230e-005 1.72948044e-005 1.40033783e-005 1.31974384e-005 1.16328076e-005 1.11596193e-005 1.09573730e-005 9.47388975e-006 7.69936679e-006 
1.75000000e+000 7.00000000e+000 2.00000000e+001 1.50778123e-005 1.72009867e-005 1.39321984e-005 1.31321765e-005 1.15799972e-005 1.11107303e-005 1.09101631e-005 9.43769610e-006 7.67416743e-006 
1.75000000e+000 1.05000000e+001 2.00000000e+001 1.49400335e-005 1.70480922e-005 1.38153774e-005 1.30248016e-005 1.14924811e-005 1.10294539e-005 1.08315536e-005 9.37661031e-006 7.63064974e-006 
1.75000000e+000 1.40000000e+001 2.00000000e+001 1.47565830e-005 1.68449219e-005 1.36602738e-005 1.28823044e-005 1.13764795e-005 1.09217301e-005 1.07273565e-005 9.29544683e-006 7.57248461e-006 
1.75000000e+000 1.75000000e+001 2.00000000e+001 1.45427724e-005 1.66081044e-005 1.34796697e-005 1.27165124e-005 1.12417726e-005 1.07966470e-005 1.06063553e-005 9.20090265e-006 7.50425448e-006 
1.75000000e+000 2.10000000e+001 2.00000000e+001 1.43079461e-005 1.63479115e-005 1.32815421e-005 1.25347687e-005 1.10940914e-005 1.06593452e-005 1.04734296e-005 9.09617575e-006 7.42765102e-006 
1.75000000e+000 2.45000000e+001 2.00000000e+001 1.40579945e-005 1.60704368e-005 1.30704108e-005 1.23410441e-005 1.09359265e-005 1.05118083e-005 1.03303486e-005 8.98183714e-006 7.34246438e-006 
1.75000000e+000 2.80000000e+001 2.00000000e+001 1.38031689e-005 1.57882684e-005 1.28553616e-005 1.21433056e-005 1.07726991e-005 1.03586788e-005 1.01814321e-005 8.86037574e-006 7.24976520e-006 
1.75000000e+000 3.15000000e+001 2.00000000e+001 1.35434267e-005 1.55001315e-005 1.26339753e-005 1.19387727e-005 1.06009117e-005 1.01963212e-005 1.00230048e-005 8.72822973e-006 7.14663774e-006 
2.00000000e+000 0.00000000e+000 2.00000000e+001 1.33626885e-005 1.53396527e-005 1.24818527e-005 1.17822625e-005 1.04254049e-005 1.00143321e-005 9.83848779e-006 8.53963317e-006 6.97678791e-006 
2.00000000e+000 3.50000000e+000 2.00000000e+001 1.33382222e-005 1.53122565e-005 1.24604995e-005 1.17624837e-005 1.04089458e-005 9.99893761e-006 9.82355337e-006 8.52782149e-006 6.96823016e-006 
2.00000000e+000 7.00000000e+000 2.00000000e+001 1.32621315e-005 1.52272027e-005 1.23948071e-005 1.17018491e-005 1.03589755e-005 9.95236753e-006 9.77844819e-006 8.49255055e-006 6.94309152e-006 
2.00000000e+000 1.05000000e+001 2.00000000e+001 1.31398227e-005 1.50889584e-005 1.22873699e-005 1.16024829e-005 1.02766355e-005 9.87544842e-006 9.70386075e-006 8.43362476e-006 6.90033775e-006 
2.00000000e+000 1.40000000e+001 2.00000000e+001 1.29767617e-005 1.49050733e-005 1.21446049e-005 1.14705072e-005 1.01674429e-005 9.77347639e-006 9.60498501e-006 8.35541362e-006 6.84335051e-006 
2.00000000e+000 1.75000000e+001 2.00000000e+001 1.27864637e-005 1.46906354e-005 1.19782805e-005 1.13168744e-005 1.00406257e-005 9.65509361e-006 9.49020363e-006 8.26446985e-006 6.77674568e-006 
2.00000000e+000 2.10000000e+001 2.00000000e+001 1.25772430e-005 1.44548201e-005 1.17956533e-005 1.11483417e-005 9.90167620e-006 9.52531374e-006 9.36431594e-006 8.16415173e-006 6.70250704e-006 
2.00000000e+000 2.45000000e+001 2.00000000e+001 1.23548196e-005 1.42033520e-005 1.16011220e-005 1.09688674e-005 9.75332026e-006 9.38641990e-006 9.22941426e-006 8.05543401e-006 6.62079960e-006 
2.00000000e+000 2.80000000e+001 2.00000000e+001 1.21279321e-005 1.39476690e-005 1.14034292e-005 1.07862787e-005 9.60120702e-006 9.24336629e-006 9.09016086e-006 7.94125880e-006 6.53314918e-006 
2.00000000e+000 3.15000000e+001 2.00000000e+001 1.18967752e-005 1.36872682e-005 1.12009504e-005 1.05985780e-005 9.44253999e-006 9.09317141e-006 8.94351102e-006 7.81851379e-006 6.43688544e-006 
2.25000000e+000 0.00000000e+000 2.00000000e+001 1.19235594e-005 1.37551946e-005 1.12372413e-005 1.06213079e-005 9.42822736e-006 9.06634028e-006 8.91143333e-006 7.76021192e-006 6.36788963e-006 
2.25000000e+000 3.50000000e+000 2.00000000e+001 1.19014575e-005 1.37302583e-005 1.12175865e-005 1.06030212e-005 9.41281626e-006 9.05185683e-006 8.89735237e-006 7.74891204e-006 6.35955728e-006 
2.25000000e+000 7.00000000e+000 2.00000000e+001 1.18329957e-005 1.36526707e-005 1.11568540e-005 1.05466787e-005 9.36571753e-006 9.00772784e-006 8.85450846e-006 7.71485954e-006 6.33480151e-006 
2.25000000e+000 1.05000000e+001 2.00000000e+001 1.17231579e-005 1.35268425e-005 1.10577919e-005 1.04546152e-005 9.28841582e-006 8.93516694e-006 8.78399610e-006 7.65836448e-006 6.29314287e-006 
2.25000000e+000 1.40000000e+001 2.00000000e+001 1.15765804e-005 1.33593133e-005 1.09260495e-005 1.03322410e-005 9.18583873e-006 8.83892471e-006 8.69048359e-006 7.58340643e-006 6.23770329e-006 
2.25000000e+000 1.75000000e+001 2.00000000e+001 1.14052680e-005 1.31638593e-005 1.07724959e-005 1.01897132e-005 9.06666373e-006 8.72717682e-006 8.58192333e-006 7.49632712e-006 6.17305922e-006 
2.25000000e+000 2.10000000e+001 2.00000000e+001 1.12167101e-005 1.29487574e-005 1.06037365e-005 1.00332286e-005 8.93607435e-006 8.60471579e-006 8.46293083e-006 7.40050965e-006 6.10135784e-006 
2.25000000e+000 2.45000000e+001 2.00000000e+001 1.10165096e-005 1.27194129e-005 1.04239916e-005 9.86664413e-006 8.79689495e-006 8.47398175e-006 8.33577834e-006 7.29720414e-006 6.02304892e-006 
2.25000000e+000 2.80000000e+001 2.00000000e+001 1.08122381e-005 1.24861585e-005 1.02415279e-005 9.69748402e-006 8.65480610e-006 8.34004331e-006 8.20527417e-006 7.18963321e-006 5.93998139e-006 
2.25000000e+000 3.15000000e+001 2.00000000e+001 1.06041318e-005 1.22490082e-005 1.00553173e-005 9.52435657e-006 8.50759435e-006 8.20047673e-006 8.06891771e-006 7.07510394e-006 5.84974256e-006 
2.50000000e+000 0.00000000e+000 2.00000000e+001 1.07621612e-005 1.24624301e-005 1.02138564e-005 9.66435353e-006 8.60138620e-006 8.27869356e-006 8.14049006e-006 7.10799350e-006 5.85384351e-006 
2.50000000e+000 3.50000000e+000 2.00000000e+001 1.07419892e-005 1.24395708e-005 1.01956894e-005 9.64739365e-006 8.58695089e-006 8.26507494e-006 8.12722673e-006 7.09722114e-006 5.84578065e-006 
2.50000000e+000 7.00000000e+000 2.00000000e+001 1.06798124e-005 1.23683634e-005 1.01393741e-005 9.59494257e-006 8.54260967e-006 8.22335037e-006 8.08663793e-006 7.06452421e-006 5.82160780e-006 
2.50000000e+000 1.05000000e+001 2.00000000e+001 1.05802023e-005 1.22531075e-005 1.00477157e-005 9.50943509e-006 8.47004701e-006 8.15496756e-006 8.02006731e-006 7.01054788e-006 5.78123829e-006 
2.50000000e+000 1.40000000e+001 2.00000000e+001 1.04471892e-005 1.20995144e-005 9.92572589e-006 9.39568885e-006 8.37369192e-006 8.06421211e-006 7.93173336e-006 6.93892964e-006 5.72756074e-006 
2.50000000e+000 1.75000000e+001 2.00000000e+001 1.02914822e-005 1.19202325e-005 9.78348186e-006 9.26314993e-006 8.26169933e-006 7.95880329e-006 7.82916121e-006 6.85576750e-006 5.66506517e-006 
2.50000000e+000 2.10000000e+001 2.00000000e+001 1.01198908e-005 1.17227972e-005 9.62701990e-006 9.11750750e-006 8.13892640e-006 7.84327468e-006 7.71673667e-006 6.76438926e-006 5.59597501e-006 
2.50000000e+000 2.45000000e+001 2.00000000e+001 9.93793551e-006 1.15123511e-005 9.46037003e-006 8.96248118e-006 8.00821430e-006 7.72013298e-006 7.59681891e-006 6.66622684e-006 5.52095233e-006 
2.50000000e+000 2.80000000e+001 2.00000000e+001 9.75229153e-006 1.12982177e-005 9.29127116e-006 8.80521030e-006 7.87515146e-006 7.59443238e-006 7.47423211e-006 6.56466050e-006 5.44207011e-006 
2.50000000e+000 3.15000000e+001 2.00000000e+001 9.56311952e-006 1.10807518e-005 9.11914224e-006 8.64477051e-006 7.73800392e-006 7.46421735e-006 7.34693667e-006 6.45737510e-006 5.35716767e-006 
END